../images/test/data/Just_Images/Caucasian/Woman/m.027n6t8_0003.jpg,../images/test/data/Just_Images/Caucasian/Woman/m.027n6t8_0002.jpg,0.9338892698287964,1
../images/test/data/Just_Images/Caucasian/Man/m.016lb3_0004.jpg,../images/test/data/Just_Images/Caucasian/Man/m.016lb3_0002.jpg,0.85130774974823,1
../images/test/data/Just_Images/Caucasian/Man/m.02_4qt_0003.jpg,../images/test/data/Just_Images/Caucasian/Man/m.02_4qt_0002.jpg,0.8335058689117432,1
../images/test/data/Just_Images/Caucasian/Man/m.09g8fj_0003.jpg,../images/test/data/Just_Images/Caucasian/Man/m.09g8fj_0001.jpg,0.8984029293060303,1
../images/test/data/Just_Images/Caucasian/Woman/m.01q3xr_0001.jpg,../images/test/data/Just_Images/Caucasian/Woman/m.01q3xr_0003.jpg,0.9401477575302124,1
../images/test/data/Just_Images/Caucasian/Man/m.02pqjp_0001.jpg,../images/test/data/Just_Images/Caucasian/Man/m.02pqjp_0004.jpg,0.8885054588317871,1
../images/test/data/Just_Images/Caucasian/Woman/m.0469ym_0001.jpg,../images/test/data/Just_Images/Caucasian/Woman/m.0469ym_0002.jpg,0.8775252103805542,1
../images/test/data/Just_Images/Caucasian/Man/m.0bv8554_0002.jpg,../images/test/data/Just_Images/Caucasian/Man/m.0bv8554_0001.jpg,0.9015017151832581,1
../images/test/data/Just_Images/Caucasian/Woman/m.04ql20_0001.jpg,../images/test/data/Just_Images/Caucasian/Woman/m.04ql20_0004.jpg,0.9150670766830444,1
../images/test/data/Just_Images/Caucasian/Man/m.03vzbr_0002.jpg,../images/test/data/Just_Images/Caucasian/Man/m.03vzbr_0003.jpg,0.9099628329277039,1
../images/test/data/Just_Images/Caucasian/Man/m.01y7m1_0002.jpg,../images/test/data/Just_Images/Caucasian/Man/m.01y7m1_0003.jpg,0.8470563888549805,1
../images/test/data/Just_Images/Caucasian/Man/m.025y9fn_0004.jpg,../images/test/data/Just_Images/Caucasian/Man/m.025y9fn_0002.jpg,0.8611364960670471,1
../images/test/data/Just_Images/Caucasian/Man/m.085q5_0002.jpg,../images/test/data/Just_Images/Caucasian/Man/m.085q5_0003.jpg,0.9042355418205261,1
../images/test/data/Just_Images/Caucasian/Man/m.04_lzw_0001.jpg,../images/test/data/Just_Images/Caucasian/Man/m.04_lzw_0002.jpg,0.8649145364761353,1
../images/test/data/Just_Images/Caucasian/Man/m.0g1f7p_0004.jpg,../images/test/data/Just_Images/Caucasian/Man/m.0g1f7p_0003.jpg,0.830518901348114,1
../images/test/data/Just_Images/Caucasian/Man/m.0414hzy_0005.jpg,../images/test/data/Just_Images/Caucasian/Man/m.0414hzy_0006.jpg,0.8485923409461975,1
../images/test/data/Just_Images/Caucasian/Man/m.03byycz_0002.jpg,../images/test/data/Just_Images/Caucasian/Man/m.03byycz_0001.jpg,0.9585756659507751,1
../images/test/data/Just_Images/Caucasian/Man/m.04zvmb9_0001.jpg,../images/test/data/Just_Images/Caucasian/Man/m.04zvmb9_0002.jpg,0.8800753355026245,1
../images/test/data/Just_Images/Caucasian/Man/m.04d50l_0001.jpg,../images/test/data/Just_Images/Caucasian/Man/m.04d50l_0002.jpg,0.8768070340156555,1
../images/test/data/Just_Images/Caucasian/Man/m.0d8p05_0005.jpg,../images/test/data/Just_Images/Caucasian/Man/m.0d8p05_0001.jpg,0.8290577530860901,1
../images/test/data/Just_Images/Caucasian/Man/m.0bmp6r_0001.jpg,../images/test/data/Just_Images/Caucasian/Man/m.0bmp6r_0002.jpg,0.8807754516601562,1
../images/test/data/Just_Images/Caucasian/Man/m.062zv9_0004.jpg,../images/test/data/Just_Images/Caucasian/Man/m.062zv9_0001.jpg,0.9365251064300537,1
../images/test/data/Just_Images/Caucasian/Man/m.07t25k_0003.jpg,../images/test/data/Just_Images/Caucasian/Man/m.07t25k_0001.jpg,0.8938903212547302,1
../images/test/data/Just_Images/Caucasian/Man/m.01hk74_0003.jpg,../images/test/data/Just_Images/Caucasian/Man/m.01hk74_0001.jpg,0.9041925668716431,1
../images/test/data/Just_Images/Caucasian/Man/m.0ds2ztj_0002.jpg,../images/test/data/Just_Images/Caucasian/Man/m.0ds2ztj_0003.jpg,0.9291216731071472,1
../images/test/data/Just_Images/Caucasian/Man/m.0g5r2wh_0001.jpg,../images/test/data/Just_Images/Caucasian/Man/m.0g5r2wh_0002.jpg,0.938134491443634,1
../images/test/data/Just_Images/Caucasian/Man/m.03ysmg_0003.jpg,../images/test/data/Just_Images/Caucasian/Man/m.03ysmg_0002.jpg,0.8449691534042358,1
../images/test/data/Just_Images/Caucasian/Man/m.05h55p7_0001.jpg,../images/test/data/Just_Images/Caucasian/Man/m.05h55p7_0003.jpg,0.790294885635376,1
../images/test/data/Just_Images/Caucasian/Man/m.02k2wd_0002.jpg,../images/test/data/Just_Images/Caucasian/Man/m.02k2wd_0001.jpg,0.9036231637001038,1
../images/test/data/Just_Images/Caucasian/Woman/m.0263vl0_0002.jpg,../images/test/data/Just_Images/Caucasian/Woman/m.0263vl0_0001.jpg,0.9169913530349731,1
../images/test/data/Just_Images/Caucasian/Man/m.027s9kg_0004.jpg,../images/test/data/Just_Images/Caucasian/Man/m.027s9kg_0001.jpg,0.9319325089454651,1
../images/test/data/Just_Images/Caucasian/Woman/m.039gj2_0002.jpg,../images/test/data/Just_Images/Caucasian/Woman/m.039gj2_0003.jpg,0.9281126260757446,1
../images/test/data/Just_Images/Caucasian/Man/m.032xmd_0002.jpg,../images/test/data/Just_Images/Caucasian/Man/m.032xmd_0003.jpg,0.9071143269538879,1
../images/test/data/Just_Images/Caucasian/Man/m.0h7nkvj_0002.jpg,../images/test/data/Just_Images/Caucasian/Man/m.0h7nkvj_0001.jpg,0.9103263020515442,1
../images/test/data/Just_Images/Caucasian/Man/m.05446h_0001.jpg,../images/test/data/Just_Images/Caucasian/Man/m.05446h_0002.jpg,0.8573004603385925,1
../images/test/data/Just_Images/Caucasian/Man/m.09k4lrk_0001.jpg,../images/test/data/Just_Images/Caucasian/Man/m.09k4lrk_0002.jpg,0.9538774490356445,1
../images/test/data/Just_Images/Caucasian/Woman/m.0gtvkxj_0003.jpg,../images/test/data/Just_Images/Caucasian/Woman/m.0gtvkxj_0002.jpg,0.9279075264930725,1
../images/test/data/Just_Images/Caucasian/Woman/m.071jvk_0001.jpg,../images/test/data/Just_Images/Caucasian/Woman/m.071jvk_0003.jpg,0.8919024467468262,1
../images/test/data/Just_Images/Caucasian/Woman/m.01nmf8f_0002.jpg,../images/test/data/Just_Images/Caucasian/Woman/m.01nmf8f_0003.jpg,0.8927546739578247,1
../images/test/data/Just_Images/Caucasian/Man/m.029ycx_0004.jpg,../images/test/data/Just_Images/Caucasian/Man/m.029ycx_0001.jpg,0.854977011680603,1
../images/test/data/Just_Images/Caucasian/Man/m.03hj_2f_0002.jpg,../images/test/data/Just_Images/Caucasian/Man/m.03hj_2f_0003.jpg,0.9540199637413025,1
../images/test/data/Just_Images/Caucasian/Man/m.041fqg_0002.jpg,../images/test/data/Just_Images/Caucasian/Man/m.041fqg_0004.jpg,0.8836169242858887,1
../images/test/data/Just_Images/Caucasian/Man/m.02rrb2n_0002.jpg,../images/test/data/Just_Images/Caucasian/Man/m.02rrb2n_0003.jpg,0.9559177160263062,1
../images/test/data/Just_Images/Caucasian/Man/m.07gl0v_0002.jpg,../images/test/data/Just_Images/Caucasian/Man/m.07gl0v_0001.jpg,0.9254410266876221,1
../images/test/data/Just_Images/Caucasian/Man/m.026hsbg_0003.jpg,../images/test/data/Just_Images/Caucasian/Man/m.026hsbg_0002.jpg,0.8757860660552979,1
../images/test/data/Just_Images/Caucasian/Man/m.044nz5_0001.jpg,../images/test/data/Just_Images/Caucasian/Man/m.044nz5_0004.jpg,0.8260984420776367,1
../images/test/data/Just_Images/Caucasian/Man/m.03tn2x_0002.jpg,../images/test/data/Just_Images/Caucasian/Man/m.03tn2x_0003.jpg,0.8498564958572388,1
../images/test/data/Just_Images/Caucasian/Man/m.04t04m_0004.jpg,../images/test/data/Just_Images/Caucasian/Man/m.04t04m_0002.jpg,0.8638529777526855,1
../images/test/data/Just_Images/Caucasian/Man/m.013zs9_0003.jpg,../images/test/data/Just_Images/Caucasian/Man/m.013zs9_0002.jpg,0.9110382199287415,1
../images/test/data/Just_Images/Caucasian/Man/m.0g5t3dq_0001.jpg,../images/test/data/Just_Images/Caucasian/Man/m.0g5t3dq_0002.jpg,0.8952910900115967,1
../images/test/data/Just_Images/Caucasian/Woman/m.0ktchz_0002.jpg,../images/test/data/Just_Images/Caucasian/Woman/m.0ktchz_0001.jpg,0.8603978753089905,1
../images/test/data/Just_Images/Caucasian/Woman/m.01s6yx4_0001.jpg,../images/test/data/Just_Images/Caucasian/Woman/m.01s6yx4_0002.jpg,0.9564560055732727,1
../images/test/data/Just_Images/Caucasian/Man/m.073bb_0002.jpg,../images/test/data/Just_Images/Caucasian/Man/m.073bb_0003.jpg,0.856662392616272,1
../images/test/data/Just_Images/Caucasian/Man/m.03c1tnc_0003.jpg,../images/test/data/Just_Images/Caucasian/Man/m.03c1tnc_0002.jpg,0.9405794739723206,1
../images/test/data/Just_Images/Caucasian/Man/m.04nktq_0001.jpg,../images/test/data/Just_Images/Caucasian/Man/m.04nktq_0002.jpg,0.6675459146499634,1
../images/test/data/Just_Images/Caucasian/Man/m.03d69__0004.jpg,../images/test/data/Just_Images/Caucasian/Man/m.03d69__0002.jpg,0.8974645137786865,1
../images/test/data/Just_Images/Caucasian/Man/m.0280hpj_0003.jpg,../images/test/data/Just_Images/Caucasian/Man/m.0280hpj_0002.jpg,0.8746156692504883,1
../images/test/data/Just_Images/Caucasian/Woman/m.028x00_0003.jpg,../images/test/data/Just_Images/Caucasian/Woman/m.028x00_0002.jpg,0.8901900053024292,1
../images/test/data/Just_Images/Caucasian/Man/m.01jscz_0004.jpg,../images/test/data/Just_Images/Caucasian/Man/m.01jscz_0002.jpg,0.8849843740463257,1
../images/test/data/Just_Images/Caucasian/Man/m.0164nb_0001.jpg,../images/test/data/Just_Images/Caucasian/Man/m.0164nb_0002.jpg,0.8630759716033936,1
../images/test/data/Just_Images/Caucasian/Woman/m.07kc_pq_0003.jpg,../images/test/data/Just_Images/Caucasian/Woman/m.07kc_pq_0004.jpg,0.8108820915222168,1
../images/test/data/Just_Images/Caucasian/Man/m.03w4j4_0005.jpg,../images/test/data/Just_Images/Caucasian/Man/m.03w4j4_0003.jpg,0.9014418125152588,1
../images/test/data/Just_Images/Caucasian/Man/m.0ffsy__0003.jpg,../images/test/data/Just_Images/Caucasian/Man/m.0ffsy__0002.jpg,0.8596128225326538,1
../images/test/data/Just_Images/Caucasian/Man/m.04wp2p_0002.jpg,../images/test/data/Just_Images/Caucasian/Man/m.04wp2p_0001.jpg,0.892123281955719,1
../images/test/data/Just_Images/Caucasian/Man/m.0f8hcx_0003.jpg,../images/test/data/Just_Images/Caucasian/Man/m.0f8hcx_0001.jpg,0.8480072617530823,1
../images/test/data/Just_Images/Caucasian/Man/m.0g6h64_0004.jpg,../images/test/data/Just_Images/Caucasian/Man/m.0g6h64_0003.jpg,0.8908457159996033,1
../images/test/data/Just_Images/Caucasian/Man/m.0262jy__0003.jpg,../images/test/data/Just_Images/Caucasian/Man/m.0262jy__0001.jpg,0.8941522836685181,1
../images/test/data/Just_Images/Caucasian/Man/m.0c2d0__0001.jpg,../images/test/data/Just_Images/Caucasian/Man/m.0c2d0__0003.jpg,0.9068769812583923,1
../images/test/data/Just_Images/Caucasian/Man/m.0b39c3_0003.jpg,../images/test/data/Just_Images/Caucasian/Man/m.0b39c3_0002.jpg,0.8860213756561279,1
../images/test/data/Just_Images/Caucasian/Man/m.02q6n5_0003.jpg,../images/test/data/Just_Images/Caucasian/Man/m.02q6n5_0002.jpg,0.8312647938728333,1
../images/test/data/Just_Images/Caucasian/Man/m.0glh8m_0001.jpg,../images/test/data/Just_Images/Caucasian/Man/m.0glh8m_0002.jpg,0.7842717170715332,1
../images/test/data/Just_Images/Caucasian/Man/m.0337cj_0002.jpg,../images/test/data/Just_Images/Caucasian/Man/m.0337cj_0001.jpg,0.9469167590141296,1
../images/test/data/Just_Images/Caucasian/Man/m.037pnm_0002.jpg,../images/test/data/Just_Images/Caucasian/Man/m.037pnm_0003.jpg,0.9322271347045898,1
../images/test/data/Just_Images/Caucasian/Man/m.0gx_3lk_0003.jpg,../images/test/data/Just_Images/Caucasian/Man/m.0gx_3lk_0002.jpg,0.8725726008415222,1
../images/test/data/Just_Images/Caucasian/Man/m.0by0_l4_0002.jpg,../images/test/data/Just_Images/Caucasian/Man/m.0by0_l4_0001.jpg,0.9187567234039307,1
../images/test/data/Just_Images/Caucasian/Woman/m.0280ttg_0003.jpg,../images/test/data/Just_Images/Caucasian/Woman/m.0280ttg_0004.jpg,0.919861912727356,1
../images/test/data/Just_Images/Caucasian/Man/m.0fqbpxl_0001.jpg,../images/test/data/Just_Images/Caucasian/Man/m.0fqbpxl_0002.jpg,0.8891345262527466,1
../images/test/data/Just_Images/Caucasian/Woman/m.0j2942k_0001.jpg,../images/test/data/Just_Images/Caucasian/Woman/m.0j2942k_0004.jpg,0.8962775468826294,1
../images/test/data/Just_Images/Caucasian/Woman/m.0698rn_0005.jpg,../images/test/data/Just_Images/Caucasian/Woman/m.0698rn_0004.jpg,0.8838226199150085,1
../images/test/data/Just_Images/Caucasian/Man/m.03d98y_0001.jpg,../images/test/data/Just_Images/Caucasian/Man/m.03d98y_0004.jpg,0.8631762266159058,1
../images/test/data/Just_Images/Caucasian/Man/m.0cc9vjb_0004.jpg,../images/test/data/Just_Images/Caucasian/Man/m.0cc9vjb_0003.jpg,0.9608612656593323,1
../images/test/data/Just_Images/Caucasian/Man/m.04d52g_0004.jpg,../images/test/data/Just_Images/Caucasian/Man/m.04d52g_0002.jpg,0.9380694031715393,1
../images/test/data/Just_Images/Caucasian/Woman/m.02q4m8z_0002.jpg,../images/test/data/Just_Images/Caucasian/Woman/m.02q4m8z_0004.jpg,0.8981583118438721,1
../images/test/data/Just_Images/Caucasian/Man/m.049fxsr_0003.jpg,../images/test/data/Just_Images/Caucasian/Man/m.049fxsr_0001.jpg,0.9082491397857666,1
../images/test/data/Just_Images/Caucasian/Man/m.05ds_4_0001.jpg,../images/test/data/Just_Images/Caucasian/Man/m.05ds_4_0004.jpg,0.7692524194717407,1
../images/test/data/Just_Images/Caucasian/Man/m.09qfyt_0002.jpg,../images/test/data/Just_Images/Caucasian/Man/m.09qfyt_0001.jpg,0.8894723057746887,1
../images/test/data/Just_Images/Caucasian/Man/m.0dgzl__0002.jpg,../images/test/data/Just_Images/Caucasian/Man/m.0dgzl__0003.jpg,0.9078966975212097,1
../images/test/data/Just_Images/Caucasian/Man/m.09tf4y_0003.jpg,../images/test/data/Just_Images/Caucasian/Man/m.09tf4y_0001.jpg,0.94089674949646,1
../images/test/data/Just_Images/Caucasian/Man/m.043qpbf_0002.jpg,../images/test/data/Just_Images/Caucasian/Man/m.043qpbf_0001.jpg,0.9100070595741272,1
../images/test/data/Just_Images/Caucasian/Man/m.0c2qjg_0004.jpg,../images/test/data/Just_Images/Caucasian/Man/m.0c2qjg_0001.jpg,0.9601517915725708,1
../images/test/data/Just_Images/Caucasian/Woman/m.02qpsms_0002.jpg,../images/test/data/Just_Images/Caucasian/Woman/m.02qpsms_0001.jpg,0.9190798401832581,1
../images/test/data/Just_Images/Caucasian/Man/m.0g5xld_0003.jpg,../images/test/data/Just_Images/Caucasian/Man/m.0g5xld_0001.jpg,0.8886882066726685,1
../images/test/data/Just_Images/Caucasian/Man/m.0b4kj5_0004.jpg,../images/test/data/Just_Images/Caucasian/Man/m.0b4kj5_0002.jpg,0.8127834796905518,1
../images/test/data/Just_Images/Caucasian/Woman/m.06w2nm_0002.jpg,../images/test/data/Just_Images/Caucasian/Woman/m.06w2nm_0003.jpg,0.9390405416488647,1
../images/test/data/Just_Images/Caucasian/Man/m.01rf_w_0001.jpg,../images/test/data/Just_Images/Caucasian/Man/m.01rf_w_0003.jpg,0.8935378789901733,1
../images/test/data/Just_Images/Caucasian/Woman/m.0gchs9h_0001.jpg,../images/test/data/Just_Images/Caucasian/Woman/m.0gchs9h_0004.jpg,0.8921438455581665,1
../images/test/data/Just_Images/Caucasian/Woman/m.024t6x_0003.jpg,../images/test/data/Just_Images/Caucasian/Woman/m.024t6x_0001.jpg,0.8789702653884888,1
../images/test/data/Just_Images/Caucasian/Man/m.040rjq_0003.jpg,../images/test/data/Just_Images/Caucasian/Man/m.040rjq_0001.jpg,0.9325238466262817,1
../images/test/data/Just_Images/Caucasian/Man/m.0gc5b1t_0003.jpg,../images/test/data/Just_Images/Caucasian/Man/m.0gc5b1t_0001.jpg,0.8531157970428467,1
../images/test/data/Just_Images/Caucasian/Man/m.01df1y_0001.jpg,../images/test/data/Just_Images/Caucasian/Man/m.01df1y_0003.jpg,0.9469841718673706,1
../images/test/data/Just_Images/Caucasian/Man/m.027hr9k_0001.jpg,../images/test/data/Just_Images/Caucasian/Man/m.027hr9k_0003.jpg,0.9246888160705566,1
../images/test/data/Just_Images/Caucasian/Woman/m.02x5l1s_0003.jpg,../images/test/data/Just_Images/Caucasian/Woman/m.02x5l1s_0002.jpg,0.8732726573944092,1
../images/test/data/Just_Images/Caucasian/Woman/m.01cy59_0002.jpg,../images/test/data/Just_Images/Caucasian/Woman/m.01cy59_0004.jpg,0.8647325038909912,1
../images/test/data/Just_Images/Caucasian/Woman/m.0bwfrk7_0002.jpg,../images/test/data/Just_Images/Caucasian/Woman/m.0bwfrk7_0004.jpg,0.8683754205703735,1
../images/test/data/Just_Images/Caucasian/Man/m.04f4pzm_0002.jpg,../images/test/data/Just_Images/Caucasian/Man/m.04f4pzm_0001.jpg,0.8487653136253357,1
../images/test/data/Just_Images/Caucasian/Man/m.01khg3_0001.jpg,../images/test/data/Just_Images/Caucasian/Man/m.01khg3_0002.jpg,0.858504593372345,1
../images/test/data/Just_Images/Caucasian/Man/m.02r84d_0001.jpg,../images/test/data/Just_Images/Caucasian/Man/m.02r84d_0002.jpg,0.8548673987388611,1
../images/test/data/Just_Images/Caucasian/Woman/m.07p8hz_0003.jpg,../images/test/data/Just_Images/Caucasian/Woman/m.07p8hz_0001.jpg,0.9383181929588318,1
../images/test/data/Just_Images/Caucasian/Man/m.03wbs6t_0002.jpg,../images/test/data/Just_Images/Caucasian/Man/m.03wbs6t_0005.jpg,0.911098837852478,1
../images/test/data/Just_Images/Caucasian/Man/m.038pl3_0003.jpg,../images/test/data/Just_Images/Caucasian/Man/m.038pl3_0001.jpg,0.8466886878013611,1
../images/test/data/Just_Images/Caucasian/Woman/m.0cc6nc_0001.jpg,../images/test/data/Just_Images/Caucasian/Woman/m.0cc6nc_0003.jpg,0.9035596251487732,1
../images/test/data/Just_Images/Caucasian/Man/m.01vjqdw_0002.jpg,../images/test/data/Just_Images/Caucasian/Man/m.01vjqdw_0001.jpg,0.7474566698074341,1
../images/test/data/Just_Images/Caucasian/Man/m.029h0g_0001.jpg,../images/test/data/Just_Images/Caucasian/Man/m.029h0g_0002.jpg,0.9076068997383118,1
../images/test/data/Just_Images/Caucasian/Man/m.0ftrkg_0003.jpg,../images/test/data/Just_Images/Caucasian/Man/m.0ftrkg_0001.jpg,0.868045449256897,1
../images/test/data/Just_Images/Caucasian/Man/m.06hvqk_0003.jpg,../images/test/data/Just_Images/Caucasian/Man/m.06hvqk_0002.jpg,0.8500411510467529,1
../images/test/data/Just_Images/Caucasian/Man/m.047mvxn_0003.jpg,../images/test/data/Just_Images/Caucasian/Man/m.047mvxn_0001.jpg,0.937328577041626,1
../images/test/data/Just_Images/Caucasian/Man/m.08lgdv_0002.jpg,../images/test/data/Just_Images/Caucasian/Man/m.08lgdv_0003.jpg,0.898906946182251,1
../images/test/data/Just_Images/Caucasian/Man/m.02jw08_0001.jpg,../images/test/data/Just_Images/Caucasian/Man/m.02jw08_0002.jpg,0.8015967607498169,1
../images/test/data/Just_Images/Caucasian/Man/m.01lb3wy_0002.jpg,../images/test/data/Just_Images/Caucasian/Man/m.01lb3wy_0004.jpg,0.8394935131072998,1
../images/test/data/Just_Images/Caucasian/Man/m.09csnn_0001.jpg,../images/test/data/Just_Images/Caucasian/Man/m.09csnn_0002.jpg,0.884475588798523,1
../images/test/data/Just_Images/Caucasian/Man/m.01x_s2_0001.jpg,../images/test/data/Just_Images/Caucasian/Man/m.01x_s2_0005.jpg,0.911149263381958,1
../images/test/data/Just_Images/Caucasian/Woman/m.0bgfln_0001.jpg,../images/test/data/Just_Images/Caucasian/Woman/m.0bgfln_0002.jpg,0.9394322037696838,1
../images/test/data/Just_Images/Caucasian/Man/m.0c2213_0002.jpg,../images/test/data/Just_Images/Caucasian/Man/m.0c2213_0003.jpg,0.8678505420684814,1
../images/test/data/Just_Images/Caucasian/Man/m.02jh6x_0004.jpg,../images/test/data/Just_Images/Caucasian/Man/m.02jh6x_0002.jpg,0.8399561643600464,1
../images/test/data/Just_Images/Caucasian/Man/m.05ng1h_0003.jpg,../images/test/data/Just_Images/Caucasian/Man/m.05ng1h_0001.jpg,0.8064697980880737,1
../images/test/data/Just_Images/Caucasian/Man/m.05s_gqc_0004.jpg,../images/test/data/Just_Images/Caucasian/Man/m.05s_gqc_0002.jpg,0.8823378086090088,1
../images/test/data/Just_Images/Caucasian/Man/m.02k8l0_0003.jpg,../images/test/data/Just_Images/Caucasian/Man/m.02k8l0_0002.jpg,0.8742640614509583,1
../images/test/data/Just_Images/Caucasian/Woman/m.04ng7m_0003.jpg,../images/test/data/Just_Images/Caucasian/Woman/m.04ng7m_0002.jpg,0.9375201463699341,1
../images/test/data/Just_Images/Caucasian/Man/m.02xpkw_0003.jpg,../images/test/data/Just_Images/Caucasian/Man/m.02xpkw_0001.jpg,0.918147087097168,1
../images/test/data/Just_Images/Caucasian/Man/m.08mxlb_0002.jpg,../images/test/data/Just_Images/Caucasian/Man/m.08mxlb_0001.jpg,0.6904695630073547,1
../images/test/data/Just_Images/Caucasian/Man/m.01w0kw4_0002.jpg,../images/test/data/Just_Images/Caucasian/Man/m.01w0kw4_0001.jpg,0.8639122247695923,1
../images/test/data/Just_Images/Caucasian/Man/m.04bx6w_0003.jpg,../images/test/data/Just_Images/Caucasian/Man/m.04bx6w_0001.jpg,0.8544000387191772,1
../images/test/data/Just_Images/Caucasian/Man/m.03lnl9_0001.jpg,../images/test/data/Just_Images/Caucasian/Man/m.03lnl9_0002.jpg,0.9283183813095093,1
../images/test/data/Just_Images/Caucasian/Man/m.09377v_0001.jpg,../images/test/data/Just_Images/Caucasian/Man/m.09377v_0003.jpg,0.7520561218261719,1
../images/test/data/Just_Images/Caucasian/Man/m.05rsgd_0002.jpg,../images/test/data/Just_Images/Caucasian/Man/m.05rsgd_0003.jpg,0.8577326536178589,1
../images/test/data/Just_Images/Caucasian/Man/m.026589t_0003.jpg,../images/test/data/Just_Images/Caucasian/Man/m.026589t_0001.jpg,0.9026428461074829,1
../images/test/data/Just_Images/Caucasian/Man/m.04pck2_0003.jpg,../images/test/data/Just_Images/Caucasian/Man/m.04pck2_0002.jpg,0.9022626876831055,1
../images/test/data/Just_Images/Caucasian/Woman/m.05fwmt_0003.jpg,../images/test/data/Just_Images/Caucasian/Woman/m.05fwmt_0002.jpg,0.862596333026886,1
../images/test/data/Just_Images/Caucasian/Man/m.06kjz6_0003.jpg,../images/test/data/Just_Images/Caucasian/Man/m.06kjz6_0002.jpg,0.8951753377914429,1
../images/test/data/Just_Images/Caucasian/Man/m.039wng_0002.jpg,../images/test/data/Just_Images/Caucasian/Man/m.039wng_0001.jpg,0.8819394111633301,1
../images/test/data/Just_Images/Caucasian/Man/m.01t91vg_0002.jpg,../images/test/data/Just_Images/Caucasian/Man/m.01t91vg_0004.jpg,0.8390188813209534,1
../images/test/data/Just_Images/Caucasian/Man/m.09t22c_0002.jpg,../images/test/data/Just_Images/Caucasian/Man/m.09t22c_0001.jpg,0.8313324451446533,1
../images/test/data/Just_Images/Caucasian/Man/m.0958tt_0001.jpg,../images/test/data/Just_Images/Caucasian/Man/m.0958tt_0002.jpg,0.8504066467285156,1
../images/test/data/Just_Images/Caucasian/Man/m.02lzhf_0003.jpg,../images/test/data/Just_Images/Caucasian/Man/m.02lzhf_0001.jpg,0.89080810546875,1
../images/test/data/Just_Images/Caucasian/Man/m.08t4d6_0001.jpg,../images/test/data/Just_Images/Caucasian/Man/m.08t4d6_0002.jpg,0.9214206337928772,1
../images/test/data/Just_Images/Caucasian/Man/m.0fz9m7_0002.jpg,../images/test/data/Just_Images/Caucasian/Man/m.0fz9m7_0003.jpg,0.8449053764343262,1
../images/test/data/Just_Images/Caucasian/Man/m.06t59s_0002.jpg,../images/test/data/Just_Images/Caucasian/Man/m.06t59s_0001.jpg,0.8325932025909424,1
../images/test/data/Just_Images/Caucasian/Man/m.056dz5_0001.jpg,../images/test/data/Just_Images/Caucasian/Man/m.056dz5_0003.jpg,0.8980156183242798,1
../images/test/data/Just_Images/Caucasian/Man/m.02qck3r_0003.jpg,../images/test/data/Just_Images/Caucasian/Man/m.02qck3r_0001.jpg,0.871826171875,1
../images/test/data/Just_Images/Caucasian/Woman/m.03d8_4b_0002.jpg,../images/test/data/Just_Images/Caucasian/Woman/m.03d8_4b_0001.jpg,0.9158968925476074,1
../images/test/data/Just_Images/Caucasian/Man/m.01d5vk_0001.jpg,../images/test/data/Just_Images/Caucasian/Man/m.01d5vk_0005.jpg,0.9124830961227417,1
../images/test/data/Just_Images/Caucasian/Man/m.0bctcv_0004.jpg,../images/test/data/Just_Images/Caucasian/Man/m.0bctcv_0002.jpg,0.9198144674301147,1
../images/test/data/Just_Images/Caucasian/Man/m.06hwyx_0003.jpg,../images/test/data/Just_Images/Caucasian/Man/m.06hwyx_0001.jpg,0.8817540407180786,1
../images/test/data/Just_Images/Caucasian/Man/m.04rv1f_0001.jpg,../images/test/data/Just_Images/Caucasian/Man/m.04rv1f_0003.jpg,0.7871383428573608,1
../images/test/data/Just_Images/Caucasian/Man/m.08mq10_0001.jpg,../images/test/data/Just_Images/Caucasian/Man/m.08mq10_0003.jpg,0.8805147409439087,1
../images/test/data/Just_Images/Caucasian/Man/m.0d0_7q_0004.jpg,../images/test/data/Just_Images/Caucasian/Man/m.0d0_7q_0005.jpg,0.9067328572273254,1
../images/test/data/Just_Images/Caucasian/Man/m.026kgl6_0002.jpg,../images/test/data/Just_Images/Caucasian/Man/m.026kgl6_0003.jpg,0.886388897895813,1
../images/test/data/Just_Images/Caucasian/Man/m.04vq3y_0002.jpg,../images/test/data/Just_Images/Caucasian/Man/m.04vq3y_0003.jpg,0.9038891196250916,1
../images/test/data/Just_Images/Caucasian/Man/m.0292lw_0001.jpg,../images/test/data/Just_Images/Caucasian/Man/m.0292lw_0003.jpg,0.9371370077133179,1
../images/test/data/Just_Images/Caucasian/Man/m.026jfvc_0004.jpg,../images/test/data/Just_Images/Caucasian/Man/m.026jfvc_0001.jpg,0.7388601303100586,1
../images/test/data/Just_Images/Caucasian/Man/m.084w8_0002.jpg,../images/test/data/Just_Images/Caucasian/Man/m.084w8_0001.jpg,0.8445849418640137,1
../images/test/data/Just_Images/Caucasian/Man/m.0sw4nqr_0002.jpg,../images/test/data/Just_Images/Caucasian/Man/m.0sw4nqr_0003.jpg,0.8928471803665161,1
../images/test/data/Just_Images/Caucasian/Woman/m.0gty66v_0003.jpg,../images/test/data/Just_Images/Caucasian/Woman/m.0gty66v_0004.jpg,0.9629104137420654,1
../images/test/data/Just_Images/Caucasian/Man/m.03bl43_0002.jpg,../images/test/data/Just_Images/Caucasian/Man/m.03bl43_0001.jpg,0.9154831767082214,1
../images/test/data/Just_Images/Caucasian/Man/m.027q3qg_0001.jpg,../images/test/data/Just_Images/Caucasian/Man/m.027q3qg_0004.jpg,0.8619463443756104,1
../images/test/data/Just_Images/Caucasian/Man/m.0glhpr_0002.jpg,../images/test/data/Just_Images/Caucasian/Man/m.0glhpr_0001.jpg,0.8954062461853027,1
../images/test/data/Just_Images/Caucasian/Man/m.04lnbk_0002.jpg,../images/test/data/Just_Images/Caucasian/Man/m.04lnbk_0001.jpg,0.8505814671516418,1
../images/test/data/Just_Images/Caucasian/Woman/m.05mw28f_0003.jpg,../images/test/data/Just_Images/Caucasian/Woman/m.05mw28f_0004.jpg,0.9527939558029175,1
../images/test/data/Just_Images/Caucasian/Man/m.03rs5f_0001.jpg,../images/test/data/Just_Images/Caucasian/Man/m.03rs5f_0003.jpg,0.9058802723884583,1
../images/test/data/Just_Images/Caucasian/Man/m.029m83_0002.jpg,../images/test/data/Just_Images/Caucasian/Man/m.029m83_0001.jpg,0.9007464647293091,1
../images/test/data/Just_Images/Caucasian/Man/m.0h3t5zv_0003.jpg,../images/test/data/Just_Images/Caucasian/Man/m.0h3t5zv_0001.jpg,0.7754994630813599,1
../images/test/data/Just_Images/Caucasian/Man/m.02q7qjn_0001.jpg,../images/test/data/Just_Images/Caucasian/Man/m.02q7qjn_0003.jpg,0.9052370190620422,1
../images/test/data/Just_Images/Caucasian/Man/m.02r2043_0004.jpg,../images/test/data/Just_Images/Caucasian/Man/m.02r2043_0001.jpg,0.8875312209129333,1
../images/test/data/Just_Images/Caucasian/Woman/m.0gxv69_0004.jpg,../images/test/data/Just_Images/Caucasian/Woman/m.0gxv69_0002.jpg,0.94074547290802,1
../images/test/data/Just_Images/Caucasian/Man/m.01vr20_0001.jpg,../images/test/data/Just_Images/Caucasian/Man/m.01vr20_0003.jpg,0.9006198644638062,1
../images/test/data/Just_Images/Caucasian/Man/m.05y4f__0001.jpg,../images/test/data/Just_Images/Caucasian/Man/m.05y4f__0003.jpg,0.8703128099441528,1
../images/test/data/Just_Images/Caucasian/Man/m.0g1xc3_0001.jpg,../images/test/data/Just_Images/Caucasian/Man/m.0g1xc3_0003.jpg,0.9310301542282104,1
../images/test/data/Just_Images/Caucasian/Man/m.039591_0002.jpg,../images/test/data/Just_Images/Caucasian/Man/m.039591_0004.jpg,0.8494642972946167,1
../images/test/data/Just_Images/Caucasian/Woman/m.0gbmd2h_0003.jpg,../images/test/data/Just_Images/Caucasian/Woman/m.0gbmd2h_0001.jpg,0.9218271970748901,1
../images/test/data/Just_Images/Caucasian/Woman/m.02ptt4__0003.jpg,../images/test/data/Just_Images/Caucasian/Woman/m.02ptt4__0001.jpg,0.9320944547653198,1
../images/test/data/Just_Images/Caucasian/Man/m.02vsjy0_0005.jpg,../images/test/data/Just_Images/Caucasian/Man/m.02vsjy0_0001.jpg,0.9096826314926147,1
../images/test/data/Just_Images/Caucasian/Man/m.0b5jqz_0001.jpg,../images/test/data/Just_Images/Caucasian/Man/m.0b5jqz_0004.jpg,0.9178085923194885,1
../images/test/data/Just_Images/Caucasian/Man/m.025mv6_0001.jpg,../images/test/data/Just_Images/Caucasian/Man/m.025mv6_0004.jpg,0.8680698871612549,1
../images/test/data/Just_Images/Caucasian/Man/m.05ppy0_0003.jpg,../images/test/data/Just_Images/Caucasian/Man/m.05ppy0_0002.jpg,0.9127027988433838,1
../images/test/data/Just_Images/Caucasian/Man/m.063_stg_0003.jpg,../images/test/data/Just_Images/Caucasian/Man/m.063_stg_0001.jpg,0.8734269738197327,1
../images/test/data/Just_Images/Caucasian/Man/m.04vj9z_0002.jpg,../images/test/data/Just_Images/Caucasian/Man/m.04vj9z_0001.jpg,0.9071296453475952,1
../images/test/data/Just_Images/Caucasian/Man/m.09qbn3_0002.jpg,../images/test/data/Just_Images/Caucasian/Man/m.09qbn3_0003.jpg,0.9082751274108887,1
../images/test/data/Just_Images/Caucasian/Man/m.03hzrkc_0003.jpg,../images/test/data/Just_Images/Caucasian/Man/m.03hzrkc_0002.jpg,0.9358533024787903,1
../images/test/data/Just_Images/Caucasian/Man/m.01_gcy_0001.jpg,../images/test/data/Just_Images/Caucasian/Man/m.01_gcy_0004.jpg,0.8242398500442505,1
../images/test/data/Just_Images/Caucasian/Man/m.09cpvg_0001.jpg,../images/test/data/Just_Images/Caucasian/Man/m.09cpvg_0003.jpg,0.8912922143936157,1
../images/test/data/Just_Images/Caucasian/Man/m.02prdgw_0003.jpg,../images/test/data/Just_Images/Caucasian/Man/m.02prdgw_0001.jpg,0.786685585975647,1
../images/test/data/Just_Images/Caucasian/Man/m.0kry2z_0002.jpg,../images/test/data/Just_Images/Caucasian/Man/m.0kry2z_0004.jpg,0.9017010927200317,1
../images/test/data/Just_Images/Caucasian/Man/m.02r_bmd_0002.jpg,../images/test/data/Just_Images/Caucasian/Man/m.02r_bmd_0001.jpg,0.833480954170227,1
../images/test/data/Just_Images/Caucasian/Man/m.01ljk0w_0003.jpg,../images/test/data/Just_Images/Caucasian/Man/m.01ljk0w_0002.jpg,0.8219587206840515,1
../images/test/data/Just_Images/Caucasian/Man/m.08prq0_0001.jpg,../images/test/data/Just_Images/Caucasian/Man/m.08prq0_0003.jpg,0.8890404105186462,1
../images/test/data/Just_Images/Caucasian/Man/m.06_r3f_0003.jpg,../images/test/data/Just_Images/Caucasian/Man/m.06_r3f_0004.jpg,0.7049195766448975,1
../images/test/data/Just_Images/Caucasian/Man/m.01w2hnz_0002.jpg,../images/test/data/Just_Images/Caucasian/Man/m.01w2hnz_0001.jpg,0.8209163546562195,1
../images/test/data/Just_Images/Caucasian/Man/m.07rzfx_0001.jpg,../images/test/data/Just_Images/Caucasian/Man/m.07rzfx_0004.jpg,0.9385361671447754,1
../images/test/data/Just_Images/Caucasian/Man/m.05r9vf_0004.jpg,../images/test/data/Just_Images/Caucasian/Man/m.05r9vf_0002.jpg,0.871314287185669,1
../images/test/data/Just_Images/Caucasian/Man/m.0268q6h_0001.jpg,../images/test/data/Just_Images/Caucasian/Man/m.0268q6h_0004.jpg,0.8662075996398926,1
../images/test/data/Just_Images/Caucasian/Man/m.05vssg_0003.jpg,../images/test/data/Just_Images/Caucasian/Man/m.05vssg_0002.jpg,0.8485447764396667,1
../images/test/data/Just_Images/Caucasian/Man/m.01p4r3_0003.jpg,../images/test/data/Just_Images/Caucasian/Man/m.01p4r3_0002.jpg,0.8870934247970581,1
../images/test/data/Just_Images/Caucasian/Woman/m.01pvywj_0001.jpg,../images/test/data/Just_Images/Caucasian/Woman/m.01pvywj_0003.jpg,0.8524409532546997,1
../images/test/data/Just_Images/Caucasian/Man/m.04lc5t_0001.jpg,../images/test/data/Just_Images/Caucasian/Man/m.04lc5t_0003.jpg,0.8876798152923584,1
../images/test/data/Just_Images/Caucasian/Woman/m.039g9y_0003.jpg,../images/test/data/Just_Images/Caucasian/Woman/m.039g9y_0002.jpg,0.8441578149795532,1
../images/test/data/Just_Images/Caucasian/Man/m.0ch35dv_0003.jpg,../images/test/data/Just_Images/Caucasian/Man/m.0ch35dv_0004.jpg,0.8980088233947754,1
../images/test/data/Just_Images/Caucasian/Man/m.082857_0001.jpg,../images/test/data/Just_Images/Caucasian/Man/m.082857_0003.jpg,0.8967517018318176,1
../images/test/data/Just_Images/Caucasian/Man/m.04c2ft_0002.jpg,../images/test/data/Just_Images/Caucasian/Man/m.04c2ft_0001.jpg,0.9494998455047607,1
../images/test/data/Just_Images/Caucasian/Man/m.0512c1_0001.jpg,../images/test/data/Just_Images/Caucasian/Man/m.0512c1_0002.jpg,0.8635247945785522,1
../images/test/data/Just_Images/Caucasian/Woman/m.05thxp_0001.jpg,../images/test/data/Just_Images/Caucasian/Woman/m.05thxp_0002.jpg,0.9452801942825317,1
../images/test/data/Just_Images/Caucasian/Man/m.0fgwhq_0003.jpg,../images/test/data/Just_Images/Caucasian/Man/m.0fgwhq_0001.jpg,0.9323668479919434,1
../images/test/data/Just_Images/Caucasian/Woman/m.0k4015_0002.jpg,../images/test/data/Just_Images/Caucasian/Woman/m.0k4015_0004.jpg,0.7598696351051331,1
../images/test/data/Just_Images/Caucasian/Man/m.01kmdn_0003.jpg,../images/test/data/Just_Images/Caucasian/Man/m.01kmdn_0001.jpg,0.7281264066696167,1
../images/test/data/Just_Images/Caucasian/Man/m.09s5w4_0002.jpg,../images/test/data/Just_Images/Caucasian/Man/m.09s5w4_0001.jpg,0.8963196873664856,1
../images/test/data/Just_Images/Caucasian/Man/m.02pynw8_0001.jpg,../images/test/data/Just_Images/Caucasian/Man/m.02pynw8_0002.jpg,0.903042197227478,1
../images/test/data/Just_Images/Caucasian/Man/m.01kdft_0001.jpg,../images/test/data/Just_Images/Caucasian/Man/m.01kdft_0002.jpg,0.8341152667999268,1
../images/test/data/Just_Images/Caucasian/Man/m.04grl4l_0001.jpg,../images/test/data/Just_Images/Caucasian/Man/m.04grl4l_0004.jpg,0.9204632043838501,1
../images/test/data/Just_Images/Caucasian/Woman/m.03h1xrn_0003.jpg,../images/test/data/Just_Images/Caucasian/Woman/m.03h1xrn_0002.jpg,0.771673321723938,1
../images/test/data/Just_Images/Caucasian/Woman/m.03gxw0v_0003.jpg,../images/test/data/Just_Images/Caucasian/Woman/m.03gxw0v_0002.jpg,0.9247909784317017,1
../images/test/data/Just_Images/Caucasian/Woman/m.0829z8_0003.jpg,../images/test/data/Just_Images/Caucasian/Woman/m.0829z8_0004.jpg,0.8857343196868896,1
../images/test/data/Just_Images/Caucasian/Man/m.064pw5__0002.jpg,../images/test/data/Just_Images/Caucasian/Man/m.064pw5__0001.jpg,0.9223286509513855,1
../images/test/data/Just_Images/Caucasian/Man/m.06tvw7_0002.jpg,../images/test/data/Just_Images/Caucasian/Man/m.06tvw7_0001.jpg,0.8994899988174438,1
../images/test/data/Just_Images/Caucasian/Woman/m.0b_c03_0003.jpg,../images/test/data/Just_Images/Caucasian/Woman/m.0b_c03_0001.jpg,0.94600510597229,1
../images/test/data/Just_Images/Caucasian/Woman/m.0gfhlzg_0001.jpg,../images/test/data/Just_Images/Caucasian/Woman/m.0gfhlzg_0002.jpg,0.873471736907959,1
../images/test/data/Just_Images/Caucasian/Woman/m.015j6y_0001.jpg,../images/test/data/Just_Images/Caucasian/Woman/m.015j6y_0004.jpg,0.8930367827415466,1
../images/test/data/Just_Images/Caucasian/Man/m.05m32c_0003.jpg,../images/test/data/Just_Images/Caucasian/Man/m.05m32c_0001.jpg,0.9134364128112793,1
../images/test/data/Just_Images/Caucasian/Man/m.01trlq_0001.jpg,../images/test/data/Just_Images/Caucasian/Man/m.01trlq_0004.jpg,0.6233043074607849,1
../images/test/data/Just_Images/Caucasian/Man/m.05gqsl_0001.jpg,../images/test/data/Just_Images/Caucasian/Man/m.05gqsl_0003.jpg,0.9362408518791199,1
../images/test/data/Just_Images/Caucasian/Woman/m.02r4w2g_0003.jpg,../images/test/data/Just_Images/Caucasian/Woman/m.02r4w2g_0002.jpg,0.9568702578544617,1
../images/test/data/Just_Images/Caucasian/Man/m.03sfhc_0004.jpg,../images/test/data/Just_Images/Caucasian/Man/m.03sfhc_0002.jpg,0.8822290301322937,1
../images/test/data/Just_Images/Caucasian/Woman/m.024ss0_0004.jpg,../images/test/data/Just_Images/Caucasian/Woman/m.024ss0_0001.jpg,0.8437380194664001,1
../images/test/data/Just_Images/Caucasian/Woman/m.06gzb3_0002.jpg,../images/test/data/Just_Images/Caucasian/Woman/m.06gzb3_0003.jpg,0.8822553157806396,1
../images/test/data/Just_Images/Caucasian/Woman/m.0fk5yp_0003.jpg,../images/test/data/Just_Images/Caucasian/Woman/m.0fk5yp_0002.jpg,0.9527223110198975,1
../images/test/data/Just_Images/Caucasian/Woman/m.01w78ry_0005.jpg,../images/test/data/Just_Images/Caucasian/Woman/m.01w78ry_0001.jpg,0.8922175168991089,1
../images/test/data/Just_Images/Caucasian/Woman/m.067hq2_0003.jpg,../images/test/data/Just_Images/Caucasian/Woman/m.067hq2_0004.jpg,0.8929212093353271,1
../images/test/data/Just_Images/Caucasian/Man/m.04ptjj_0001.jpg,../images/test/data/Just_Images/Caucasian/Man/m.04ptjj_0003.jpg,0.9045993089675903,1
../images/test/data/Just_Images/Caucasian/Man/m.0gtxs5f_0001.jpg,../images/test/data/Just_Images/Caucasian/Man/m.0gtxs5f_0002.jpg,0.8704811334609985,1
../images/test/data/Just_Images/Caucasian/Man/m.01s0hl_0002.jpg,../images/test/data/Just_Images/Caucasian/Man/m.01s0hl_0001.jpg,0.9107736349105835,1
../images/test/data/Just_Images/Caucasian/Woman/m.02hg4r_0001.jpg,../images/test/data/Just_Images/Caucasian/Woman/m.02hg4r_0002.jpg,0.8526980876922607,1
../images/test/data/Just_Images/Caucasian/Man/m.09d2q6_0002.jpg,../images/test/data/Just_Images/Caucasian/Man/m.09d2q6_0003.jpg,0.8214764595031738,1
../images/test/data/Just_Images/Caucasian/Man/m.04f906_0003.jpg,../images/test/data/Just_Images/Caucasian/Man/m.04f906_0002.jpg,0.859466552734375,1
../images/test/data/Just_Images/Caucasian/Man/m.03kw3g_0003.jpg,../images/test/data/Just_Images/Caucasian/Man/m.03kw3g_0004.jpg,0.8625513911247253,1
../images/test/data/Just_Images/Caucasian/Man/m.0gyd4y_0001.jpg,../images/test/data/Just_Images/Caucasian/Man/m.0gyd4y_0002.jpg,0.715296745300293,1
../images/test/data/Just_Images/Caucasian/Man/m.0gly07_0003.jpg,../images/test/data/Just_Images/Caucasian/Man/m.0gly07_0004.jpg,0.781064510345459,1
../images/test/data/Just_Images/Caucasian/Man/m.0k2fvzd_0001.jpg,../images/test/data/Just_Images/Caucasian/Man/m.0k2fvzd_0002.jpg,0.8963046073913574,1
../images/test/data/Just_Images/Caucasian/Woman/m.0264lqm_0003.jpg,../images/test/data/Just_Images/Caucasian/Woman/m.0264lqm_0002.jpg,0.9221445918083191,1
../images/test/data/Just_Images/Caucasian/Man/m.0406n6v_0003.jpg,../images/test/data/Just_Images/Caucasian/Man/m.0406n6v_0001.jpg,0.9173426032066345,1
../images/test/data/Just_Images/Caucasian/Man/m.06vqm6_0001.jpg,../images/test/data/Just_Images/Caucasian/Man/m.06vqm6_0002.jpg,0.9001815319061279,1
../images/test/data/Just_Images/Caucasian/Man/m.048ky8_0001.jpg,../images/test/data/Just_Images/Caucasian/Man/m.048ky8_0003.jpg,0.8560612201690674,1
../images/test/data/Just_Images/Caucasian/Man/m.01gpm2_0001.jpg,../images/test/data/Just_Images/Caucasian/Man/m.01gpm2_0002.jpg,0.8574394583702087,1
../images/test/data/Just_Images/Caucasian/Man/m.02vpmlq_0006.jpg,../images/test/data/Just_Images/Caucasian/Man/m.02vpmlq_0003.jpg,0.8538644909858704,1
../images/test/data/Just_Images/Caucasian/Woman/m.0345t1_0001.jpg,../images/test/data/Just_Images/Caucasian/Woman/m.0345t1_0002.jpg,0.8876510858535767,1
../images/test/data/Just_Images/Caucasian/Man/m.034v5x_0003.jpg,../images/test/data/Just_Images/Caucasian/Man/m.034v5x_0002.jpg,0.9073649644851685,1
../images/test/data/Just_Images/Caucasian/Man/m.06jnnf_0005.jpg,../images/test/data/Just_Images/Caucasian/Man/m.06jnnf_0004.jpg,0.9064194560050964,1
../images/test/data/Just_Images/Caucasian/Man/m.09gh9sl_0003.jpg,../images/test/data/Just_Images/Caucasian/Man/m.09gh9sl_0002.jpg,0.8773356080055237,1
../images/test/data/Just_Images/Caucasian/Man/m.026g62_0002.jpg,../images/test/data/Just_Images/Caucasian/Man/m.026g62_0001.jpg,0.8620705008506775,1
../images/test/data/Just_Images/Caucasian/Man/m.08rc1l_0003.jpg,../images/test/data/Just_Images/Caucasian/Man/m.08rc1l_0002.jpg,0.8792749047279358,1
../images/test/data/Just_Images/Caucasian/Man/m.0b2bxw_0004.jpg,../images/test/data/Just_Images/Caucasian/Man/m.0b2bxw_0002.jpg,0.8732568025588989,1
../images/test/data/Just_Images/Caucasian/Man/m.02q11v7_0003.jpg,../images/test/data/Just_Images/Caucasian/Man/m.02q11v7_0002.jpg,0.8855116367340088,1
../images/test/data/Just_Images/Caucasian/Man/m.07lx0b_0001.jpg,../images/test/data/Just_Images/Caucasian/Man/m.07lx0b_0002.jpg,0.8992482423782349,1
../images/test/data/Just_Images/Caucasian/Man/m.0j66tfg_0003.jpg,../images/test/data/Just_Images/Caucasian/Man/m.0j66tfg_0004.jpg,0.7565043568611145,1
../images/test/data/Just_Images/Caucasian/Man/m.04cdb__0004.jpg,../images/test/data/Just_Images/Caucasian/Man/m.04cdb__0001.jpg,0.8917226791381836,1
../images/test/data/Just_Images/Caucasian/Man/m.03f0m74_0004.jpg,../images/test/data/Just_Images/Caucasian/Man/m.03f0m74_0002.jpg,0.9184310436248779,1
../images/test/data/Just_Images/Caucasian/Woman/m.0c998h_0004.jpg,../images/test/data/Just_Images/Caucasian/Woman/m.0c998h_0001.jpg,0.9312986135482788,1
../images/test/data/Just_Images/Caucasian/Woman/m.02q1jfd_0002.jpg,../images/test/data/Just_Images/Caucasian/Woman/m.02q1jfd_0003.jpg,0.884027898311615,1
../images/test/data/Just_Images/Caucasian/Woman/m.033b99_0003.jpg,../images/test/data/Just_Images/Caucasian/Woman/m.033b99_0001.jpg,0.8243266940116882,1
../images/test/data/Just_Images/Caucasian/Man/m.0gx1tlf_0001.jpg,../images/test/data/Just_Images/Caucasian/Man/m.0gx1tlf_0002.jpg,0.8767929673194885,1
../images/test/data/Just_Images/Caucasian/Man/m.01qqzc_0001.jpg,../images/test/data/Just_Images/Caucasian/Man/m.01qqzc_0002.jpg,0.9068694114685059,1
../images/test/data/Just_Images/Caucasian/Man/m.09gbjfj_0002.jpg,../images/test/data/Just_Images/Caucasian/Man/m.09gbjfj_0001.jpg,0.7727433443069458,1
../images/test/data/Just_Images/Caucasian/Man/m.091yzy_0001.jpg,../images/test/data/Just_Images/Caucasian/Man/m.091yzy_0005.jpg,0.8763421177864075,1
../images/test/data/Just_Images/Caucasian/Man/m.07qc55_0002.jpg,../images/test/data/Just_Images/Caucasian/Man/m.07qc55_0004.jpg,0.8483239412307739,1
../images/test/data/Just_Images/Caucasian/Woman/m.0d69k__0001.jpg,../images/test/data/Just_Images/Caucasian/Woman/m.0d69k__0003.jpg,0.8896855115890503,1
../images/test/data/Just_Images/Caucasian/Man/m.0c00n_1_0001.jpg,../images/test/data/Just_Images/Caucasian/Man/m.0c00n_1_0003.jpg,0.7909513711929321,1
../images/test/data/Just_Images/Caucasian/Man/m.04ydqk2_0003.jpg,../images/test/data/Just_Images/Caucasian/Man/m.04ydqk2_0002.jpg,0.8439923524856567,1
../images/test/data/Just_Images/Caucasian/Man/m.04f1wxr_0001.jpg,../images/test/data/Just_Images/Caucasian/Man/m.04f1wxr_0002.jpg,0.9209370613098145,1
../images/test/data/Just_Images/Caucasian/Man/m.0gm0_qj_0003.jpg,../images/test/data/Just_Images/Caucasian/Man/m.0gm0_qj_0002.jpg,0.8168249726295471,1
../images/test/data/Just_Images/Caucasian/Man/m.05zwm67_0004.jpg,../images/test/data/Just_Images/Caucasian/Man/m.05zwm67_0005.jpg,0.9091801643371582,1
../images/test/data/Just_Images/Caucasian/Man/m.01f817_0003.jpg,../images/test/data/Just_Images/Caucasian/Man/m.01f817_0004.jpg,0.9043594598770142,1
../images/test/data/Just_Images/Caucasian/Man/m.086133_0001.jpg,../images/test/data/Just_Images/Caucasian/Man/m.086133_0003.jpg,0.8754761219024658,1
../images/test/data/Just_Images/Caucasian/Woman/m.06xbv3_0001.jpg,../images/test/data/Just_Images/Caucasian/Woman/m.06xbv3_0002.jpg,0.8306453227996826,1
../images/test/data/Just_Images/Caucasian/Man/m.02yf3x_0004.jpg,../images/test/data/Just_Images/Caucasian/Man/m.02yf3x_0001.jpg,0.8682019114494324,1
../images/test/data/Just_Images/Caucasian/Man/m.0619l2_0003.jpg,../images/test/data/Just_Images/Caucasian/Man/m.0619l2_0001.jpg,0.8788309693336487,1
../images/test/data/Just_Images/Caucasian/Man/m.048k05_0001.jpg,../images/test/data/Just_Images/Caucasian/Man/m.048k05_0003.jpg,0.821636974811554,1
../images/test/data/Just_Images/Caucasian/Man/m.01vyt_1_0002.jpg,../images/test/data/Just_Images/Caucasian/Man/m.01vyt_1_0001.jpg,0.8241329193115234,1
../images/test/data/Just_Images/Caucasian/Woman/m.079drpf_0002.jpg,../images/test/data/Just_Images/Caucasian/Woman/m.079drpf_0001.jpg,0.9033935070037842,1
../images/test/data/Just_Images/Caucasian/Man/m.08ylxl_0004.jpg,../images/test/data/Just_Images/Caucasian/Man/m.08ylxl_0003.jpg,0.8803737163543701,1
../images/test/data/Just_Images/Caucasian/Woman/m.07xn8s_0003.jpg,../images/test/data/Just_Images/Caucasian/Woman/m.07xn8s_0004.jpg,0.8046528697013855,1
../images/test/data/Just_Images/Caucasian/Man/m.04gsv7v_0002.jpg,../images/test/data/Just_Images/Caucasian/Man/m.04gsv7v_0003.jpg,0.9272868633270264,1
../images/test/data/Just_Images/Caucasian/Woman/m.026bk9q_0003.jpg,../images/test/data/Just_Images/Caucasian/Woman/m.026bk9q_0002.jpg,0.8317277431488037,1
../images/test/data/Just_Images/Caucasian/Man/m.09gdn38_0004.jpg,../images/test/data/Just_Images/Caucasian/Man/m.09gdn38_0003.jpg,0.8199015259742737,1
../images/test/data/Just_Images/Caucasian/Woman/m.01dtbz_0001.jpg,../images/test/data/Just_Images/Caucasian/Woman/m.01dtbz_0003.jpg,0.8651719093322754,1
../images/test/data/Just_Images/Caucasian/Man/m.0m2l9_0003.jpg,../images/test/data/Just_Images/Caucasian/Man/m.0m2l9_0002.jpg,0.8669356107711792,1
../images/test/data/Just_Images/Caucasian/Man/m.080ljpg_0004.jpg,../images/test/data/Just_Images/Caucasian/Man/m.080ljpg_0003.jpg,0.889808714389801,1
../images/test/data/Just_Images/Caucasian/Man/m.0g3_w3_0003.jpg,../images/test/data/Just_Images/Caucasian/Man/m.0g3_w3_0004.jpg,0.8836027383804321,1
../images/test/data/Just_Images/Caucasian/Man/m.018rv0_0002.jpg,../images/test/data/Just_Images/Caucasian/Man/m.018rv0_0003.jpg,0.9139958024024963,1
../images/test/data/Just_Images/Caucasian/Man/m.02c6k7_0001.jpg,../images/test/data/Just_Images/Caucasian/Man/m.02c6k7_0002.jpg,0.8499668836593628,1
../images/test/data/Just_Images/Caucasian/Man/m.0267_nc_0002.jpg,../images/test/data/Just_Images/Caucasian/Man/m.0267_nc_0003.jpg,0.8848806023597717,1
../images/test/data/Just_Images/Caucasian/Man/m.04kc9m_0004.jpg,../images/test/data/Just_Images/Caucasian/Man/m.04kc9m_0002.jpg,0.8529356718063354,1
../images/test/data/Just_Images/Caucasian/Man/m.0bvs9n_0004.jpg,../images/test/data/Just_Images/Caucasian/Man/m.0bvs9n_0002.jpg,0.8359059691429138,1
../images/test/data/Just_Images/Caucasian/Man/m.015yg9_0002.jpg,../images/test/data/Just_Images/Caucasian/Man/m.015yg9_0001.jpg,0.9162943363189697,1
../images/test/data/Just_Images/Caucasian/Man/m.04vq3h_0002.jpg,../images/test/data/Just_Images/Caucasian/Man/m.096yh_0003.jpg,0.915603756904602,0
../images/test/data/Just_Images/Caucasian/Man/m.01d_7n_0001.jpg,../images/test/data/Just_Images/Caucasian/Man/m.03_4tl_0004.jpg,0.9056222438812256,0
../images/test/data/Just_Images/Caucasian/Man/m.01fg_t_0001.jpg,../images/test/data/Just_Images/Caucasian/Man/m.0685q1_0003.jpg,0.8475059866905212,0
../images/test/data/Just_Images/Caucasian/Man/m.06zktqf_0001.jpg,../images/test/data/Just_Images/Caucasian/Man/m.022k9k_0003.jpg,0.8680835962295532,0
../images/test/data/Just_Images/Caucasian/Man/m.05v9zns_0002.jpg,../images/test/data/Just_Images/Caucasian/Man/m.0cs6m8_0003.jpg,0.9181308150291443,0
../images/test/data/Just_Images/Caucasian/Man/m.070cmt_0006.jpg,../images/test/data/Just_Images/Caucasian/Man/m.0883zh_0002.jpg,0.9010317921638489,0
../images/test/data/Just_Images/Caucasian/Man/m.03w4j4_0001.jpg,../images/test/data/Just_Images/Caucasian/Man/m.0bl9bk_0003.jpg,0.9061292409896851,0
../images/test/data/Just_Images/Caucasian/Man/m.0h94ntg_0002.jpg,../images/test/data/Just_Images/Caucasian/Man/m.026f9wk_0004.jpg,0.8622518181800842,0
../images/test/data/Just_Images/Caucasian/Man/m.0ffsy__0004.jpg,../images/test/data/Just_Images/Caucasian/Woman/m.079drpf_0004.jpg,0.8658469915390015,0
../images/test/data/Just_Images/Caucasian/Man/m.04ql8w_0002.jpg,../images/test/data/Just_Images/Caucasian/Man/m.08lx2b_0002.jpg,0.9142612814903259,0
../images/test/data/Just_Images/Caucasian/Man/m.02vpmlq_0005.jpg,../images/test/data/Just_Images/Caucasian/Man/m.0b5jqz_0003.jpg,0.9091954231262207,0
../images/test/data/Just_Images/Caucasian/Man/m.05zp1qt_0006.jpg,../images/test/data/Just_Images/Caucasian/Man/m.0gtxzmm_0001.jpg,0.8931990265846252,0
../images/test/data/Just_Images/Caucasian/Woman/m.085b_x_0004.jpg,../images/test/data/Just_Images/Caucasian/Man/m.029ycx_0002.jpg,0.7465006709098816,0
../images/test/data/Just_Images/Caucasian/Man/m.028116t_0002.jpg,../images/test/data/Just_Images/Caucasian/Woman/m.092fmj_0003.jpg,0.9198697209358215,0
../images/test/data/Just_Images/Caucasian/Woman/m.01kzrcw_0002.jpg,../images/test/data/Just_Images/Caucasian/Woman/m.043nftk_0004.jpg,0.8758887052536011,0
../images/test/data/Just_Images/Caucasian/Man/m.06w6ydl_0002.jpg,../images/test/data/Just_Images/Caucasian/Man/m.05txc4_0003.jpg,0.8265833854675293,0
../images/test/data/Just_Images/Caucasian/Woman/m.0b648w_0003.jpg,../images/test/data/Just_Images/Caucasian/Man/m.017lcg_0002.jpg,0.9548590183258057,0
../images/test/data/Just_Images/Caucasian/Man/m.02pwbf1_0002.jpg,../images/test/data/Just_Images/Caucasian/Man/m.0415dw2_0002.jpg,0.8182939291000366,0
../images/test/data/Just_Images/Caucasian/Man/m.02vs8mx_0003.jpg,../images/test/data/Just_Images/Caucasian/Man/m.0dfll4_0004.jpg,0.895070493221283,0
../images/test/data/Just_Images/Caucasian/Woman/m.0300_r_0005.jpg,../images/test/data/Just_Images/Caucasian/Man/m.01nk1ny_0001.jpg,0.9165619611740112,0
../images/test/data/Just_Images/Caucasian/Man/m.0ch09r_0002.jpg,../images/test/data/Just_Images/Caucasian/Man/m.02jh6x_0003.jpg,0.8954029679298401,0
../images/test/data/Just_Images/Caucasian/Woman/m.080h8w__0002.jpg,../images/test/data/Just_Images/Caucasian/Woman/m.07k9qf1_0001.jpg,0.923603355884552,0
../images/test/data/Just_Images/Caucasian/Man/m.08dhgx_0005.jpg,../images/test/data/Just_Images/Caucasian/Man/m.088ggh_0001.jpg,0.9042786359786987,0
../images/test/data/Just_Images/Caucasian/Woman/m.02w9v48_0003.jpg,../images/test/data/Just_Images/Caucasian/Woman/m.02729k2_0001.jpg,0.9167865514755249,0
../images/test/data/Just_Images/Caucasian/Man/m.06jnnf_0003.jpg,../images/test/data/Just_Images/Caucasian/Man/m.037gr7_0005.jpg,0.8699662089347839,0
../images/test/data/Just_Images/Caucasian/Man/m.026jfvc_0002.jpg,../images/test/data/Just_Images/Caucasian/Man/m.034d_j_0002.jpg,0.904105544090271,0
../images/test/data/Just_Images/Caucasian/Man/m.06jp4q_0001.jpg,../images/test/data/Just_Images/Caucasian/Man/m.02rm8qb_0001.jpg,0.8692328333854675,0
../images/test/data/Just_Images/Caucasian/Man/m.07vypw_0001.jpg,../images/test/data/Just_Images/Caucasian/Man/m.05bztc4_0003.jpg,0.84315025806427,0
../images/test/data/Just_Images/Caucasian/Man/m.0b6l81k_0001.jpg,../images/test/data/Just_Images/Caucasian/Man/m.02pk8c9_0001.jpg,0.937531590461731,0
../images/test/data/Just_Images/Caucasian/Man/m.03vr4d_0003.jpg,../images/test/data/Just_Images/Caucasian/Man/m.03w4j4_0004.jpg,0.9063125252723694,0
../images/test/data/Just_Images/Caucasian/Woman/m.02lzxp_0005.jpg,../images/test/data/Just_Images/Caucasian/Woman/m.0c0skq_0001.jpg,0.9176569581031799,0
../images/test/data/Just_Images/Caucasian/Man/m.032msw_0001.jpg,../images/test/data/Just_Images/Caucasian/Woman/m.024ss0_0002.jpg,0.7940303087234497,0
../images/test/data/Just_Images/Caucasian/Man/m.080ky6g_0001.jpg,../images/test/data/Just_Images/Caucasian/Man/m.06_nzh_0003.jpg,0.8806390762329102,0
../images/test/data/Just_Images/Caucasian/Man/m.02wx53z_0001.jpg,../images/test/data/Just_Images/Caucasian/Man/m.02pc9l4_0003.jpg,0.7953369617462158,0
../images/test/data/Just_Images/Caucasian/Man/m.05qrz__0002.jpg,../images/test/data/Just_Images/Caucasian/Woman/m.076ywg_0003.jpg,0.7737716436386108,0
../images/test/data/Just_Images/Caucasian/Man/m.0cq3_r_0002.jpg,../images/test/data/Just_Images/Caucasian/Man/m.01zq6b_0002.jpg,0.8494267463684082,0
../images/test/data/Just_Images/Caucasian/Man/m.07xzc1_0004.jpg,../images/test/data/Just_Images/Caucasian/Man/m.03q6fh_0001.jpg,0.9118425846099854,0
../images/test/data/Just_Images/Caucasian/Woman/m.0bs1m9w_0006.jpg,../images/test/data/Just_Images/Caucasian/Man/m.03q4y7_0003.jpg,0.8412448763847351,0
../images/test/data/Just_Images/Caucasian/Man/m.0266c3k_0002.jpg,../images/test/data/Just_Images/Caucasian/Man/m.0gctmg_0002.jpg,0.9367618560791016,0
../images/test/data/Just_Images/Caucasian/Man/m.05x2t7_0004.jpg,../images/test/data/Just_Images/Caucasian/Man/m.0457pz_0002.jpg,0.8256056308746338,0
../images/test/data/Just_Images/Caucasian/Man/m.01p21_5_0004.jpg,../images/test/data/Just_Images/Caucasian/Man/m.0ds2ztj_0001.jpg,0.9187687635421753,0
../images/test/data/Just_Images/Caucasian/Man/m.0zwh1k1_0002.jpg,../images/test/data/Just_Images/Caucasian/Man/m.01h3b9_0001.jpg,0.8957608342170715,0
../images/test/data/Just_Images/Caucasian/Man/m.04gsv7v_0004.jpg,../images/test/data/Just_Images/Caucasian/Woman/m.0d4yp7_0003.jpg,0.9127200841903687,0
../images/test/data/Just_Images/Caucasian/Man/m.0dd67__0002.jpg,../images/test/data/Just_Images/Caucasian/Man/m.028ckg_0001.jpg,0.9256402850151062,0
../images/test/data/Just_Images/Caucasian/Man/m.0b4kj5_0003.jpg,../images/test/data/Just_Images/Caucasian/Man/m.0j28kl9_0005.jpg,0.9309077262878418,0
../images/test/data/Just_Images/Caucasian/Man/m.027q3qg_0004.jpg,../images/test/data/Just_Images/Caucasian/Man/m.02vsjy0_0007.jpg,0.8649954795837402,0
../images/test/data/Just_Images/Caucasian/Man/m.04tkfj_0003.jpg,../images/test/data/Just_Images/Caucasian/Man/m.02fr47_0004.jpg,0.8668351173400879,0
../images/test/data/Just_Images/Caucasian/Woman/m.0gty66v_0003.jpg,../images/test/data/Just_Images/Caucasian/Woman/m.061ll5_0002.jpg,0.8751804232597351,0
../images/test/data/Just_Images/Caucasian/Man/m.0g2pgl_0004.jpg,../images/test/data/Just_Images/Caucasian/Woman/m.05mkfb_0001.jpg,0.8752340078353882,0
../images/test/data/Just_Images/Caucasian/Man/m.028bfp7_0003.jpg,../images/test/data/Just_Images/Caucasian/Woman/m.09wsvh_0004.jpg,0.7891268730163574,0
../images/test/data/Just_Images/Caucasian/Man/m.02w6dfc_0002.jpg,../images/test/data/Just_Images/Caucasian/Man/m.0283gz5_0003.jpg,0.8415240049362183,0
../images/test/data/Just_Images/Caucasian/Man/m.05b61rg_0006.jpg,../images/test/data/Just_Images/Caucasian/Woman/m.04_ct7_0002.jpg,0.9012666344642639,0
../images/test/data/Just_Images/Caucasian/Man/m.027hr9k_0004.jpg,../images/test/data/Just_Images/Caucasian/Man/m.01x_s2_0004.jpg,0.8333829641342163,0
../images/test/data/Just_Images/Caucasian/Woman/m.051qsh_0002.jpg,../images/test/data/Just_Images/Caucasian/Woman/m.01lgdc_0001.jpg,0.8416793346405029,0
../images/test/data/Just_Images/Caucasian/Man/m.09rt81z_0003.jpg,../images/test/data/Just_Images/Caucasian/Woman/m.0j2942k_0002.jpg,0.9177500009536743,0
../images/test/data/Just_Images/Caucasian/Man/m.035s2x_0001.jpg,../images/test/data/Just_Images/Caucasian/Man/m.08dgms_0003.jpg,0.9115277528762817,0
../images/test/data/Just_Images/Caucasian/Man/m.0pnhc_0001.jpg,../images/test/data/Just_Images/Caucasian/Man/m.04q2vd_0003.jpg,0.7987698316574097,0
../images/test/data/Just_Images/Caucasian/Man/m.02k7h7_0004.jpg,../images/test/data/Just_Images/Caucasian/Man/m.0ksv2n_0004.jpg,0.90451580286026,0
../images/test/data/Just_Images/Caucasian/Woman/m.06_vdvy_0001.jpg,../images/test/data/Just_Images/Caucasian/Woman/m.0fvw5gg_0004.jpg,0.8276437520980835,0
../images/test/data/Just_Images/Caucasian/Man/m.096bdr_0003.jpg,../images/test/data/Just_Images/Caucasian/Man/m.03xv7z_0004.jpg,0.9229835271835327,0
../images/test/data/Just_Images/Caucasian/Woman/m.09g64kq_0001.jpg,../images/test/data/Just_Images/Caucasian/Man/m.09v7fm8_0003.jpg,0.8411681652069092,0
../images/test/data/Just_Images/Caucasian/Man/m.01znr1_0001.jpg,../images/test/data/Just_Images/Caucasian/Man/m.04smc9_0003.jpg,0.8331136703491211,0
../images/test/data/Just_Images/Caucasian/Man/m.07g_nf_0002.jpg,../images/test/data/Just_Images/Caucasian/Man/m.01ttk9t_0002.jpg,0.8696365356445312,0
../images/test/data/Just_Images/Caucasian/Man/m.04zxz43_0003.jpg,../images/test/data/Just_Images/Caucasian/Man/m.029h0g_0002.jpg,0.8171019554138184,0
../images/test/data/Just_Images/Caucasian/Woman/m.03z0xl_0002.jpg,../images/test/data/Just_Images/Caucasian/Man/m.09jfhz_0003.jpg,0.7993876934051514,0
../images/test/data/Just_Images/Caucasian/Man/m.0p_jc_0001.jpg,../images/test/data/Just_Images/Caucasian/Woman/m.0bwfrk7_0003.jpg,0.9236176013946533,0
../images/test/data/Just_Images/Caucasian/Man/m.0lj6q_0004.jpg,../images/test/data/Just_Images/Caucasian/Man/m.024kx8_0001.jpg,0.8907070159912109,0
../images/test/data/Just_Images/Caucasian/Man/m.0dm21t_0002.jpg,../images/test/data/Just_Images/Caucasian/Man/m.08fvsd_0001.jpg,0.7385343313217163,0
../images/test/data/Just_Images/Caucasian/Man/m.027khkl_0002.jpg,../images/test/data/Just_Images/Caucasian/Man/m.06wb5bj_0004.jpg,0.8694210052490234,0
../images/test/data/Just_Images/Caucasian/Woman/m.026f6y_0001.jpg,../images/test/data/Just_Images/Caucasian/Woman/m.05c_wv_0003.jpg,0.8830857276916504,0
../images/test/data/Just_Images/Caucasian/Woman/m.09fb5_0001.jpg,../images/test/data/Just_Images/Caucasian/Woman/m.04f07rj_0006.jpg,0.8082602620124817,0
../images/test/data/Just_Images/Caucasian/Woman/m.09g93tw_0003.jpg,../images/test/data/Just_Images/Caucasian/Woman/m.092grt_0003.jpg,0.9136103987693787,0
../images/test/data/Just_Images/Caucasian/Man/m.0qkrj_0003.jpg,../images/test/data/Just_Images/Caucasian/Man/m.01pn28c_0005.jpg,0.8812758922576904,0
../images/test/data/Just_Images/Caucasian/Man/m.0d5_f_0003.jpg,../images/test/data/Just_Images/Caucasian/Man/m.05q4wp_0001.jpg,0.9032008647918701,0
../images/test/data/Just_Images/Caucasian/Man/m.04znpf_0002.jpg,../images/test/data/Just_Images/Caucasian/Man/m.025mv6_0003.jpg,0.9127188920974731,0
../images/test/data/Just_Images/Caucasian/Man/m.019s7b_0001.jpg,../images/test/data/Just_Images/Caucasian/Man/m.0jsfs9k_0005.jpg,0.8033062219619751,0
../images/test/data/Just_Images/Caucasian/Man/m.02cms2_0001.jpg,../images/test/data/Just_Images/Caucasian/Man/m.06x_6f_0001.jpg,0.8621920347213745,0
../images/test/data/Just_Images/Caucasian/Woman/m.01qj6l_0001.jpg,../images/test/data/Just_Images/Caucasian/Woman/m.07xsrm_0001.jpg,0.8760579824447632,0
../images/test/data/Just_Images/Caucasian/Man/m.03tmsw_0003.jpg,../images/test/data/Just_Images/Caucasian/Woman/m.01s6yx4_0002.jpg,0.8801515102386475,0
../images/test/data/Just_Images/Caucasian/Man/m.05by8l_0001.jpg,../images/test/data/Just_Images/Caucasian/Man/m.0ghbzh_0001.jpg,0.8605746030807495,0
../images/test/data/Just_Images/Caucasian/Woman/m.047cwb6_0001.jpg,../images/test/data/Just_Images/Caucasian/Woman/m.0c998h_0003.jpg,0.9225533604621887,0
../images/test/data/Just_Images/Caucasian/Man/m.0db2mq_0001.jpg,../images/test/data/Just_Images/Caucasian/Man/m.06swrp_0003.jpg,0.8966493606567383,0
../images/test/data/Just_Images/Caucasian/Woman/m.04y61g_0005.jpg,../images/test/data/Just_Images/Caucasian/Man/m.021d_0_0003.jpg,0.8513298034667969,0
../images/test/data/Just_Images/Caucasian/Woman/m.051n4x_0004.jpg,../images/test/data/Just_Images/Caucasian/Woman/m.065tmb_0004.jpg,0.8734889030456543,0
../images/test/data/Just_Images/Caucasian/Man/m.0167hz_0002.jpg,../images/test/data/Just_Images/Caucasian/Woman/m.04y6xwf_0004.jpg,0.8486907482147217,0
../images/test/data/Just_Images/Caucasian/Woman/m.0py0d6m_0002.jpg,../images/test/data/Just_Images/Caucasian/Woman/m.0j24_94_0001.jpg,0.8911781311035156,0
../images/test/data/Just_Images/Caucasian/Man/m.030hcs_0001.jpg,../images/test/data/Just_Images/Caucasian/Woman/m.02wcl9z_0003.jpg,0.9057602882385254,0
../images/test/data/Just_Images/Caucasian/Woman/m.02x5l1s_0001.jpg,../images/test/data/Just_Images/Caucasian/Man/m.01h_3z_0004.jpg,0.8667641878128052,0
../images/test/data/Just_Images/Caucasian/Man/m.02f6sj_0003.jpg,../images/test/data/Just_Images/Caucasian/Man/m.0f307d_0003.jpg,0.9090336561203003,0
../images/test/data/Just_Images/Caucasian/Man/m.02mxsf_0002.jpg,../images/test/data/Just_Images/Caucasian/Man/m.06fp1s_0003.jpg,0.9478830099105835,0
../images/test/data/Just_Images/Caucasian/Woman/m.01_yqg_0002.jpg,../images/test/data/Just_Images/Caucasian/Man/m.071vnr_0002.jpg,0.6871057748794556,0
../images/test/data/Just_Images/Caucasian/Man/m.08qq05_0002.jpg,../images/test/data/Just_Images/Caucasian/Man/m.04b1qp_0001.jpg,0.7697848081588745,0
../images/test/data/Just_Images/Caucasian/Man/m.0jwxbnf_0003.jpg,../images/test/data/Just_Images/Caucasian/Man/m.027hr9k_0005.jpg,0.8851337432861328,0
../images/test/data/Just_Images/Caucasian/Man/m.0ghbzh_0003.jpg,../images/test/data/Just_Images/Caucasian/Man/m.06cb9s_0004.jpg,0.8730124235153198,0
../images/test/data/Just_Images/Caucasian/Man/m.035j7k_0001.jpg,../images/test/data/Just_Images/Caucasian/Man/m.0pxy0_0003.jpg,0.8459942936897278,0
../images/test/data/Just_Images/Caucasian/Man/m.01w0kw4_0004.jpg,../images/test/data/Just_Images/Caucasian/Man/m.036lz0_0002.jpg,0.9186729192733765,0
../images/test/data/Just_Images/Caucasian/Man/m.03gq2f_0003.jpg,../images/test/data/Just_Images/Caucasian/Man/m.03tkg__0004.jpg,0.8835911154747009,0
../images/test/data/Just_Images/Caucasian/Man/m.06tl2c_0005.jpg,../images/test/data/Just_Images/Caucasian/Man/m.0919vb_0003.jpg,0.8956186175346375,0
../images/test/data/Just_Images/Caucasian/Woman/m.0b90h0_0001.jpg,../images/test/data/Just_Images/Caucasian/Man/m.013xhr_0003.jpg,0.9230700731277466,0
../images/test/data/Just_Images/Caucasian/Man/m.043rgrz_0002.jpg,../images/test/data/Just_Images/Caucasian/Woman/m.0hzpkcs_0002.jpg,0.8579360842704773,0
../images/test/data/Just_Images/Caucasian/Woman/m.0c0skq_0001.jpg,../images/test/data/Just_Images/Caucasian/Woman/m.0819___0001.jpg,0.8649036884307861,0
../images/test/data/Just_Images/Caucasian/Man/m.03gblm_0002.jpg,../images/test/data/Just_Images/Caucasian/Man/m.0391n1_0003.jpg,0.8015913963317871,0
../images/test/data/Just_Images/Caucasian/Man/m.05p7_tb_0002.jpg,../images/test/data/Just_Images/Caucasian/Man/m.08s2ff_0002.jpg,0.6608983874320984,0
../images/test/data/Just_Images/Caucasian/Man/m.01qtz0_0002.jpg,../images/test/data/Just_Images/Caucasian/Man/m.08l9m9_0001.jpg,0.919966459274292,0
../images/test/data/Just_Images/Caucasian/Man/m.0bbz862_0003.jpg,../images/test/data/Just_Images/Caucasian/Man/m.01qhmft_0001.jpg,0.9112684726715088,0
../images/test/data/Just_Images/Caucasian/Woman/m.06x06k_0002.jpg,../images/test/data/Just_Images/Caucasian/Man/m.01dj15_0002.jpg,0.8788620233535767,0
../images/test/data/Just_Images/Caucasian/Man/m.0gly07_0001.jpg,../images/test/data/Just_Images/Caucasian/Man/m.05jyjn_0003.jpg,0.9458692073822021,0
../images/test/data/Just_Images/Caucasian/Man/m.01w495d_0002.jpg,../images/test/data/Just_Images/Caucasian/Man/m.0kt9_4_0002.jpg,0.7985657453536987,0
../images/test/data/Just_Images/Caucasian/Man/m.0cwtkw_0002.jpg,../images/test/data/Just_Images/Caucasian/Woman/m.01jy8c0_0003.jpg,0.8849130868911743,0
../images/test/data/Just_Images/Caucasian/Man/m.02q77y6_0001.jpg,../images/test/data/Just_Images/Caucasian/Man/m.01lb3wy_0003.jpg,0.8970098495483398,0
../images/test/data/Just_Images/Caucasian/Man/m.05gzxg_0002.jpg,../images/test/data/Just_Images/Caucasian/Man/m.03067p_0001.jpg,0.8423402309417725,0
../images/test/data/Just_Images/Caucasian/Man/m.07vm2b_0003.jpg,../images/test/data/Just_Images/Caucasian/Man/m.0210d5_0002.jpg,0.7885547876358032,0
../images/test/data/Just_Images/Caucasian/Woman/m.081tyx8_0001.jpg,../images/test/data/Just_Images/Caucasian/Woman/m.0hnbhj4_0004.jpg,0.9338815212249756,0
../images/test/data/Just_Images/Caucasian/Woman/m.0fn3yj_0002.jpg,../images/test/data/Just_Images/Caucasian/Woman/m.05gnfp_0002.jpg,0.9580352306365967,0
../images/test/data/Just_Images/Caucasian/Woman/m.03qg_h5_0003.jpg,../images/test/data/Just_Images/Caucasian/Man/m.01v526_0002.jpg,0.8603085279464722,0
../images/test/data/Just_Images/Caucasian/Man/m.0f8hcx_0002.jpg,../images/test/data/Just_Images/Caucasian/Man/m.067fmb_0004.jpg,0.8629941940307617,0
../images/test/data/Just_Images/Caucasian/Woman/m.08_m2x_0001.jpg,../images/test/data/Just_Images/Caucasian/Woman/m.08mrr0_0001.jpg,0.9655618667602539,0
../images/test/data/Just_Images/Caucasian/Man/m.07s9qmw_0001.jpg,../images/test/data/Just_Images/Caucasian/Woman/m.02r3g5z_0001.jpg,0.8012024164199829,0
../images/test/data/Just_Images/Caucasian/Man/m.04qb28n_0002.jpg,../images/test/data/Just_Images/Caucasian/Man/m.03f4nyq_0001.jpg,0.897258996963501,0
../images/test/data/Just_Images/Caucasian/Woman/m.0j24_94_0002.jpg,../images/test/data/Just_Images/Caucasian/Man/m.0gqn_l_0001.jpg,0.93950355052948,0
../images/test/data/Just_Images/Caucasian/Man/m.0gh8b36_0003.jpg,../images/test/data/Just_Images/Caucasian/Woman/m.024ss0_0004.jpg,0.8388441801071167,0
../images/test/data/Just_Images/Caucasian/Man/m.02jw08_0001.jpg,../images/test/data/Just_Images/Caucasian/Man/m.01ppqx6_0002.jpg,0.8699113726615906,0
../images/test/data/Just_Images/Caucasian/Man/m.09cdzd_0002.jpg,../images/test/data/Just_Images/Caucasian/Woman/m.06frb1_0001.jpg,0.855103611946106,0
../images/test/data/Just_Images/Caucasian/Man/m.041fqg_0003.jpg,../images/test/data/Just_Images/Caucasian/Man/m.0ds2zpy_0002.jpg,0.8589608669281006,0
../images/test/data/Just_Images/Caucasian/Man/m.053qc6_0001.jpg,../images/test/data/Just_Images/Caucasian/Man/m.03s5cc_0002.jpg,0.8547456860542297,0
../images/test/data/Just_Images/Caucasian/Woman/m.0gyt6gp_0003.jpg,../images/test/data/Just_Images/Caucasian/Man/m.04d50l_0004.jpg,0.86118084192276,0
../images/test/data/Just_Images/Caucasian/Man/m.050t68_0001.jpg,../images/test/data/Just_Images/Caucasian/Man/m.0c7phlk_0001.jpg,0.8875769972801208,0
../images/test/data/Just_Images/Caucasian/Man/m.01ndxh_0001.jpg,../images/test/data/Just_Images/Caucasian/Man/m.033lqh_0002.jpg,0.9210270643234253,0
../images/test/data/Just_Images/Caucasian/Man/m.0125mr_0001.jpg,../images/test/data/Just_Images/Caucasian/Man/m.0h950dj_0001.jpg,0.8585230708122253,0
../images/test/data/Just_Images/Caucasian/Woman/m.08h95m_0002.jpg,../images/test/data/Just_Images/Caucasian/Man/m.0g0d56_0004.jpg,0.849144458770752,0
../images/test/data/Just_Images/Caucasian/Man/m.02d4pj_0003.jpg,../images/test/data/Just_Images/Caucasian/Man/m.03hvw2_0002.jpg,0.9242643713951111,0
../images/test/data/Just_Images/Caucasian/Man/m.0g9sw4q_0003.jpg,../images/test/data/Just_Images/Caucasian/Woman/m.02w4fkq_0002.jpg,0.8877542018890381,0
../images/test/data/Just_Images/Caucasian/Man/m.02z814b_0002.jpg,../images/test/data/Just_Images/Caucasian/Woman/m.02q4m8z_0003.jpg,0.9061781167984009,0
../images/test/data/Just_Images/Caucasian/Man/m.02x1wwm_0002.jpg,../images/test/data/Just_Images/Caucasian/Woman/m.04crbhv_0002.jpg,0.8927206993103027,0
../images/test/data/Just_Images/Caucasian/Woman/m.09xv1s_0004.jpg,../images/test/data/Just_Images/Caucasian/Man/m.0dgpfr5_0003.jpg,0.834865927696228,0
../images/test/data/Just_Images/Caucasian/Man/m.06n7m8_0003.jpg,../images/test/data/Just_Images/Caucasian/Man/m.076m3j_0002.jpg,0.7886738777160645,0
../images/test/data/Just_Images/Caucasian/Woman/m.0gbx3b6_0003.jpg,../images/test/data/Just_Images/Caucasian/Woman/m.06frb1_0003.jpg,0.9279175996780396,0
../images/test/data/Just_Images/Caucasian/Man/m.0f1mq3_0001.jpg,../images/test/data/Just_Images/Caucasian/Woman/m.06d7x6_0001.jpg,0.8456189632415771,0
../images/test/data/Just_Images/Caucasian/Man/m.0bv8554_0002.jpg,../images/test/data/Just_Images/Caucasian/Woman/m.09fw4r_0001.jpg,0.9428732395172119,0
../images/test/data/Just_Images/Caucasian/Woman/m.0338ws_0003.jpg,../images/test/data/Just_Images/Caucasian/Man/m.02624t_0004.jpg,0.9013516902923584,0
../images/test/data/Just_Images/Caucasian/Man/m.02qfcy0_0002.jpg,../images/test/data/Just_Images/Caucasian/Man/m.02qwk1__0001.jpg,0.8691848516464233,0
../images/test/data/Just_Images/Caucasian/Man/m.05jltj_0001.jpg,../images/test/data/Just_Images/Caucasian/Woman/m.0311dg_0002.jpg,0.8611422181129456,0
../images/test/data/Just_Images/Caucasian/Woman/m.05zt0d4_0001.jpg,../images/test/data/Just_Images/Caucasian/Man/m.026qfdh_0004.jpg,0.8436800837516785,0
../images/test/data/Just_Images/Caucasian/Man/m.03sr8y_0003.jpg,../images/test/data/Just_Images/Caucasian/Man/m.0db8_5_0001.jpg,0.7881925702095032,0
../images/test/data/Just_Images/Caucasian/Man/m.0bwlqxy_0001.jpg,../images/test/data/Just_Images/Caucasian/Man/m.056dz5_0001.jpg,0.8433997631072998,0
../images/test/data/Just_Images/Caucasian/Man/m.02zljk_0001.jpg,../images/test/data/Just_Images/Caucasian/Man/m.02jh6x_0005.jpg,0.9202539920806885,0
../images/test/data/Just_Images/Caucasian/Woman/m.067_jr_0002.jpg,../images/test/data/Just_Images/Caucasian/Man/m.0bmjwhg_0001.jpg,0.711476743221283,0
../images/test/data/Just_Images/Caucasian/Man/m.014hlm_0004.jpg,../images/test/data/Just_Images/Caucasian/Woman/m.06w6wr__0003.jpg,0.8308895230293274,0
../images/test/data/Just_Images/Caucasian/Man/m.07zmc2_0001.jpg,../images/test/data/Just_Images/Caucasian/Woman/m.033ch6_0001.jpg,0.9181172847747803,0
../images/test/data/Just_Images/Caucasian/Woman/m.0287_p_0002.jpg,../images/test/data/Just_Images/Caucasian/Man/m.0263v24_0001.jpg,0.9285196661949158,0
../images/test/data/Just_Images/Caucasian/Man/m.0glhpr_0003.jpg,../images/test/data/Just_Images/Caucasian/Man/m.058kqy_0001.jpg,0.9291830062866211,0
../images/test/data/Just_Images/Caucasian/Woman/m.0fq84j_0002.jpg,../images/test/data/Just_Images/Caucasian/Man/m.034bnd_0001.jpg,0.9591748714447021,0
../images/test/data/Just_Images/Caucasian/Man/m.0b31_c_0001.jpg,../images/test/data/Just_Images/Caucasian/Man/m.0nfvbjw_0002.jpg,0.8872183561325073,0
../images/test/data/Just_Images/Caucasian/Man/m.0bvs9n_0001.jpg,../images/test/data/Just_Images/Caucasian/Woman/m.01npnk3_0001.jpg,0.8903870582580566,0
../images/test/data/Just_Images/Caucasian/Man/m.0637st_0001.jpg,../images/test/data/Just_Images/Caucasian/Woman/m.033ch6_0004.jpg,0.8508213758468628,0
../images/test/data/Just_Images/Caucasian/Man/m.0gx2s9n_0001.jpg,../images/test/data/Just_Images/Caucasian/Man/m.0b4lv__0001.jpg,0.8732308149337769,0
../images/test/data/Just_Images/Caucasian/Man/m.01q_w2p_0003.jpg,../images/test/data/Just_Images/Caucasian/Man/m.03n68w_0002.jpg,0.8187964558601379,0
../images/test/data/Just_Images/Caucasian/Man/m.041xfx_0003.jpg,../images/test/data/Just_Images/Caucasian/Man/m.057b02_0001.jpg,0.8748559951782227,0
../images/test/data/Just_Images/Caucasian/Man/m.09fj8j_0002.jpg,../images/test/data/Just_Images/Caucasian/Man/m.084qjy_0002.jpg,0.8231189250946045,0
../images/test/data/Just_Images/Caucasian/Man/m.08fryk_0002.jpg,../images/test/data/Just_Images/Caucasian/Man/m.020dg9_0003.jpg,0.8274058103561401,0
../images/test/data/Just_Images/Caucasian/Man/m.043qpbf_0001.jpg,../images/test/data/Just_Images/Caucasian/Man/m.01trlq_0003.jpg,0.8968883752822876,0
../images/test/data/Just_Images/Caucasian/Man/m.03qcd6h_0004.jpg,../images/test/data/Just_Images/Caucasian/Man/m.041xfx_0002.jpg,0.8358713388442993,0
../images/test/data/Just_Images/Caucasian/Man/m.0b8_2v_0001.jpg,../images/test/data/Just_Images/Caucasian/Man/m.02k21g_0001.jpg,0.8707724809646606,0
../images/test/data/Just_Images/Caucasian/Man/m.037t_h_0001.jpg,../images/test/data/Just_Images/Caucasian/Woman/m.03r333_0004.jpg,0.7227359414100647,0
../images/test/data/Just_Images/Caucasian/Man/m.08gpnw_0001.jpg,../images/test/data/Just_Images/Caucasian/Woman/m.01r4_t_0003.jpg,0.8411824703216553,0
../images/test/data/Just_Images/Caucasian/Woman/m.0273sg4_0001.jpg,../images/test/data/Just_Images/Caucasian/Woman/m.05tbrg_0001.jpg,0.8677719235420227,0
../images/test/data/Just_Images/Caucasian/Man/m.01l3vf_0003.jpg,../images/test/data/Just_Images/Caucasian/Woman/m.0223zk_0002.jpg,0.8871797323226929,0
../images/test/data/Just_Images/Caucasian/Man/m.08qy73_0003.jpg,../images/test/data/Just_Images/Caucasian/Man/m.05_q70_0004.jpg,0.9045854806900024,0
../images/test/data/Just_Images/Caucasian/Man/m.09gwd7_0003.jpg,../images/test/data/Just_Images/Caucasian/Man/m.0414hzy_0001.jpg,0.8794698715209961,0
../images/test/data/Just_Images/Caucasian/Man/m.02317g_0003.jpg,../images/test/data/Just_Images/Caucasian/Man/m.015wfy_0004.jpg,0.9235787391662598,0
../images/test/data/Just_Images/Caucasian/Man/m.04n24vs_0002.jpg,../images/test/data/Just_Images/Caucasian/Man/m.047md3x_0003.jpg,0.8147861957550049,0
../images/test/data/Just_Images/Caucasian/Man/m.05yj27_0002.jpg,../images/test/data/Just_Images/Caucasian/Man/m.0bh9pqh_0003.jpg,0.8872721195220947,0
../images/test/data/Just_Images/Caucasian/Woman/m.04bnvr_0003.jpg,../images/test/data/Just_Images/Caucasian/Man/m.01vhrz_0002.jpg,0.9127913117408752,0
../images/test/data/Just_Images/Caucasian/Man/m.04xb3k_0002.jpg,../images/test/data/Just_Images/Caucasian/Woman/m.03plx__0003.jpg,0.919315755367279,0
../images/test/data/Just_Images/Caucasian/Woman/m.01lr4p_0001.jpg,../images/test/data/Just_Images/Caucasian/Man/m.03d04m5_0001.jpg,0.9316652417182922,0
../images/test/data/Just_Images/Caucasian/Woman/m.05s28v_0002.jpg,../images/test/data/Just_Images/Caucasian/Man/m.0415dw2_0002.jpg,0.8986808061599731,0
../images/test/data/Just_Images/Caucasian/Man/m.09rc___0003.jpg,../images/test/data/Just_Images/Caucasian/Man/m.0ghbzh_0004.jpg,0.9364111423492432,0
../images/test/data/Just_Images/Caucasian/Woman/m.02phppl_0003.jpg,../images/test/data/Just_Images/Caucasian/Man/m.09rc___0001.jpg,0.8520338535308838,0
../images/test/data/Just_Images/Caucasian/Man/m.01451j_0002.jpg,../images/test/data/Just_Images/Caucasian/Woman/m.0k0qwd8_0001.jpg,0.8766658306121826,0
../images/test/data/Just_Images/Caucasian/Man/m.05ynsz_0004.jpg,../images/test/data/Just_Images/Caucasian/Man/m.0gc5b1t_0002.jpg,0.8664973378181458,0
../images/test/data/Just_Images/Caucasian/Man/m.0bqjr7_0001.jpg,../images/test/data/Just_Images/Caucasian/Man/m.02mxsf_0003.jpg,0.8949214816093445,0
../images/test/data/Just_Images/Caucasian/Man/m.047wsq_0001.jpg,../images/test/data/Just_Images/Caucasian/Man/m.03tg3x_0001.jpg,0.8851709961891174,0
../images/test/data/Just_Images/Caucasian/Man/m.0d3dsv_0003.jpg,../images/test/data/Just_Images/Caucasian/Man/m.01pp4dr_0003.jpg,0.8850603103637695,0
../images/test/data/Just_Images/Caucasian/Man/m.037gr7_0003.jpg,../images/test/data/Just_Images/Caucasian/Man/m.070sx4_0001.jpg,0.8614445924758911,0
../images/test/data/Just_Images/Caucasian/Man/m.03fb4k_0001.jpg,../images/test/data/Just_Images/Caucasian/Man/m.04tqf5_0001.jpg,0.8109133243560791,0
../images/test/data/Just_Images/Caucasian/Man/m.026vl3n_0001.jpg,../images/test/data/Just_Images/Caucasian/Man/m.0274k36_0001.jpg,0.8876727819442749,0
../images/test/data/Just_Images/Caucasian/Woman/m.03hnw8t_0003.jpg,../images/test/data/Just_Images/Caucasian/Woman/m.0cj96t_0003.jpg,0.9478476047515869,0
../images/test/data/Just_Images/Caucasian/Man/m.09k3x__0004.jpg,../images/test/data/Just_Images/Caucasian/Man/m.055lvl_0004.jpg,0.9083622694015503,0
../images/test/data/Just_Images/Caucasian/Man/m.0gprt0_0002.jpg,../images/test/data/Just_Images/Caucasian/Man/m.08324h_0003.jpg,0.872219443321228,0
../images/test/data/Just_Images/Caucasian/Man/m.0375lc_0002.jpg,../images/test/data/Just_Images/Caucasian/Man/m.03fqnx_0002.jpg,0.8491511344909668,0
../images/test/data/Just_Images/Caucasian/Man/m.065z4ks_0001.jpg,../images/test/data/Just_Images/Caucasian/Man/m.0gmf21f_0004.jpg,0.8868639469146729,0
../images/test/data/Just_Images/Caucasian/Man/m.07k8vcv_0001.jpg,../images/test/data/Just_Images/Caucasian/Man/m.0jjr6g7_0003.jpg,0.9132394790649414,0
../images/test/data/Just_Images/Caucasian/Man/m.04d27_9_0004.jpg,../images/test/data/Just_Images/Caucasian/Man/m.06n7m8_0005.jpg,0.8751879930496216,0
../images/test/data/Just_Images/Caucasian/Woman/m.03hh_d__0001.jpg,../images/test/data/Just_Images/Caucasian/Woman/m.09j5bm_0003.jpg,0.8978829383850098,0
../images/test/data/Just_Images/Caucasian/Man/m.01h7h0_0001.jpg,../images/test/data/Just_Images/Caucasian/Man/m.05446h_0003.jpg,0.8374508619308472,0
../images/test/data/Just_Images/Caucasian/Man/m.01b9z4_0003.jpg,../images/test/data/Just_Images/Caucasian/Man/m.05zp1qt_0006.jpg,0.852314829826355,0
../images/test/data/Just_Images/Caucasian/Woman/m.0dgmz7b_0001.jpg,../images/test/data/Just_Images/Caucasian/Woman/m.04gl6yr_0004.jpg,0.8674999475479126,0
../images/test/data/Just_Images/Caucasian/Woman/m.02jm9s_0003.jpg,../images/test/data/Just_Images/Caucasian/Woman/m.02r3s49_0003.jpg,0.852472186088562,0
../images/test/data/Just_Images/Caucasian/Man/m.01v7fg_0002.jpg,../images/test/data/Just_Images/Caucasian/Man/m.04t0nb_0001.jpg,0.9131360054016113,0
../images/test/data/Just_Images/Caucasian/Man/m.0dvygq_0002.jpg,../images/test/data/Just_Images/Caucasian/Woman/m.04f07rj_0003.jpg,0.8957278728485107,0
../images/test/data/Just_Images/Caucasian/Man/m.03hr9s_0001.jpg,../images/test/data/Just_Images/Caucasian/Man/m.01wzz4w_0001.jpg,0.8967192769050598,0
../images/test/data/Just_Images/Caucasian/Man/m.04dyc2_0003.jpg,../images/test/data/Just_Images/Caucasian/Man/m.02rb3_m_0001.jpg,0.943825900554657,0
../images/test/data/Just_Images/Caucasian/Man/m.026clqp_0003.jpg,../images/test/data/Just_Images/Caucasian/Woman/m.09fw4r_0004.jpg,0.9077650308609009,0
../images/test/data/Just_Images/Caucasian/Man/m.03h1d2q_0001.jpg,../images/test/data/Just_Images/Caucasian/Woman/m.071jvk_0001.jpg,0.8660469055175781,0
../images/test/data/Just_Images/Caucasian/Woman/m.03d8_4b_0003.jpg,../images/test/data/Just_Images/Caucasian/Woman/m.06zrb8x_0003.jpg,0.9009959697723389,0
../images/test/data/Just_Images/Caucasian/Man/m.07fwwt_0002.jpg,../images/test/data/Just_Images/Caucasian/Man/m.080ljpg_0002.jpg,0.8769751787185669,0
../images/test/data/Just_Images/Caucasian/Man/m.0bvgm4_0001.jpg,../images/test/data/Just_Images/Caucasian/Man/m.02nqdy_0002.jpg,0.928687334060669,0
../images/test/data/Just_Images/Caucasian/Man/m.0j_kn3_0002.jpg,../images/test/data/Just_Images/Caucasian/Man/m.02z594b_0003.jpg,0.8801233172416687,0
../images/test/data/Just_Images/Caucasian/Man/m.07f8wg_0006.jpg,../images/test/data/Just_Images/Caucasian/Man/m.05nz3b_0002.jpg,0.8873329162597656,0
../images/test/data/Just_Images/Caucasian/Man/m.0ds2zpy_0002.jpg,../images/test/data/Just_Images/Caucasian/Man/m.01n1tq_0001.jpg,0.8498369455337524,0
../images/test/data/Just_Images/Caucasian/Man/m.0556gt_0002.jpg,../images/test/data/Just_Images/Caucasian/Man/m.01fr15_0001.jpg,0.9067851305007935,0
../images/test/data/Just_Images/Caucasian/Man/m.07l8vs_0001.jpg,../images/test/data/Just_Images/Caucasian/Man/m.051yv36_0002.jpg,0.9020930528640747,0
../images/test/data/Just_Images/Caucasian/Man/m.02r2pg_0002.jpg,../images/test/data/Just_Images/Caucasian/Man/m.0grg6k_0001.jpg,0.9221617579460144,0
../images/test/data/Just_Images/Caucasian/Man/m.03qfqy8_0002.jpg,../images/test/data/Just_Images/Caucasian/Woman/m.03s27c_0003.jpg,0.8616200089454651,0
../images/test/data/Just_Images/Caucasian/Man/m.052_g76_0001.jpg,../images/test/data/Just_Images/Caucasian/Man/m.054n91_0001.jpg,0.9036566615104675,0
../images/test/data/Just_Images/Caucasian/Woman/m.047tfjl_0001.jpg,../images/test/data/Just_Images/Caucasian/Woman/m.04_ct7_0003.jpg,0.9206188321113586,0
../images/test/data/Just_Images/Caucasian/Man/m.01kdft_0003.jpg,../images/test/data/Just_Images/Caucasian/Man/m.027nrf1_0001.jpg,0.8600118160247803,0
../images/test/data/Just_Images/Caucasian/Man/m.0gff83x_0003.jpg,../images/test/data/Just_Images/Caucasian/Man/m.09mrbq_0001.jpg,0.9046483039855957,0
../images/test/data/Just_Images/Caucasian/Man/m.088qgm_0002.jpg,../images/test/data/Just_Images/Caucasian/Man/m.02vpmlq_0006.jpg,0.927054762840271,0
../images/test/data/Just_Images/Caucasian/Man/m.026964z_0004.jpg,../images/test/data/Just_Images/Caucasian/Man/m.09gcnp_0005.jpg,0.8871669769287109,0
../images/test/data/Just_Images/Caucasian/Woman/m.082vy3_0004.jpg,../images/test/data/Just_Images/Caucasian/Man/m.01pn28c_0005.jpg,0.8592498302459717,0
../images/test/data/Just_Images/Caucasian/Man/m.07f4wr_0002.jpg,../images/test/data/Just_Images/Caucasian/Man/m.0fqmjr4_0002.jpg,0.9363663196563721,0
../images/test/data/Just_Images/Caucasian/Man/m.01vrpnp_0004.jpg,../images/test/data/Just_Images/Caucasian/Man/m.01mz41_0002.jpg,0.8782886266708374,0
../images/test/data/Just_Images/Caucasian/Man/m.0ywm0_0002.jpg,../images/test/data/Just_Images/Caucasian/Man/m.01rq7g2_0003.jpg,0.7860444784164429,0
../images/test/data/Just_Images/Caucasian/Man/m.0k29vbc_0004.jpg,../images/test/data/Just_Images/Caucasian/Man/m.0kvk5yk_0004.jpg,0.9448938965797424,0
../images/test/data/Just_Images/Caucasian/Woman/m.07k8dl_0003.jpg,../images/test/data/Just_Images/Caucasian/Woman/m.046k2j_0001.jpg,0.9434324502944946,0
../images/test/data/Just_Images/Caucasian/Man/m.0c68ds_0002.jpg,../images/test/data/Just_Images/Caucasian/Man/m.06ck88_0001.jpg,0.9302345514297485,0
../images/test/data/Just_Images/Caucasian/Man/m.01nwty_0005.jpg,../images/test/data/Just_Images/Caucasian/Man/m.070p26_0002.jpg,0.9161301851272583,0
../images/test/data/Just_Images/Caucasian/Man/m.08dgms_0003.jpg,../images/test/data/Just_Images/Caucasian/Man/m.0qkrj_0003.jpg,0.9005471467971802,0
../images/test/data/Just_Images/Caucasian/Man/m.028bp9z_0001.jpg,../images/test/data/Just_Images/Caucasian/Man/m.05q4wp_0002.jpg,0.84088134765625,0
../images/test/data/Just_Images/Caucasian/Man/m.08cs1q_0001.jpg,../images/test/data/Just_Images/Caucasian/Woman/m.03qg12_0001.jpg,0.9284399747848511,0
../images/test/data/Just_Images/Caucasian/Woman/m.01r0fmm_0001.jpg,../images/test/data/Just_Images/Caucasian/Woman/m.0505bd_0002.jpg,0.8060171604156494,0
../images/test/data/Just_Images/Caucasian/Woman/m.033b99_0002.jpg,../images/test/data/Just_Images/Caucasian/Woman/m.05sxkvq_0003.jpg,0.8602838516235352,0
../images/test/data/Just_Images/Caucasian/Man/m.04smc9_0005.jpg,../images/test/data/Just_Images/Caucasian/Woman/m.04pdlf_0005.jpg,0.9546443819999695,0
../images/test/data/Just_Images/Caucasian/Man/m.02lyx4_0001.jpg,../images/test/data/Just_Images/Caucasian/Man/m.02nlps_0002.jpg,0.9263390302658081,0
../images/test/data/Just_Images/Caucasian/Man/m.03mhsl_0001.jpg,../images/test/data/Just_Images/Caucasian/Man/m.01rcnr_0001.jpg,0.9014332294464111,0
../images/test/data/Just_Images/Caucasian/Man/m.0cm12j_0003.jpg,../images/test/data/Just_Images/Caucasian/Man/m.03c55bh_0002.jpg,0.9335199594497681,0
../images/test/data/Just_Images/Caucasian/Man/m.0qf43_0003.jpg,../images/test/data/Just_Images/Caucasian/Man/m.036mnn_0003.jpg,0.8969471454620361,0
../images/test/data/Just_Images/Caucasian/Man/m.06dj3d_0003.jpg,../images/test/data/Just_Images/Caucasian/Woman/m.05qf9m_0002.jpg,0.8542304039001465,0
../images/test/data/Just_Images/Caucasian/Woman/m.02rygs7_0001.jpg,../images/test/data/Just_Images/Caucasian/Man/m.04qb28n_0001.jpg,0.8146454691886902,0
../images/test/data/Just_Images/Caucasian/Man/m.090_l7_0001.jpg,../images/test/data/Just_Images/Caucasian/Man/m.0l8ll7__0003.jpg,0.8707444667816162,0
../images/test/data/Just_Images/Caucasian/Man/m.04wvhm_0003.jpg,../images/test/data/Just_Images/Caucasian/Man/m.0cp10r4_0001.jpg,0.9126893877983093,0
../images/test/data/Just_Images/Caucasian/Man/m.057dhc_0002.jpg,../images/test/data/Just_Images/Caucasian/Man/m.04smc9_0001.jpg,0.8795491456985474,0
../images/test/data/Just_Images/Caucasian/Man/m.0hgx__0001.jpg,../images/test/data/Just_Images/Caucasian/Man/m.05zkd3_0005.jpg,0.8385322690010071,0
../images/test/data/Just_Images/Caucasian/Man/m.026njl2_0002.jpg,../images/test/data/Just_Images/Caucasian/Man/m.025mv6_0005.jpg,0.9518293738365173,0
../images/test/data/Just_Images/Caucasian/Woman/m.04060hl_0001.jpg,../images/test/data/Just_Images/Caucasian/Man/m.02qxrlf_0002.jpg,0.8804324865341187,0
../images/test/data/Just_Images/Caucasian/Man/m.026kgl6_0002.jpg,../images/test/data/Just_Images/Caucasian/Man/m.05b1w7j_0001.jpg,0.8854858875274658,0
../images/test/data/Just_Images/Caucasian/Man/m.052nxy_0003.jpg,../images/test/data/Just_Images/Caucasian/Man/m.0dd9pp_0002.jpg,0.8863247632980347,0
../images/test/data/Just_Images/Caucasian/Woman/m.03gxw0v_0001.jpg,../images/test/data/Just_Images/Caucasian/Woman/m.02ssqb_0002.jpg,0.8181427717208862,0
../images/test/data/Just_Images/Caucasian/Man/m.08h_2n_0002.jpg,../images/test/data/Just_Images/Caucasian/Man/m.0g3_w3_0004.jpg,0.8473115563392639,0
../images/test/data/Just_Images/Caucasian/Woman/m.027sndm_0001.jpg,../images/test/data/Just_Images/Caucasian/Man/m.055lvl_0002.jpg,0.8129494190216064,0
../images/test/data/Just_Images/Caucasian/Man/m.070p26_0003.jpg,../images/test/data/Just_Images/Caucasian/Man/m.05c06qw_0003.jpg,0.8876868486404419,0
../images/test/data/Just_Images/Caucasian/Woman/m.02w160n_0002.jpg,../images/test/data/Just_Images/Caucasian/Woman/m.07xsrm_0003.jpg,0.9375666379928589,0
../images/test/data/Just_Images/Caucasian/Woman/m.06w9n4c_0002.jpg,../images/test/data/Just_Images/Caucasian/Man/m.098zc7_0004.jpg,0.7922526597976685,0
../images/test/data/Just_Images/Caucasian/Woman/m.01r4447_0001.jpg,../images/test/data/Just_Images/Caucasian/Man/m.0gff83x_0005.jpg,0.8991191387176514,0
../images/test/data/Just_Images/Caucasian/Man/m.01q3jw_0002.jpg,../images/test/data/Just_Images/Caucasian/Man/m.0bvs9n_0001.jpg,0.8605989217758179,0
../images/test/data/Just_Images/Caucasian/Man/m.015wfy_0001.jpg,../images/test/data/Just_Images/Caucasian/Man/m.04xs8v_0001.jpg,0.8351665735244751,0
../images/test/data/Just_Images/Caucasian/Man/m.01s440l_0002.jpg,../images/test/data/Just_Images/Caucasian/Woman/m.01_yqg_0002.jpg,0.7841792106628418,0
../images/test/data/Just_Images/Caucasian/Man/m.0903yz_0003.jpg,../images/test/data/Just_Images/Caucasian/Man/m.0343_2_0003.jpg,0.8644869327545166,0
../images/test/data/Just_Images/Caucasian/Man/m.01_my2_0001.jpg,../images/test/data/Just_Images/Caucasian/Man/m.09gcnp_0004.jpg,0.9371969699859619,0
../images/test/data/Just_Images/Caucasian/Man/m.08mq10_0002.jpg,../images/test/data/Just_Images/Caucasian/Man/m.01wzz4w_0002.jpg,0.7710715532302856,0
../images/test/data/Just_Images/Caucasian/Woman/m.0ch2qzm_0003.jpg,../images/test/data/Just_Images/Caucasian/Woman/m.02z35g0_0004.jpg,0.9142506122589111,0
../images/test/data/Just_Images/Caucasian/Man/m.01dh0y_0002.jpg,../images/test/data/Just_Images/Caucasian/Woman/m.0dczsx_0003.jpg,0.8740004301071167,0
../images/test/data/Just_Images/Caucasian/Man/m.04q2vd_0002.jpg,../images/test/data/Just_Images/Caucasian/Man/m.0585mx_0002.jpg,0.829828143119812,0
../images/test/data/Just_Images/Caucasian/Woman/m.0dns0b_0003.jpg,../images/test/data/Just_Images/Caucasian/Man/m.0570sb_0003.jpg,0.8611903786659241,0
../images/test/data/Just_Images/Caucasian/Woman/m.02qg85_0001.jpg,../images/test/data/Just_Images/Caucasian/Woman/m.0hjd1sz_0001.jpg,0.8771663308143616,0
../images/test/data/Just_Images/Caucasian/Woman/m.08jf6z_0001.jpg,../images/test/data/Just_Images/Caucasian/Man/m.02w6dfc_0001.jpg,0.8195888996124268,0
../images/test/data/Just_Images/Caucasian/Man/m.0vp0s6x_0002.jpg,../images/test/data/Just_Images/Caucasian/Man/m.056h0j_0002.jpg,0.8602070808410645,0
../images/test/data/Just_Images/Caucasian/Woman/m.0clh6c_0003.jpg,../images/test/data/Just_Images/Caucasian/Woman/m.025wgbz_0004.jpg,0.8894349336624146,0
../images/test/data/Just_Images/Caucasian/Woman/m.01l_vgt_0003.jpg,../images/test/data/Just_Images/Caucasian/Woman/m.06ctmv_0003.jpg,0.930155873298645,0
../images/test/data/Just_Images/Caucasian/Woman/m.04w9ky_0002.jpg,../images/test/data/Just_Images/Caucasian/Woman/m.0crk70_0003.jpg,0.8797169923782349,0
../images/test/data/Just_Images/Caucasian/Man/m.05wfmg_0002.jpg,../images/test/data/Just_Images/Caucasian/Man/m.0h55kdw_0003.jpg,0.8718903660774231,0
../images/test/data/Just_Images/Caucasian/Woman/m.0278nmt_0003.jpg,../images/test/data/Just_Images/Caucasian/Woman/m.03kcyd_0003.jpg,0.9103745222091675,0
../images/test/data/Just_Images/Caucasian/Man/m.04qchv_0004.jpg,../images/test/data/Just_Images/Caucasian/Man/m.015r3q_0003.jpg,0.8632305860519409,0
../images/test/data/Just_Images/Caucasian/Man/m.0pl0f4t_0003.jpg,../images/test/data/Just_Images/Caucasian/Man/m.02bkvf_0002.jpg,0.9082841873168945,0
../images/test/data/Just_Images/Caucasian/Man/m.03v75v_0002.jpg,../images/test/data/Just_Images/Caucasian/Man/m.0d8p05_0004.jpg,0.819145679473877,0
../images/test/data/Just_Images/Caucasian/Woman/m.02hg4r_0001.jpg,../images/test/data/Just_Images/Caucasian/Man/m.06js1c_0004.jpg,0.8707385063171387,0
../images/test/data/Just_Images/Caucasian/Woman/m.031rth_0003.jpg,../images/test/data/Just_Images/Caucasian/Woman/m.0d4yp7_0005.jpg,0.8837609887123108,0
../images/test/data/Just_Images/Caucasian/Man/m.053tmy_0002.jpg,../images/test/data/Just_Images/Caucasian/Man/m.01w923_0004.jpg,0.9015480875968933,0
../images/test/data/Just_Images/Caucasian/Man/m.07kv57_0003.jpg,../images/test/data/Just_Images/Caucasian/Woman/m.061f6y_0003.jpg,0.897646427154541,0
../images/test/data/Just_Images/Caucasian/Man/m.0c5_ym_0002.jpg,../images/test/data/Just_Images/Caucasian/Man/m.01r43l_0003.jpg,0.8739559650421143,0
../images/test/data/Just_Images/Caucasian/Man/m.0gqn_l_0003.jpg,../images/test/data/Just_Images/Caucasian/Man/m.098gx8_0001.jpg,0.8968328237533569,0
../images/test/data/Just_Images/Caucasian/Man/m.01vtj24_0003.jpg,../images/test/data/Just_Images/Caucasian/Man/m.06w5yn_0002.jpg,0.6922502517700195,0
../images/test/data/Just_Images/Caucasian/Woman/m.07kyrd_0004.jpg,../images/test/data/Just_Images/Caucasian/Man/m.03gryny_0001.jpg,0.9100781679153442,0
../images/test/data/Just_Images/Caucasian/Woman/m.03s27c_0002.jpg,../images/test/data/Just_Images/Caucasian/Man/m.0fqc0sl_0001.jpg,0.9038331508636475,0
../images/test/data/Just_Images/Caucasian/Man/m.04jg_m_0002.jpg,../images/test/data/Just_Images/Caucasian/Woman/m.04jm0kz_0001.jpg,0.9153249263763428,0
../images/test/data/Just_Images/Caucasian/Woman/m.023y9d_0004.jpg,../images/test/data/Just_Images/Caucasian/Man/m.0469sp_0003.jpg,0.8994513750076294,0
../images/test/data/Just_Images/Caucasian/Woman/m.01vzxld_0001.jpg,../images/test/data/Just_Images/Caucasian/Woman/m.05zt0d4_0005.jpg,0.9220935106277466,0
../images/test/data/Just_Images/Caucasian/Woman/m.05mw28f_0001.jpg,../images/test/data/Just_Images/Caucasian/Man/m.07_7fx_0005.jpg,0.8933854103088379,0
../images/test/data/Just_Images/Caucasian/Woman/m.0c6lw6_0001.jpg,../images/test/data/Just_Images/Caucasian/Man/m.049150_0002.jpg,0.8283230662345886,0
../images/test/data/Just_Images/Caucasian/Man/m.06g6fc_0001.jpg,../images/test/data/Just_Images/Caucasian/Man/m.0k29vbc_0003.jpg,0.9223951101303101,0
../images/test/data/Just_Images/Caucasian/Man/m.04640jp_0003.jpg,../images/test/data/Just_Images/Caucasian/Man/m.0bh9pqh_0002.jpg,0.7728413939476013,0
../images/test/data/Just_Images/Caucasian/Man/m.09pyn__0001.jpg,../images/test/data/Just_Images/Caucasian/Woman/m.085b_x_0004.jpg,0.8578857779502869,0
../images/test/data/Just_Images/Caucasian/Man/m.0hksb_0001.jpg,../images/test/data/Just_Images/Caucasian/Man/m.05szhj2_0001.jpg,0.9229907989501953,0
../images/test/data/Just_Images/Caucasian/Man/m.0fn_s7_0002.jpg,../images/test/data/Just_Images/Caucasian/Man/m.01ms1ty_0001.jpg,0.8600863218307495,0
../images/test/data/Just_Images/Caucasian/Man/m.01wmdh_0002.jpg,../images/test/data/Just_Images/Caucasian/Man/m.05ng1h_0001.jpg,0.8206660747528076,0
../images/test/data/Just_Images/Caucasian/Man/m.02xccx_0002.jpg,../images/test/data/Just_Images/Caucasian/Man/m.05t01gy_0003.jpg,0.8888528347015381,0
../images/test/data/Just_Images/Caucasian/Woman/m.0cgx_p_0001.jpg,../images/test/data/Just_Images/Caucasian/Woman/m.02qq_f2_0003.jpg,0.8561640977859497,0
../images/test/data/Just_Images/Caucasian/Man/m.04n4b2d_0003.jpg,../images/test/data/Just_Images/Caucasian/Man/m.028116t_0003.jpg,0.8992003202438354,0
../images/test/data/Just_Images/Caucasian/Man/m.038bht_0003.jpg,../images/test/data/Just_Images/Caucasian/Man/m.0406n6v_0005.jpg,0.8856816291809082,0
../images/test/data/Just_Images/Caucasian/Man/m.012vby_0002.jpg,../images/test/data/Just_Images/Caucasian/Man/m.012vby_0001.jpg,0.9361558556556702,1
../images/test/data/Just_Images/Caucasian/Woman/m.0gjb1y4_0001.jpg,../images/test/data/Just_Images/Caucasian/Woman/m.0gjb1y4_0003.jpg,0.9514955878257751,1
../images/test/data/Just_Images/Caucasian/Man/m.076xd2d_0002.jpg,../images/test/data/Just_Images/Caucasian/Man/m.076xd2d_0004.jpg,0.7769495248794556,1
../images/test/data/Just_Images/Caucasian/Man/m.052796_0001.jpg,../images/test/data/Just_Images/Caucasian/Man/m.052796_0002.jpg,0.8606793284416199,1
../images/test/data/Just_Images/Caucasian/Man/m.013r6h_0003.jpg,../images/test/data/Just_Images/Caucasian/Man/m.013r6h_0002.jpg,0.9597142934799194,1
../images/test/data/Just_Images/Caucasian/Man/m.06xs7f_0004.jpg,../images/test/data/Just_Images/Caucasian/Man/m.06xs7f_0002.jpg,0.7978799939155579,1
../images/test/data/Just_Images/Caucasian/Man/m.02rm8qb_0003.jpg,../images/test/data/Just_Images/Caucasian/Man/m.02rm8qb_0004.jpg,0.8311153650283813,1
../images/test/data/Just_Images/Caucasian/Man/m.024qdq_0003.jpg,../images/test/data/Just_Images/Caucasian/Man/m.024qdq_0002.jpg,0.8742415904998779,1
../images/test/data/Just_Images/Caucasian/Man/m.07k8vcv_0003.jpg,../images/test/data/Just_Images/Caucasian/Man/m.07k8vcv_0004.jpg,0.7857799530029297,1
../images/test/data/Just_Images/Caucasian/Man/m.086n_m_0001.jpg,../images/test/data/Just_Images/Caucasian/Man/m.086n_m_0003.jpg,0.7876147627830505,1
../images/test/data/Just_Images/Caucasian/Woman/m.026c2ys_0003.jpg,../images/test/data/Just_Images/Caucasian/Woman/m.026c2ys_0001.jpg,0.9251501560211182,1
../images/test/data/Just_Images/Caucasian/Man/m.03j2x66_0001.jpg,../images/test/data/Just_Images/Caucasian/Man/m.03j2x66_0002.jpg,0.8016732931137085,1
../images/test/data/Just_Images/Caucasian/Man/m.05pg_g_0002.jpg,../images/test/data/Just_Images/Caucasian/Man/m.05pg_g_0003.jpg,0.9096343517303467,1
../images/test/data/Just_Images/Caucasian/Woman/m.0278nmt_0004.jpg,../images/test/data/Just_Images/Caucasian/Woman/m.0278nmt_0001.jpg,0.8519006967544556,1
../images/test/data/Just_Images/Caucasian/Woman/m.0gcr4zx_0001.jpg,../images/test/data/Just_Images/Caucasian/Woman/m.0gcr4zx_0002.jpg,0.9146749377250671,1
../images/test/data/Just_Images/Caucasian/Man/m.03n223_0002.jpg,../images/test/data/Just_Images/Caucasian/Man/m.03n223_0001.jpg,0.9685425758361816,1
../images/test/data/Just_Images/Caucasian/Man/m.0ch0s8l_0003.jpg,../images/test/data/Just_Images/Caucasian/Man/m.0ch0s8l_0001.jpg,0.9032831192016602,1
../images/test/data/Just_Images/Caucasian/Woman/m.0ggym9_0002.jpg,../images/test/data/Just_Images/Caucasian/Woman/m.0ggym9_0003.jpg,0.7005809545516968,1
../images/test/data/Just_Images/Caucasian/Man/m.04wvhm_0002.jpg,../images/test/data/Just_Images/Caucasian/Man/m.04wvhm_0001.jpg,0.967865526676178,1
../images/test/data/Just_Images/Caucasian/Man/m.0hr3h8d_0001.jpg,../images/test/data/Just_Images/Caucasian/Man/m.0hr3h8d_0002.jpg,0.7942132949829102,1
../images/test/data/Just_Images/Caucasian/Man/m.026f_v3_0002.jpg,../images/test/data/Just_Images/Caucasian/Man/m.026f_v3_0001.jpg,0.865972638130188,1
../images/test/data/Just_Images/Caucasian/Woman/m.03yh_sw_0002.jpg,../images/test/data/Just_Images/Caucasian/Woman/m.03yh_sw_0001.jpg,0.8796716332435608,1
../images/test/data/Just_Images/Caucasian/Woman/m.02pnymq_0002.jpg,../images/test/data/Just_Images/Caucasian/Woman/m.02pnymq_0001.jpg,0.8673769235610962,1
../images/test/data/Just_Images/Caucasian/Woman/m.05r56y_0001.jpg,../images/test/data/Just_Images/Caucasian/Woman/m.05r56y_0003.jpg,0.9688934087753296,1
../images/test/data/Just_Images/Caucasian/Man/m.01z9br_0001.jpg,../images/test/data/Just_Images/Caucasian/Man/m.01z9br_0002.jpg,0.8503873348236084,1
../images/test/data/Just_Images/Caucasian/Man/m.09rscjd_0001.jpg,../images/test/data/Just_Images/Caucasian/Man/m.09rscjd_0003.jpg,0.7978893518447876,1
../images/test/data/Just_Images/Caucasian/Man/m.047by6p_0003.jpg,../images/test/data/Just_Images/Caucasian/Man/m.047by6p_0001.jpg,0.8857656717300415,1
../images/test/data/Just_Images/Caucasian/Man/m.0bgjp9_0004.jpg,../images/test/data/Just_Images/Caucasian/Man/m.0bgjp9_0002.jpg,0.8533273339271545,1
../images/test/data/Just_Images/Caucasian/Woman/m.0660zg_0002.jpg,../images/test/data/Just_Images/Caucasian/Woman/m.0660zg_0003.jpg,0.9110108613967896,1
../images/test/data/Just_Images/Caucasian/Man/m.08r536_0002.jpg,../images/test/data/Just_Images/Caucasian/Man/m.08r536_0003.jpg,0.9150744676589966,1
../images/test/data/Just_Images/Caucasian/Woman/m.033jd0_0002.jpg,../images/test/data/Just_Images/Caucasian/Woman/m.033jd0_0001.jpg,0.8972340822219849,1
../images/test/data/Just_Images/Caucasian/Woman/m.05ngcv_0002.jpg,../images/test/data/Just_Images/Caucasian/Woman/m.05ngcv_0004.jpg,0.881110668182373,1
../images/test/data/Just_Images/Caucasian/Man/m.01n2_7_0003.jpg,../images/test/data/Just_Images/Caucasian/Man/m.01n2_7_0001.jpg,0.8871861696243286,1
../images/test/data/Just_Images/Caucasian/Man/m.017lcg_0001.jpg,../images/test/data/Just_Images/Caucasian/Man/m.017lcg_0003.jpg,0.8939921259880066,1
../images/test/data/Just_Images/Caucasian/Man/m.04gtd0j_0002.jpg,../images/test/data/Just_Images/Caucasian/Man/m.04gtd0j_0001.jpg,0.9069145917892456,1
../images/test/data/Just_Images/Caucasian/Woman/m.03r0b__0003.jpg,../images/test/data/Just_Images/Caucasian/Woman/m.03r0b__0001.jpg,0.876750111579895,1
../images/test/data/Just_Images/Caucasian/Woman/m.0c2g8y_0002.jpg,../images/test/data/Just_Images/Caucasian/Woman/m.0c2g8y_0003.jpg,0.8656275272369385,1
../images/test/data/Just_Images/Caucasian/Man/m.04vzp3_0006.jpg,../images/test/data/Just_Images/Caucasian/Man/m.04vzp3_0005.jpg,0.9022924900054932,1
../images/test/data/Just_Images/Caucasian/Man/m.02fr47_0002.jpg,../images/test/data/Just_Images/Caucasian/Man/m.02fr47_0001.jpg,0.9368365406990051,1
../images/test/data/Just_Images/Caucasian/Man/m.01pgwcf_0002.jpg,../images/test/data/Just_Images/Caucasian/Man/m.01pgwcf_0001.jpg,0.9575545787811279,1
../images/test/data/Just_Images/Caucasian/Man/m.02nlps_0003.jpg,../images/test/data/Just_Images/Caucasian/Man/m.02nlps_0005.jpg,0.8415548205375671,1
../images/test/data/Just_Images/Caucasian/Woman/m.0gyt6gp_0002.jpg,../images/test/data/Just_Images/Caucasian/Woman/m.0gyt6gp_0001.jpg,0.8995164036750793,1
../images/test/data/Just_Images/Caucasian/Man/m.02wcgst_0001.jpg,../images/test/data/Just_Images/Caucasian/Man/m.02wcgst_0003.jpg,0.8950527906417847,1
../images/test/data/Just_Images/Caucasian/Man/m.03nxrdn_0002.jpg,../images/test/data/Just_Images/Caucasian/Man/m.03nxrdn_0003.jpg,0.8690522909164429,1
../images/test/data/Just_Images/Caucasian/Woman/m.04q3w0_0002.jpg,../images/test/data/Just_Images/Caucasian/Woman/m.04q3w0_0001.jpg,0.9297446608543396,1
../images/test/data/Just_Images/Caucasian/Man/m.07s9qmw_0001.jpg,../images/test/data/Just_Images/Caucasian/Man/m.07s9qmw_0002.jpg,0.7951545715332031,1
../images/test/data/Just_Images/Caucasian/Man/m.05pc2qb_0003.jpg,../images/test/data/Just_Images/Caucasian/Man/m.05pc2qb_0001.jpg,0.8634693622589111,1
../images/test/data/Just_Images/Caucasian/Man/m.01p0ddf_0001.jpg,../images/test/data/Just_Images/Caucasian/Man/m.01p0ddf_0004.jpg,0.7610658407211304,1
../images/test/data/Just_Images/Caucasian/Woman/m.09jt31_0001.jpg,../images/test/data/Just_Images/Caucasian/Woman/m.09jt31_0002.jpg,0.9461019039154053,1
../images/test/data/Just_Images/Caucasian/Man/m.088ggh_0002.jpg,../images/test/data/Just_Images/Caucasian/Man/m.088ggh_0003.jpg,0.8770776987075806,1
../images/test/data/Just_Images/Caucasian/Man/m.0416x13_0002.jpg,../images/test/data/Just_Images/Caucasian/Man/m.0416x13_0003.jpg,0.932166576385498,1
../images/test/data/Just_Images/Caucasian/Man/m.024kfg_0002.jpg,../images/test/data/Just_Images/Caucasian/Man/m.024kfg_0003.jpg,0.9339076280593872,1
../images/test/data/Just_Images/Caucasian/Man/m.01k8f20_0002.jpg,../images/test/data/Just_Images/Caucasian/Man/m.01k8f20_0003.jpg,0.939193069934845,1
../images/test/data/Just_Images/Caucasian/Man/m.068_x__0002.jpg,../images/test/data/Just_Images/Caucasian/Man/m.068_x__0001.jpg,0.8581877946853638,1
../images/test/data/Just_Images/Caucasian/Man/m.0h1bwl__0002.jpg,../images/test/data/Just_Images/Caucasian/Man/m.0h1bwl__0001.jpg,0.8845417499542236,1
../images/test/data/Just_Images/Caucasian/Woman/m.0chlpf_0003.jpg,../images/test/data/Just_Images/Caucasian/Woman/m.0chlpf_0001.jpg,0.9204810857772827,1
../images/test/data/Just_Images/Caucasian/Man/m.02rjgqf_0003.jpg,../images/test/data/Just_Images/Caucasian/Man/m.02rjgqf_0004.jpg,0.8424726724624634,1
../images/test/data/Just_Images/Caucasian/Man/m.03f4nyq_0003.jpg,../images/test/data/Just_Images/Caucasian/Man/m.03f4nyq_0002.jpg,0.8886603116989136,1
../images/test/data/Just_Images/Caucasian/Man/m.0fqlqnl_0002.jpg,../images/test/data/Just_Images/Caucasian/Man/m.0fqlqnl_0004.jpg,0.8928389549255371,1
../images/test/data/Just_Images/Caucasian/Man/m.0182vk_0003.jpg,../images/test/data/Just_Images/Caucasian/Man/m.0182vk_0001.jpg,0.9406722784042358,1
../images/test/data/Just_Images/Caucasian/Man/m.01w9m0k_0002.jpg,../images/test/data/Just_Images/Caucasian/Man/m.01w9m0k_0004.jpg,0.8182791471481323,1
../images/test/data/Just_Images/Caucasian/Man/m.04rp8n_0001.jpg,../images/test/data/Just_Images/Caucasian/Man/m.04rp8n_0003.jpg,0.8786771893501282,1
../images/test/data/Just_Images/Caucasian/Man/m.01wf0wf_0003.jpg,../images/test/data/Just_Images/Caucasian/Man/m.01wf0wf_0001.jpg,0.8508353233337402,1
../images/test/data/Just_Images/Caucasian/Woman/m.0gxzz2d_0001.jpg,../images/test/data/Just_Images/Caucasian/Woman/m.0gxzz2d_0002.jpg,0.8671361804008484,1
../images/test/data/Just_Images/Caucasian/Man/m.0883zh_0003.jpg,../images/test/data/Just_Images/Caucasian/Man/m.0883zh_0004.jpg,0.8757538795471191,1
../images/test/data/Just_Images/Caucasian/Man/m.02jqhg_0002.jpg,../images/test/data/Just_Images/Caucasian/Man/m.02jqhg_0001.jpg,0.9373336434364319,1
../images/test/data/Just_Images/Caucasian/Man/m.0gcxbt6_0003.jpg,../images/test/data/Just_Images/Caucasian/Man/m.0gcxbt6_0004.jpg,0.8518273830413818,1
../images/test/data/Just_Images/Caucasian/Man/m.0413d4v_0001.jpg,../images/test/data/Just_Images/Caucasian/Man/m.0413d4v_0003.jpg,0.888768196105957,1
../images/test/data/Just_Images/Caucasian/Man/m.04n3cm__0003.jpg,../images/test/data/Just_Images/Caucasian/Man/m.04n3cm__0002.jpg,0.8685806393623352,1
../images/test/data/Just_Images/Caucasian/Man/m.0342z8_0004.jpg,../images/test/data/Just_Images/Caucasian/Man/m.0342z8_0005.jpg,0.8458738327026367,1
../images/test/data/Just_Images/Caucasian/Man/m.05m73f_0001.jpg,../images/test/data/Just_Images/Caucasian/Man/m.05m73f_0004.jpg,0.9129819273948669,1
../images/test/data/Just_Images/Caucasian/Man/m.09592__0004.jpg,../images/test/data/Just_Images/Caucasian/Man/m.09592__0002.jpg,0.722603440284729,1
../images/test/data/Just_Images/Caucasian/Man/m.04dyc2_0001.jpg,../images/test/data/Just_Images/Caucasian/Man/m.04dyc2_0002.jpg,0.9622510075569153,1
../images/test/data/Just_Images/Caucasian/Man/m.0268b9l_0002.jpg,../images/test/data/Just_Images/Caucasian/Man/m.0268b9l_0001.jpg,0.9108985066413879,1
../images/test/data/Just_Images/Caucasian/Woman/m.03xk5q_0001.jpg,../images/test/data/Just_Images/Caucasian/Woman/m.03xk5q_0002.jpg,0.7834486365318298,1
../images/test/data/Just_Images/Caucasian/Man/m.076pcx_0003.jpg,../images/test/data/Just_Images/Caucasian/Man/m.076pcx_0004.jpg,0.920114278793335,1
../images/test/data/Just_Images/Caucasian/Man/m.0240v_0004.jpg,../images/test/data/Just_Images/Caucasian/Man/m.0240v_0002.jpg,0.8400080800056458,1
../images/test/data/Just_Images/Caucasian/Man/m.08093s1_0002.jpg,../images/test/data/Just_Images/Caucasian/Man/m.08093s1_0001.jpg,0.8984235525131226,1
../images/test/data/Just_Images/Caucasian/Man/m.03yly5c_0002.jpg,../images/test/data/Just_Images/Caucasian/Man/m.03yly5c_0003.jpg,0.8929744362831116,1
../images/test/data/Just_Images/Caucasian/Man/m.0by0n0x_0003.jpg,../images/test/data/Just_Images/Caucasian/Man/m.0by0n0x_0001.jpg,0.9119848012924194,1
../images/test/data/Just_Images/Caucasian/Man/m.02jmd9_0001.jpg,../images/test/data/Just_Images/Caucasian/Man/m.02jmd9_0002.jpg,0.9643383026123047,1
../images/test/data/Just_Images/Caucasian/Man/m.077b2t_0002.jpg,../images/test/data/Just_Images/Caucasian/Man/m.077b2t_0001.jpg,0.8206353187561035,1
../images/test/data/Just_Images/Caucasian/Man/m.065yspj_0002.jpg,../images/test/data/Just_Images/Caucasian/Man/m.065yspj_0001.jpg,0.8608508110046387,1
../images/test/data/Just_Images/Caucasian/Man/m.03fb4k_0002.jpg,../images/test/data/Just_Images/Caucasian/Man/m.03fb4k_0003.jpg,0.9150587320327759,1
../images/test/data/Just_Images/Caucasian/Woman/m.0h57ml_0002.jpg,../images/test/data/Just_Images/Caucasian/Woman/m.0h57ml_0001.jpg,0.8835316300392151,1
../images/test/data/Just_Images/Caucasian/Woman/m.09xv1s_0001.jpg,../images/test/data/Just_Images/Caucasian/Woman/m.09xv1s_0002.jpg,0.8040742874145508,1
../images/test/data/Just_Images/Caucasian/Woman/m.02729k2_0003.jpg,../images/test/data/Just_Images/Caucasian/Woman/m.02729k2_0002.jpg,0.9221087694168091,1
../images/test/data/Just_Images/Caucasian/Woman/m.07ybmn3_0002.jpg,../images/test/data/Just_Images/Caucasian/Woman/m.07ybmn3_0005.jpg,0.8941292762756348,1
../images/test/data/Just_Images/Caucasian/Man/m.08g2t9_0003.jpg,../images/test/data/Just_Images/Caucasian/Man/m.08g2t9_0001.jpg,0.6844173669815063,1
../images/test/data/Just_Images/Caucasian/Man/m.0bs1_8b_0003.jpg,../images/test/data/Just_Images/Caucasian/Man/m.0bs1_8b_0004.jpg,0.9329079389572144,1
../images/test/data/Just_Images/Caucasian/Woman/m.096lpb_0001.jpg,../images/test/data/Just_Images/Caucasian/Woman/m.096lpb_0002.jpg,0.9169368743896484,1
../images/test/data/Just_Images/Caucasian/Woman/m.0py0d6m_0001.jpg,../images/test/data/Just_Images/Caucasian/Woman/m.0py0d6m_0003.jpg,0.9623069763183594,1
../images/test/data/Just_Images/Caucasian/Man/m.06x1j0_0001.jpg,../images/test/data/Just_Images/Caucasian/Man/m.06x1j0_0004.jpg,0.8331702947616577,1
../images/test/data/Just_Images/Caucasian/Man/m.0gg54b_0002.jpg,../images/test/data/Just_Images/Caucasian/Man/m.0gg54b_0003.jpg,0.8985418081283569,1
../images/test/data/Just_Images/Caucasian/Man/m.06wc_j_0001.jpg,../images/test/data/Just_Images/Caucasian/Man/m.06wc_j_0002.jpg,0.7679706811904907,1
../images/test/data/Just_Images/Caucasian/Man/m.076tz6w_0001.jpg,../images/test/data/Just_Images/Caucasian/Man/m.076tz6w_0002.jpg,0.870517373085022,1
../images/test/data/Just_Images/Caucasian/Man/m.09571f_0004.jpg,../images/test/data/Just_Images/Caucasian/Man/m.09571f_0001.jpg,0.8428570032119751,1
../images/test/data/Just_Images/Caucasian/Man/m.01ndxh_0003.jpg,../images/test/data/Just_Images/Caucasian/Man/m.01ndxh_0002.jpg,0.9224306344985962,1
../images/test/data/Just_Images/Caucasian/Woman/m.03csqtf_0002.jpg,../images/test/data/Just_Images/Caucasian/Woman/m.03csqtf_0001.jpg,0.9168431162834167,1
../images/test/data/Just_Images/Caucasian/Man/m.040539_0001.jpg,../images/test/data/Just_Images/Caucasian/Man/m.040539_0003.jpg,0.8862949013710022,1
../images/test/data/Just_Images/Caucasian/Man/m.09s2q1_0002.jpg,../images/test/data/Just_Images/Caucasian/Man/m.09s2q1_0004.jpg,0.7516727447509766,1
../images/test/data/Just_Images/Caucasian/Man/m.08lnh1_0001.jpg,../images/test/data/Just_Images/Caucasian/Man/m.08lnh1_0002.jpg,0.8689844608306885,1
../images/test/data/Just_Images/Caucasian/Man/m.065_6vy_0001.jpg,../images/test/data/Just_Images/Caucasian/Man/m.065_6vy_0002.jpg,0.7585530281066895,1
../images/test/data/Just_Images/Caucasian/Woman/m.0cjxmt_0001.jpg,../images/test/data/Just_Images/Caucasian/Woman/m.0cjxmt_0002.jpg,0.9162182807922363,1
../images/test/data/Just_Images/Caucasian/Man/m.0hcpk_0001.jpg,../images/test/data/Just_Images/Caucasian/Man/m.0hcpk_0003.jpg,0.8197696805000305,1
../images/test/data/Just_Images/Caucasian/Man/m.01l4g5_0001.jpg,../images/test/data/Just_Images/Caucasian/Man/m.01l4g5_0002.jpg,0.8255885243415833,1
../images/test/data/Just_Images/Caucasian/Man/m.07z6n1_0003.jpg,../images/test/data/Just_Images/Caucasian/Man/m.07z6n1_0002.jpg,0.866738498210907,1
../images/test/data/Just_Images/Caucasian/Woman/m.09clgy_0002.jpg,../images/test/data/Just_Images/Caucasian/Woman/m.09clgy_0001.jpg,0.9712626934051514,1
../images/test/data/Just_Images/Caucasian/Woman/m.01k780_0003.jpg,../images/test/data/Just_Images/Caucasian/Woman/m.01k780_0002.jpg,0.8529788255691528,1
../images/test/data/Just_Images/Caucasian/Man/m.07nlcf_0001.jpg,../images/test/data/Just_Images/Caucasian/Man/m.07nlcf_0003.jpg,0.9032285213470459,1
../images/test/data/Just_Images/Caucasian/Man/m.0dtgnm_0002.jpg,../images/test/data/Just_Images/Caucasian/Man/m.0dtgnm_0003.jpg,0.6502525806427002,1
../images/test/data/Just_Images/Caucasian/Man/m.01mlm1j_0002.jpg,../images/test/data/Just_Images/Caucasian/Man/m.01mlm1j_0001.jpg,0.9212265014648438,1
../images/test/data/Just_Images/Caucasian/Man/m.03yx01_0001.jpg,../images/test/data/Just_Images/Caucasian/Man/m.03yx01_0003.jpg,0.5446491241455078,1
../images/test/data/Just_Images/Caucasian/Man/m.0g9zt_w_0002.jpg,../images/test/data/Just_Images/Caucasian/Man/m.0g9zt_w_0003.jpg,0.9167464971542358,1
../images/test/data/Just_Images/Caucasian/Man/m.027p_mq_0001.jpg,../images/test/data/Just_Images/Caucasian/Man/m.027p_mq_0003.jpg,0.9134429693222046,1
../images/test/data/Just_Images/Caucasian/Woman/m.0g04yz_0002.jpg,../images/test/data/Just_Images/Caucasian/Woman/m.0g04yz_0001.jpg,0.8600374460220337,1
../images/test/data/Just_Images/Caucasian/Man/m.0ffsy__0005.jpg,../images/test/data/Just_Images/Caucasian/Man/m.0ffsy__0006.jpg,0.7563488483428955,1
../images/test/data/Just_Images/Caucasian/Man/m.021chx_0002.jpg,../images/test/data/Just_Images/Caucasian/Man/m.021chx_0003.jpg,0.8452106714248657,1
../images/test/data/Just_Images/Caucasian/Man/m.0c9f3p_0001.jpg,../images/test/data/Just_Images/Caucasian/Man/m.0c9f3p_0003.jpg,0.9161167144775391,1
../images/test/data/Just_Images/Caucasian/Man/m.0c8fy1_0003.jpg,../images/test/data/Just_Images/Caucasian/Man/m.0c8fy1_0004.jpg,0.8792303800582886,1
../images/test/data/Just_Images/Caucasian/Woman/m.02z35g0_0002.jpg,../images/test/data/Just_Images/Caucasian/Woman/m.02z35g0_0001.jpg,0.8295285105705261,1
../images/test/data/Just_Images/Caucasian/Woman/m.0cqj2v_0002.jpg,../images/test/data/Just_Images/Caucasian/Woman/m.0cqj2v_0001.jpg,0.9185072183609009,1
../images/test/data/Just_Images/Caucasian/Man/m.02z1ff7_0002.jpg,../images/test/data/Just_Images/Caucasian/Man/m.02z1ff7_0001.jpg,0.8756831288337708,1
../images/test/data/Just_Images/Caucasian/Man/m.0qb5h83_0002.jpg,../images/test/data/Just_Images/Caucasian/Man/m.0qb5h83_0003.jpg,0.7696100473403931,1
../images/test/data/Just_Images/Caucasian/Man/m.04pw12_0003.jpg,../images/test/data/Just_Images/Caucasian/Man/m.04pw12_0002.jpg,0.9109878540039062,1
../images/test/data/Just_Images/Caucasian/Man/m.044tq_0004.jpg,../images/test/data/Just_Images/Caucasian/Man/m.044tq_0001.jpg,0.857037365436554,1
../images/test/data/Just_Images/Caucasian/Man/m.01n1tq_0003.jpg,../images/test/data/Just_Images/Caucasian/Man/m.01n1tq_0002.jpg,0.8542124032974243,1
../images/test/data/Just_Images/Caucasian/Man/m.0jf1b_0001.jpg,../images/test/data/Just_Images/Caucasian/Man/m.0jf1b_0002.jpg,0.9398550391197205,1
../images/test/data/Just_Images/Caucasian/Man/m.028qdb_0002.jpg,../images/test/data/Just_Images/Caucasian/Man/m.028qdb_0001.jpg,0.9014902114868164,1
../images/test/data/Just_Images/Caucasian/Man/m.05jyjn_0005.jpg,../images/test/data/Just_Images/Caucasian/Man/m.05jyjn_0004.jpg,0.8377600908279419,1
../images/test/data/Just_Images/Caucasian/Woman/m.0bpgsl_0002.jpg,../images/test/data/Just_Images/Caucasian/Woman/m.0bpgsl_0003.jpg,0.9529829025268555,1
../images/test/data/Just_Images/Caucasian/Man/m.0c7phlk_0003.jpg,../images/test/data/Just_Images/Caucasian/Man/m.0c7phlk_0004.jpg,0.91440749168396,1
../images/test/data/Just_Images/Caucasian/Man/m.09gfz4m_0001.jpg,../images/test/data/Just_Images/Caucasian/Man/m.09gfz4m_0002.jpg,0.840915322303772,1
../images/test/data/Just_Images/Caucasian/Man/m.09jryt_0002.jpg,../images/test/data/Just_Images/Caucasian/Man/m.09jryt_0001.jpg,0.8927783370018005,1
../images/test/data/Just_Images/Caucasian/Man/m.0264xpt_0002.jpg,../images/test/data/Just_Images/Caucasian/Man/m.0264xpt_0001.jpg,0.7830973267555237,1
../images/test/data/Just_Images/Caucasian/Woman/m.0ck1l0_0001.jpg,../images/test/data/Just_Images/Caucasian/Woman/m.0ck1l0_0002.jpg,0.8822921514511108,1
../images/test/data/Just_Images/Caucasian/Woman/m.034v42_0003.jpg,../images/test/data/Just_Images/Caucasian/Woman/m.034v42_0001.jpg,0.9533014893531799,1
../images/test/data/Just_Images/Caucasian/Man/m.035wq7_0001.jpg,../images/test/data/Just_Images/Caucasian/Man/m.035wq7_0003.jpg,0.8660329580307007,1
../images/test/data/Just_Images/Caucasian/Woman/m.0273sg4_0003.jpg,../images/test/data/Just_Images/Caucasian/Woman/m.0273sg4_0002.jpg,0.9008688926696777,1
../images/test/data/Just_Images/Caucasian/Man/m.06nbvm_0002.jpg,../images/test/data/Just_Images/Caucasian/Man/m.06nbvm_0001.jpg,0.9732265472412109,1
../images/test/data/Just_Images/Caucasian/Man/m.05szvj6_0005.jpg,../images/test/data/Just_Images/Caucasian/Man/m.05szvj6_0004.jpg,0.9225870370864868,1
../images/test/data/Just_Images/Caucasian/Man/m.02hcs_0001.jpg,../images/test/data/Just_Images/Caucasian/Man/m.02hcs_0003.jpg,0.9448584914207458,1
../images/test/data/Just_Images/Caucasian/Woman/m.0ch2qzm_0002.jpg,../images/test/data/Just_Images/Caucasian/Woman/m.0ch2qzm_0001.jpg,0.8415781259536743,1
../images/test/data/Just_Images/Caucasian/Man/m.027hr9k_0004.jpg,../images/test/data/Just_Images/Caucasian/Man/m.027hr9k_0002.jpg,0.8812386393547058,1
../images/test/data/Just_Images/Caucasian/Man/m.05p5gr_0003.jpg,../images/test/data/Just_Images/Caucasian/Man/m.05p5gr_0001.jpg,0.8248401880264282,1
../images/test/data/Just_Images/Caucasian/Woman/m.09gfckp_0001.jpg,../images/test/data/Just_Images/Caucasian/Woman/m.09gfckp_0002.jpg,0.8881591558456421,1
../images/test/data/Just_Images/Caucasian/Man/m.0gg9m3f_0002.jpg,../images/test/data/Just_Images/Caucasian/Man/m.0gg9m3f_0003.jpg,0.7304068803787231,1
../images/test/data/Just_Images/Caucasian/Man/m.02xccx_0001.jpg,../images/test/data/Just_Images/Caucasian/Man/m.02xccx_0003.jpg,0.9186527729034424,1
../images/test/data/Just_Images/Caucasian/Man/m.0q9kd_0001.jpg,../images/test/data/Just_Images/Caucasian/Man/m.0q9kd_0003.jpg,0.8614654541015625,1
../images/test/data/Just_Images/Caucasian/Man/m.036f7k_0003.jpg,../images/test/data/Just_Images/Caucasian/Man/m.036f7k_0002.jpg,0.9325049519538879,1
../images/test/data/Just_Images/Caucasian/Man/m.04zvsy6_0001.jpg,../images/test/data/Just_Images/Caucasian/Man/m.04zvsy6_0003.jpg,0.941775918006897,1
../images/test/data/Just_Images/Caucasian/Man/m.06x3_q_0002.jpg,../images/test/data/Just_Images/Caucasian/Man/m.06x3_q_0004.jpg,0.8650635480880737,1
../images/test/data/Just_Images/Caucasian/Man/m.0469sp_0002.jpg,../images/test/data/Just_Images/Caucasian/Man/m.0469sp_0003.jpg,0.9234405755996704,1
../images/test/data/Just_Images/Caucasian/Man/m.07f9j8_0001.jpg,../images/test/data/Just_Images/Caucasian/Man/m.07f9j8_0003.jpg,0.8547782897949219,1
../images/test/data/Just_Images/Caucasian/Man/m.05wfmg_0002.jpg,../images/test/data/Just_Images/Caucasian/Man/m.05wfmg_0001.jpg,0.7878115177154541,1
../images/test/data/Just_Images/Caucasian/Man/m.02z235f_0002.jpg,../images/test/data/Just_Images/Caucasian/Man/m.02z235f_0001.jpg,0.9434406161308289,1
../images/test/data/Just_Images/Caucasian/Man/m.03xllt_0004.jpg,../images/test/data/Just_Images/Caucasian/Man/m.03xllt_0002.jpg,0.8697056770324707,1
../images/test/data/Just_Images/Caucasian/Man/m.05xw7m_0003.jpg,../images/test/data/Just_Images/Caucasian/Man/m.05xw7m_0002.jpg,0.9146739840507507,1
../images/test/data/Just_Images/Caucasian/Man/m.0746mr_0001.jpg,../images/test/data/Just_Images/Caucasian/Man/m.0746mr_0002.jpg,0.9026975631713867,1
../images/test/data/Just_Images/Caucasian/Man/m.08yt0z_0002.jpg,../images/test/data/Just_Images/Caucasian/Man/m.08yt0z_0003.jpg,0.9193607568740845,1
../images/test/data/Just_Images/Caucasian/Woman/m.03qk847_0001.jpg,../images/test/data/Just_Images/Caucasian/Woman/m.03qk847_0002.jpg,0.8634791374206543,1
../images/test/data/Just_Images/Caucasian/Woman/m.02qj31_0001.jpg,../images/test/data/Just_Images/Caucasian/Woman/m.02qj31_0002.jpg,0.920183002948761,1
../images/test/data/Just_Images/Caucasian/Man/m.02pwbf1_0004.jpg,../images/test/data/Just_Images/Caucasian/Man/m.02pwbf1_0005.jpg,0.844551682472229,1
../images/test/data/Just_Images/Caucasian/Man/m.0652x4_0002.jpg,../images/test/data/Just_Images/Caucasian/Man/m.0652x4_0001.jpg,0.8956080675125122,1
../images/test/data/Just_Images/Caucasian/Man/m.05yqrl_0001.jpg,../images/test/data/Just_Images/Caucasian/Man/m.05yqrl_0002.jpg,0.8312060832977295,1
../images/test/data/Just_Images/Caucasian/Man/m.03hp0xm_0002.jpg,../images/test/data/Just_Images/Caucasian/Man/m.03hp0xm_0003.jpg,0.8853764533996582,1
../images/test/data/Just_Images/Caucasian/Man/m.052_g76_0002.jpg,../images/test/data/Just_Images/Caucasian/Man/m.052_g76_0005.jpg,0.9415925741195679,1
../images/test/data/Just_Images/Caucasian/Man/m.05gzxg_0003.jpg,../images/test/data/Just_Images/Caucasian/Man/m.05gzxg_0001.jpg,0.9091798067092896,1
../images/test/data/Just_Images/Caucasian/Man/m.03gphp_0001.jpg,../images/test/data/Just_Images/Caucasian/Man/m.03gphp_0002.jpg,0.8646600246429443,1
../images/test/data/Just_Images/Caucasian/Man/m.0pxy0_0002.jpg,../images/test/data/Just_Images/Caucasian/Man/m.0pxy0_0001.jpg,0.9599341154098511,1
../images/test/data/Just_Images/Caucasian/Man/m.0h55kdw_0002.jpg,../images/test/data/Just_Images/Caucasian/Man/m.0h55kdw_0001.jpg,0.9333680868148804,1
../images/test/data/Just_Images/Caucasian/Man/m.03403f_0002.jpg,../images/test/data/Just_Images/Caucasian/Man/m.03403f_0003.jpg,0.935739278793335,1
../images/test/data/Just_Images/Caucasian/Man/m.04vwzj3_0002.jpg,../images/test/data/Just_Images/Caucasian/Man/m.04vwzj3_0001.jpg,0.9251512289047241,1
../images/test/data/Just_Images/Caucasian/Man/m.04xn9b_0002.jpg,../images/test/data/Just_Images/Caucasian/Man/m.04xn9b_0003.jpg,0.8888702392578125,1
../images/test/data/Just_Images/Caucasian/Woman/m.030vnz_0001.jpg,../images/test/data/Just_Images/Caucasian/Woman/m.030vnz_0003.jpg,0.9189900755882263,1
../images/test/data/Just_Images/Caucasian/Man/m.0bx07x_0002.jpg,../images/test/data/Just_Images/Caucasian/Man/m.0bx07x_0003.jpg,0.862834095954895,1
../images/test/data/Just_Images/Caucasian/Man/m.03clvrh_0001.jpg,../images/test/data/Just_Images/Caucasian/Man/m.03clvrh_0003.jpg,0.8503317832946777,1
../images/test/data/Just_Images/Caucasian/Woman/m.03bz0xh_0001.jpg,../images/test/data/Just_Images/Caucasian/Woman/m.03bz0xh_0002.jpg,0.7266810536384583,1
../images/test/data/Just_Images/Caucasian/Man/m.0bwlqxy_0003.jpg,../images/test/data/Just_Images/Caucasian/Man/m.0bwlqxy_0002.jpg,0.8384031057357788,1
../images/test/data/Just_Images/Caucasian/Man/m.0by3cw_0001.jpg,../images/test/data/Just_Images/Caucasian/Man/m.0by3cw_0002.jpg,0.9341740608215332,1
../images/test/data/Just_Images/Caucasian/Man/m.06x_6f_0002.jpg,../images/test/data/Just_Images/Caucasian/Man/m.06x_6f_0003.jpg,0.9258562922477722,1
../images/test/data/Just_Images/Caucasian/Woman/m.0bmgy0_0001.jpg,../images/test/data/Just_Images/Caucasian/Woman/m.0bmgy0_0005.jpg,0.8107203245162964,1
../images/test/data/Just_Images/Caucasian/Man/m.05m9f9_0003.jpg,../images/test/data/Just_Images/Caucasian/Man/m.05m9f9_0002.jpg,0.926317572593689,1
../images/test/data/Just_Images/Caucasian/Man/m.06czcn_0001.jpg,../images/test/data/Just_Images/Caucasian/Man/m.06czcn_0003.jpg,0.9028422236442566,1
../images/test/data/Just_Images/Caucasian/Woman/m.01ztqk_0003.jpg,../images/test/data/Just_Images/Caucasian/Woman/m.01ztqk_0002.jpg,0.884358286857605,1
../images/test/data/Just_Images/Caucasian/Man/m.0563z6_0001.jpg,../images/test/data/Just_Images/Caucasian/Man/m.0563z6_0003.jpg,0.9021487832069397,1
../images/test/data/Just_Images/Caucasian/Woman/m.09n_4__0003.jpg,../images/test/data/Just_Images/Caucasian/Woman/m.09n_4__0002.jpg,0.7368874549865723,1
../images/test/data/Just_Images/Caucasian/Woman/m.02vldwh_0001.jpg,../images/test/data/Just_Images/Caucasian/Woman/m.02vldwh_0003.jpg,0.8743062019348145,1
../images/test/data/Just_Images/Caucasian/Woman/m.03h1yrz_0001.jpg,../images/test/data/Just_Images/Caucasian/Woman/m.03h1yrz_0002.jpg,0.944645881652832,1
../images/test/data/Just_Images/Caucasian/Man/m.069s6h_0002.jpg,../images/test/data/Just_Images/Caucasian/Man/m.069s6h_0001.jpg,0.8546338081359863,1
../images/test/data/Just_Images/Caucasian/Man/m.0h3tgnw_0002.jpg,../images/test/data/Just_Images/Caucasian/Man/m.0h3tgnw_0003.jpg,0.8103637099266052,1
../images/test/data/Just_Images/Caucasian/Man/m.01kmwy_0003.jpg,../images/test/data/Just_Images/Caucasian/Man/m.01kmwy_0001.jpg,0.8199206590652466,1
../images/test/data/Just_Images/Caucasian/Man/m.02nbxw_0001.jpg,../images/test/data/Just_Images/Caucasian/Man/m.02nbxw_0002.jpg,0.8720564842224121,1
../images/test/data/Just_Images/Caucasian/Man/m.05pp13_0004.jpg,../images/test/data/Just_Images/Caucasian/Man/m.05pp13_0002.jpg,0.8965697884559631,1
../images/test/data/Just_Images/Caucasian/Man/m.076tn97_0001.jpg,../images/test/data/Just_Images/Caucasian/Man/m.076tn97_0003.jpg,0.7569066286087036,1
../images/test/data/Just_Images/Caucasian/Woman/m.061ll5_0004.jpg,../images/test/data/Just_Images/Caucasian/Woman/m.061ll5_0005.jpg,0.8609234094619751,1
../images/test/data/Just_Images/Caucasian/Man/m.052_s57_0003.jpg,../images/test/data/Just_Images/Caucasian/Man/m.052_s57_0001.jpg,0.8622287511825562,1
../images/test/data/Just_Images/Caucasian/Man/m.043rgrz_0003.jpg,../images/test/data/Just_Images/Caucasian/Man/m.043rgrz_0004.jpg,0.8642538785934448,1
../images/test/data/Just_Images/Caucasian/Man/m.02vs8mx_0001.jpg,../images/test/data/Just_Images/Caucasian/Man/m.02vs8mx_0002.jpg,0.8934574127197266,1
../images/test/data/Just_Images/Caucasian/Woman/m.03czp1v_0002.jpg,../images/test/data/Just_Images/Caucasian/Woman/m.03czp1v_0001.jpg,0.8470889329910278,1
../images/test/data/Just_Images/Caucasian/Man/m.03d2qc9_0002.jpg,../images/test/data/Just_Images/Caucasian/Man/m.03d2qc9_0001.jpg,0.8242976665496826,1
../images/test/data/Just_Images/Caucasian/Man/m.05vv58n_0002.jpg,../images/test/data/Just_Images/Caucasian/Man/m.05vv58n_0001.jpg,0.9431830644607544,1
../images/test/data/Just_Images/Caucasian/Woman/m.06w6wr__0004.jpg,../images/test/data/Just_Images/Caucasian/Woman/m.06w6wr__0001.jpg,0.9460837244987488,1
../images/test/data/Just_Images/Caucasian/Man/m.01n0nh_0003.jpg,../images/test/data/Just_Images/Caucasian/Man/m.01n0nh_0001.jpg,0.9141120910644531,1
../images/test/data/Just_Images/Caucasian/Man/m.08fryk_0001.jpg,../images/test/data/Just_Images/Caucasian/Man/m.08fryk_0004.jpg,0.9054877161979675,1
../images/test/data/Just_Images/Caucasian/Woman/m.043nftk_0001.jpg,../images/test/data/Just_Images/Caucasian/Woman/m.043nftk_0003.jpg,0.8399636745452881,1
../images/test/data/Just_Images/Caucasian/Man/m.01nk1ny_0002.jpg,../images/test/data/Just_Images/Caucasian/Man/m.01nk1ny_0004.jpg,0.8713305592536926,1
../images/test/data/Just_Images/Caucasian/Man/m.0lylw_0004.jpg,../images/test/data/Just_Images/Caucasian/Man/m.0lylw_0002.jpg,0.8728299140930176,1
../images/test/data/Just_Images/Caucasian/Man/m.0rytzv1_0002.jpg,../images/test/data/Just_Images/Caucasian/Man/m.0rytzv1_0004.jpg,0.8576998710632324,1
../images/test/data/Just_Images/Caucasian/Man/m.0g595cq_0001.jpg,../images/test/data/Just_Images/Caucasian/Man/m.0g595cq_0002.jpg,0.8544814586639404,1
../images/test/data/Just_Images/Caucasian/Man/m.055bcck_0002.jpg,../images/test/data/Just_Images/Caucasian/Man/m.055bcck_0003.jpg,0.876030445098877,1
../images/test/data/Just_Images/Caucasian/Man/m.07ldj3_0004.jpg,../images/test/data/Just_Images/Caucasian/Man/m.07ldj3_0003.jpg,0.898404598236084,1
../images/test/data/Just_Images/Caucasian/Woman/m.03cztr9_0002.jpg,../images/test/data/Just_Images/Caucasian/Woman/m.03cztr9_0001.jpg,0.8707670569419861,1
../images/test/data/Just_Images/Caucasian/Woman/m.0505bd_0001.jpg,../images/test/data/Just_Images/Caucasian/Woman/m.0505bd_0002.jpg,0.8563904762268066,1
../images/test/data/Just_Images/Caucasian/Woman/m.06d7x6_0001.jpg,../images/test/data/Just_Images/Caucasian/Woman/m.06d7x6_0002.jpg,0.8837640285491943,1
../images/test/data/Just_Images/Caucasian/Man/m.026n0x__0001.jpg,../images/test/data/Just_Images/Caucasian/Man/m.026n0x__0002.jpg,0.8037108182907104,1
../images/test/data/Just_Images/Caucasian/Man/m.027r_7m_0001.jpg,../images/test/data/Just_Images/Caucasian/Man/m.027r_7m_0002.jpg,0.8508172631263733,1
../images/test/data/Just_Images/Caucasian/Woman/m.01vtj38_0002.jpg,../images/test/data/Just_Images/Caucasian/Woman/m.01vtj38_0003.jpg,0.8727695345878601,1
../images/test/data/Just_Images/Caucasian/Woman/m.0819___0004.jpg,../images/test/data/Just_Images/Caucasian/Woman/m.0819___0002.jpg,0.8729839324951172,1
../images/test/data/Just_Images/Caucasian/Man/m.09qknh_0002.jpg,../images/test/data/Just_Images/Caucasian/Man/m.09qknh_0003.jpg,0.8359047174453735,1
../images/test/data/Just_Images/Caucasian/Man/m.0555z_0002.jpg,../images/test/data/Just_Images/Caucasian/Man/m.0555z_0001.jpg,0.9361192584037781,1
../images/test/data/Just_Images/Caucasian/Woman/m.02ptkb0_0002.jpg,../images/test/data/Just_Images/Caucasian/Woman/m.02ptkb0_0001.jpg,0.9445672631263733,1
../images/test/data/Just_Images/Caucasian/Man/m.048s14_0002.jpg,../images/test/data/Just_Images/Caucasian/Man/m.048s14_0001.jpg,0.8271403908729553,1
../images/test/data/Just_Images/Caucasian/Man/m.0637st_0003.jpg,../images/test/data/Just_Images/Caucasian/Man/m.0637st_0002.jpg,0.91130131483078,1
../images/test/data/Just_Images/Caucasian/Woman/m.06ybty_0002.jpg,../images/test/data/Just_Images/Caucasian/Woman/m.06ybty_0001.jpg,0.9059838056564331,1
../images/test/data/Just_Images/Caucasian/Man/m.027h21l_0002.jpg,../images/test/data/Just_Images/Caucasian/Man/m.027h21l_0003.jpg,0.9303458333015442,1
../images/test/data/Just_Images/Caucasian/Man/m.04pgy8_0001.jpg,../images/test/data/Just_Images/Caucasian/Man/m.04pgy8_0002.jpg,0.8779494762420654,1
../images/test/data/Just_Images/Caucasian/Man/m.050yc5_0003.jpg,../images/test/data/Just_Images/Caucasian/Man/m.050yc5_0004.jpg,0.9180030226707458,1
../images/test/data/Just_Images/Caucasian/Man/m.088nn7_0003.jpg,../images/test/data/Just_Images/Caucasian/Man/m.088nn7_0001.jpg,0.8669624924659729,1
../images/test/data/Just_Images/Caucasian/Man/m.07csqp_0001.jpg,../images/test/data/Just_Images/Caucasian/Man/m.07csqp_0002.jpg,0.8772572875022888,1
../images/test/data/Just_Images/Caucasian/Man/m.0cldc8n_0001.jpg,../images/test/data/Just_Images/Caucasian/Man/m.0cldc8n_0003.jpg,0.9317076206207275,1
../images/test/data/Just_Images/Caucasian/Man/m.0521jq1_0001.jpg,../images/test/data/Just_Images/Caucasian/Man/m.0521jq1_0002.jpg,0.9296795129776001,1
../images/test/data/Just_Images/Caucasian/Man/m.0djvkmb_0002.jpg,../images/test/data/Just_Images/Caucasian/Man/m.0djvkmb_0001.jpg,0.8644917607307434,1
../images/test/data/Just_Images/Caucasian/Woman/m.01vzxld_0001.jpg,../images/test/data/Just_Images/Caucasian/Woman/m.01vzxld_0002.jpg,0.8592479228973389,1
../images/test/data/Just_Images/Caucasian/Woman/m.029yw7_0001.jpg,../images/test/data/Just_Images/Caucasian/Woman/m.029yw7_0003.jpg,0.9053953886032104,1
../images/test/data/Just_Images/Caucasian/Woman/m.0f6fzl_0001.jpg,../images/test/data/Just_Images/Caucasian/Woman/m.0f6fzl_0003.jpg,0.912367582321167,1
../images/test/data/Just_Images/Caucasian/Man/m.04zbq8_0004.jpg,../images/test/data/Just_Images/Caucasian/Man/m.04zbq8_0006.jpg,0.7074898481369019,1
../images/test/data/Just_Images/Caucasian/Woman/m.05spws_0002.jpg,../images/test/data/Just_Images/Caucasian/Woman/m.05spws_0001.jpg,0.9631118774414062,1
../images/test/data/Just_Images/Caucasian/Man/m.03vvlm_0001.jpg,../images/test/data/Just_Images/Caucasian/Man/m.03vvlm_0002.jpg,0.8818137049674988,1
../images/test/data/Just_Images/Caucasian/Woman/m.0bs1m9w_0004.jpg,../images/test/data/Just_Images/Caucasian/Woman/m.0bs1m9w_0003.jpg,0.8635726571083069,1
../images/test/data/Just_Images/Caucasian/Man/m.0967nb_0001.jpg,../images/test/data/Just_Images/Caucasian/Man/m.0967nb_0003.jpg,0.874154806137085,1
../images/test/data/Just_Images/Caucasian/Man/m.01r3r43_0006.jpg,../images/test/data/Just_Images/Caucasian/Man/m.01r3r43_0002.jpg,0.945012092590332,1
../images/test/data/Just_Images/Caucasian/Man/m.06cv41_0001.jpg,../images/test/data/Just_Images/Caucasian/Man/m.06cv41_0003.jpg,0.8790136575698853,1
../images/test/data/Just_Images/Caucasian/Woman/m.05vnsy_0003.jpg,../images/test/data/Just_Images/Caucasian/Woman/m.05vnsy_0002.jpg,0.8580892086029053,1
../images/test/data/Just_Images/Caucasian/Man/m.0263v24_0003.jpg,../images/test/data/Just_Images/Caucasian/Man/m.0263v24_0002.jpg,0.9614260196685791,1
../images/test/data/Just_Images/Caucasian/Man/m.090mls_0001.jpg,../images/test/data/Just_Images/Caucasian/Man/m.090mls_0003.jpg,0.9041322469711304,1
../images/test/data/Just_Images/Caucasian/Man/m.07_k77_0003.jpg,../images/test/data/Just_Images/Caucasian/Man/m.07_k77_0001.jpg,0.8106449842453003,1
../images/test/data/Just_Images/Caucasian/Woman/m.0jzxpgx_0001.jpg,../images/test/data/Just_Images/Caucasian/Woman/m.0jzxpgx_0002.jpg,0.9095001220703125,1
../images/test/data/Just_Images/Caucasian/Man/m.04qb28n_0003.jpg,../images/test/data/Just_Images/Caucasian/Man/m.04qb28n_0002.jpg,0.9053332805633545,1
../images/test/data/Just_Images/Caucasian/Man/m.0b2jm_0001.jpg,../images/test/data/Just_Images/Caucasian/Man/m.0b2jm_0002.jpg,0.8906992673873901,1
../images/test/data/Just_Images/Caucasian/Woman/m.03ql5l_0003.jpg,../images/test/data/Just_Images/Caucasian/Woman/m.03ql5l_0001.jpg,0.9359387159347534,1
../images/test/data/Just_Images/Caucasian/Man/m.020fm5_0002.jpg,../images/test/data/Just_Images/Caucasian/Man/m.020fm5_0001.jpg,0.8060921430587769,1
../images/test/data/Just_Images/Caucasian/Man/m.06zt7p8_0001.jpg,../images/test/data/Just_Images/Caucasian/Man/m.06zt7p8_0003.jpg,0.8756134510040283,1
../images/test/data/Just_Images/Caucasian/Woman/m.01_yqg_0003.jpg,../images/test/data/Just_Images/Caucasian/Woman/m.01_yqg_0001.jpg,0.8266172409057617,1
../images/test/data/Just_Images/Caucasian/Man/m.0gczfv_0001.jpg,../images/test/data/Just_Images/Caucasian/Man/m.0gczfv_0002.jpg,0.8891497850418091,1
../images/test/data/Just_Images/Caucasian/Woman/m.03cy3x3_0002.jpg,../images/test/data/Just_Images/Caucasian/Woman/m.03cy3x3_0003.jpg,0.9529622793197632,1
../images/test/data/Just_Images/Caucasian/Man/m.01ttym5_0002.jpg,../images/test/data/Just_Images/Caucasian/Man/m.01ttym5_0003.jpg,0.9053871631622314,1
../images/test/data/Just_Images/Caucasian/Man/m.04xsqg_0002.jpg,../images/test/data/Just_Images/Caucasian/Man/m.04xsqg_0003.jpg,0.8740518093109131,1
../images/test/data/Just_Images/Caucasian/Woman/m.09j5bm_0002.jpg,../images/test/data/Just_Images/Caucasian/Woman/m.09j5bm_0004.jpg,0.9347535371780396,1
../images/test/data/Just_Images/Caucasian/Woman/m.0fvw5gg_0002.jpg,../images/test/data/Just_Images/Caucasian/Woman/m.0fvw5gg_0003.jpg,0.7985622882843018,1
../images/test/data/Just_Images/Caucasian/Man/m.02n10z_0001.jpg,../images/test/data/Just_Images/Caucasian/Man/m.02n10z_0002.jpg,0.8470116257667542,1
../images/test/data/Just_Images/Caucasian/Man/m.0gk728_0002.jpg,../images/test/data/Just_Images/Caucasian/Man/m.0gk728_0001.jpg,0.8370040655136108,1
../images/test/data/Just_Images/Caucasian/Woman/m.02pvbp8_0002.jpg,../images/test/data/Just_Images/Caucasian/Woman/m.02pvbp8_0001.jpg,0.9002061486244202,1
../images/test/data/Just_Images/Caucasian/Man/m.08wbph_0003.jpg,../images/test/data/Just_Images/Caucasian/Man/m.08wbph_0002.jpg,0.8616782426834106,1
../images/test/data/Just_Images/Caucasian/Woman/m.08nkfj_0003.jpg,../images/test/data/Just_Images/Caucasian/Woman/m.08nkfj_0001.jpg,0.850064754486084,1
../images/test/data/Just_Images/Caucasian/Man/m.0ksz2s_0003.jpg,../images/test/data/Just_Images/Caucasian/Man/m.0ksz2s_0002.jpg,0.9466946125030518,1
../images/test/data/Just_Images/Caucasian/Woman/m.02lzxp_0001.jpg,../images/test/data/Just_Images/Caucasian/Woman/m.02lzxp_0003.jpg,0.9346467852592468,1
../images/test/data/Just_Images/Caucasian/Man/m.01mvhpl_0001.jpg,../images/test/data/Just_Images/Caucasian/Man/m.01mvhpl_0002.jpg,0.856387734413147,1
../images/test/data/Just_Images/Caucasian/Man/m.02x3pmp_0001.jpg,../images/test/data/Just_Images/Caucasian/Man/m.02x3pmp_0005.jpg,0.7772497534751892,1
../images/test/data/Just_Images/Caucasian/Man/m.068sjw_0002.jpg,../images/test/data/Just_Images/Caucasian/Man/m.068sjw_0004.jpg,0.7771160006523132,1
../images/test/data/Just_Images/Caucasian/Woman/m.0bky4s_0004.jpg,../images/test/data/Just_Images/Caucasian/Woman/m.0bky4s_0002.jpg,0.8813869953155518,1
../images/test/data/Just_Images/Caucasian/Woman/m.02qv2bv_0001.jpg,../images/test/data/Just_Images/Caucasian/Woman/m.02qv2bv_0004.jpg,0.836746871471405,1
../images/test/data/Just_Images/Caucasian/Man/m.03f65ws_0002.jpg,../images/test/data/Just_Images/Caucasian/Man/m.03f65ws_0003.jpg,0.862371563911438,1
../images/test/data/Just_Images/Caucasian/Man/m.0fvcl4_0003.jpg,../images/test/data/Just_Images/Caucasian/Man/m.0fvcl4_0002.jpg,0.822934627532959,1
../images/test/data/Just_Images/Caucasian/Man/m.0cx09__0002.jpg,../images/test/data/Just_Images/Caucasian/Man/m.0cx09__0001.jpg,0.8251637816429138,1
../images/test/data/Just_Images/Caucasian/Man/m.0269b_s_0002.jpg,../images/test/data/Just_Images/Caucasian/Man/m.0269b_s_0004.jpg,0.8798748254776001,1
../images/test/data/Just_Images/Caucasian/Man/m.029kz0_0001.jpg,../images/test/data/Just_Images/Caucasian/Man/m.029kz0_0003.jpg,0.8923023343086243,1
../images/test/data/Just_Images/Caucasian/Man/m.04m2zj_0002.jpg,../images/test/data/Just_Images/Caucasian/Man/m.04m2zj_0001.jpg,0.859247088432312,1
../images/test/data/Just_Images/Caucasian/Woman/m.04d_7nc_0002.jpg,../images/test/data/Just_Images/Caucasian/Woman/m.04d_7nc_0003.jpg,0.8608685731887817,1
../images/test/data/Just_Images/Caucasian/Man/m.06h_0v_0004.jpg,../images/test/data/Just_Images/Caucasian/Man/m.06h_0v_0001.jpg,0.8283249735832214,1
../images/test/data/Just_Images/Caucasian/Man/m.03v75v_0003.jpg,../images/test/data/Just_Images/Caucasian/Man/m.03v75v_0001.jpg,0.8164346218109131,1
../images/test/data/Just_Images/Caucasian/Man/m.0fz3_7_0001.jpg,../images/test/data/Just_Images/Caucasian/Man/m.0fz3_7_0002.jpg,0.8561571836471558,1
../images/test/data/Just_Images/Caucasian/Man/m.03qz3b_0001.jpg,../images/test/data/Just_Images/Caucasian/Man/m.03qz3b_0002.jpg,0.8819845914840698,1
../images/test/data/Just_Images/Caucasian/Woman/m.04y75_0_0001.jpg,../images/test/data/Just_Images/Caucasian/Woman/m.04y75_0_0002.jpg,0.8822854161262512,1
../images/test/data/Just_Images/Caucasian/Man/m.0b3lbw_0001.jpg,../images/test/data/Just_Images/Caucasian/Man/m.0b3lbw_0002.jpg,0.9316549301147461,1
../images/test/data/Just_Images/Caucasian/Woman/m.05hs7z_0002.jpg,../images/test/data/Just_Images/Caucasian/Woman/m.05hs7z_0003.jpg,0.7916373014450073,1
../images/test/data/Just_Images/Caucasian/Man/m.04tq_d_0002.jpg,../images/test/data/Just_Images/Caucasian/Man/m.04tq_d_0001.jpg,0.9128967523574829,1
../images/test/data/Just_Images/Caucasian/Man/m.080dj_0003.jpg,../images/test/data/Just_Images/Caucasian/Man/m.080dj_0002.jpg,0.9714779853820801,1
../images/test/data/Just_Images/Caucasian/Woman/m.03d__1m_0001.jpg,../images/test/data/Just_Images/Caucasian/Woman/m.03d__1m_0002.jpg,0.9167019128799438,1
../images/test/data/Just_Images/Caucasian/Man/m.01sb98_0001.jpg,../images/test/data/Just_Images/Caucasian/Man/m.01sb98_0002.jpg,0.9302529096603394,1
../images/test/data/Just_Images/Caucasian/Man/m.01nwty_0002.jpg,../images/test/data/Just_Images/Caucasian/Man/m.01nwty_0004.jpg,0.792542040348053,1
../images/test/data/Just_Images/Caucasian/Man/m.03gryny_0002.jpg,../images/test/data/Just_Images/Caucasian/Man/m.03gryny_0003.jpg,0.8737444877624512,1
../images/test/data/Just_Images/Caucasian/Man/m.03wffhs_0003.jpg,../images/test/data/Just_Images/Caucasian/Man/m.03wffhs_0001.jpg,0.9159330129623413,1
../images/test/data/Just_Images/Caucasian/Man/m.05qpp6_0004.jpg,../images/test/data/Just_Images/Caucasian/Man/m.05qpp6_0002.jpg,0.8928283452987671,1
../images/test/data/Just_Images/Caucasian/Woman/m.03nncsk_0001.jpg,../images/test/data/Just_Images/Caucasian/Woman/m.03nncsk_0003.jpg,0.9006863832473755,1
../images/test/data/Just_Images/Caucasian/Woman/m.04_08r__0003.jpg,../images/test/data/Just_Images/Caucasian/Woman/m.04_08r__0002.jpg,0.8262709975242615,1
../images/test/data/Just_Images/Caucasian/Man/m.0dsdqn0_0002.jpg,../images/test/data/Just_Images/Caucasian/Man/m.0dsdqn0_0003.jpg,0.9324827194213867,1
../images/test/data/Just_Images/Caucasian/Man/m.0h96pms_0001.jpg,../images/test/data/Just_Images/Caucasian/Man/m.0h96pms_0003.jpg,0.8496166467666626,1
../images/test/data/Just_Images/Caucasian/Woman/m.03nsw0s_0003.jpg,../images/test/data/Just_Images/Caucasian/Woman/m.03nsw0s_0001.jpg,0.9651224613189697,1
../images/test/data/Just_Images/Caucasian/Man/m.011xl3_0002.jpg,../images/test/data/Just_Images/Caucasian/Man/m.011xl3_0001.jpg,0.8758680820465088,1
../images/test/data/Just_Images/Caucasian/Man/m.01d5vk_0004.jpg,../images/test/data/Just_Images/Caucasian/Man/m.0bq58m_0003.jpg,0.8934522867202759,0
../images/test/data/Just_Images/Caucasian/Man/m.0d033h_0001.jpg,../images/test/data/Just_Images/Caucasian/Woman/m.07kd1h0_0003.jpg,0.9170641899108887,0
../images/test/data/Just_Images/Caucasian/Man/m.04hnvl_0003.jpg,../images/test/data/Just_Images/Caucasian/Man/m.05r9vf_0001.jpg,0.9067386388778687,0
../images/test/data/Just_Images/Caucasian/Man/m.02ql98r_0002.jpg,../images/test/data/Just_Images/Caucasian/Man/m.07y23k_0006.jpg,0.7558646202087402,0
../images/test/data/Just_Images/Caucasian/Man/m.01ppqx6_0004.jpg,../images/test/data/Just_Images/Caucasian/Woman/m.01lgdc_0004.jpg,0.8027623295783997,0
../images/test/data/Just_Images/Caucasian/Man/m.0d3zms_0001.jpg,../images/test/data/Just_Images/Caucasian/Man/m.06tl2c_0004.jpg,0.8474313020706177,0
../images/test/data/Just_Images/Caucasian/Man/m.024kx8_0004.jpg,../images/test/data/Just_Images/Caucasian/Man/m.04cdb__0004.jpg,0.7834487557411194,0
../images/test/data/Just_Images/Caucasian/Man/m.02761m_0002.jpg,../images/test/data/Just_Images/Caucasian/Man/m.026yx3p_0003.jpg,0.8174982666969299,0
../images/test/data/Just_Images/Caucasian/Man/m.048k05_0002.jpg,../images/test/data/Just_Images/Caucasian/Man/m.067fxy_0003.jpg,0.875260591506958,0
../images/test/data/Just_Images/Caucasian/Woman/m.01l3mk3_0004.jpg,../images/test/data/Just_Images/Caucasian/Man/m.02_jkq_0004.jpg,0.8496160507202148,0
../images/test/data/Just_Images/Caucasian/Man/m.0g5t3dq_0004.jpg,../images/test/data/Just_Images/Caucasian/Woman/m.07gbgc_0004.jpg,0.7635535001754761,0
../images/test/data/Just_Images/Caucasian/Woman/m.03vb0y_0002.jpg,../images/test/data/Just_Images/Caucasian/Man/m.0b087y_0003.jpg,0.8431147933006287,0
../images/test/data/Just_Images/Caucasian/Woman/m.0ccply_0001.jpg,../images/test/data/Just_Images/Caucasian/Woman/m.0dsbtd1_0002.jpg,0.8415409922599792,0
../images/test/data/Just_Images/Caucasian/Man/m.02_01w_0002.jpg,../images/test/data/Just_Images/Caucasian/Man/m.04wr44_0002.jpg,0.861720621585846,0
../images/test/data/Just_Images/Caucasian/Man/m.01t6yw_0002.jpg,../images/test/data/Just_Images/Caucasian/Man/m.01q_w2p_0002.jpg,0.8138262033462524,0
../images/test/data/Just_Images/Caucasian/Woman/m.01jm_5_0004.jpg,../images/test/data/Just_Images/Caucasian/Man/m.027jg2__0003.jpg,0.9024238586425781,0
../images/test/data/Just_Images/Caucasian/Woman/m.0g04yz_0002.jpg,../images/test/data/Just_Images/Caucasian/Woman/m.0bf61__0001.jpg,0.8451948165893555,0
../images/test/data/Just_Images/Caucasian/Man/m.02v_z01_0004.jpg,../images/test/data/Just_Images/Caucasian/Man/m.02ql98r_0002.jpg,0.8087658882141113,0
../images/test/data/Just_Images/Caucasian/Woman/m.04d_7nc_0004.jpg,../images/test/data/Just_Images/Caucasian/Woman/m.0h3wypc_0004.jpg,0.7571335434913635,0
../images/test/data/Just_Images/Caucasian/Woman/m.0cn_6bk_0004.jpg,../images/test/data/Just_Images/Caucasian/Man/m.036_rc_0002.jpg,0.9464105367660522,0
../images/test/data/Just_Images/Caucasian/Woman/m.0410cp_0003.jpg,../images/test/data/Just_Images/Caucasian/Man/m.0dl5zt_0003.jpg,0.8964700698852539,0
../images/test/data/Just_Images/Caucasian/Man/m.01p8r8_0002.jpg,../images/test/data/Just_Images/Caucasian/Man/m.02qkhs1_0001.jpg,0.8275113701820374,0
../images/test/data/Just_Images/Caucasian/Woman/m.07kh022_0003.jpg,../images/test/data/Just_Images/Caucasian/Woman/m.02ptt4__0001.jpg,0.8801887035369873,0
../images/test/data/Just_Images/Caucasian/Man/m.015076_0003.jpg,../images/test/data/Just_Images/Caucasian/Man/m.0b0j6v_0002.jpg,0.8384677171707153,0
../images/test/data/Just_Images/Caucasian/Man/m.03z0jf_0002.jpg,../images/test/data/Just_Images/Caucasian/Woman/m.03xhhd_0001.jpg,0.9330555200576782,0
../images/test/data/Just_Images/Caucasian/Man/m.05c49j_0002.jpg,../images/test/data/Just_Images/Caucasian/Man/m.09s2q1_0003.jpg,0.886918306350708,0
../images/test/data/Just_Images/Caucasian/Woman/m.0l5h2_0004.jpg,../images/test/data/Just_Images/Caucasian/Man/m.04k4jh_0005.jpg,0.9215757846832275,0
../images/test/data/Just_Images/Caucasian/Man/m.09gcnp_0002.jpg,../images/test/data/Just_Images/Caucasian/Man/m.0r4pmym_0004.jpg,0.8277698159217834,0
../images/test/data/Just_Images/Caucasian/Man/m.01df1y_0002.jpg,../images/test/data/Just_Images/Caucasian/Man/m.01f817_0002.jpg,0.8712189197540283,0
../images/test/data/Just_Images/Caucasian/Man/m.0dc6nt_0001.jpg,../images/test/data/Just_Images/Caucasian/Man/m.06tvw7_0001.jpg,0.8697907328605652,0
../images/test/data/Just_Images/Caucasian/Man/m.09t22c_0003.jpg,../images/test/data/Just_Images/Caucasian/Man/m.0404x4p_0004.jpg,0.8409661054611206,0
../images/test/data/Just_Images/Caucasian/Man/m.031jqk_0004.jpg,../images/test/data/Just_Images/Caucasian/Man/m.08y57s_0004.jpg,0.8538684844970703,0
../images/test/data/Just_Images/Caucasian/Woman/m.0r4ps4l_0001.jpg,../images/test/data/Just_Images/Caucasian/Man/m.06w2rl_0003.jpg,0.860409140586853,0
../images/test/data/Just_Images/Caucasian/Man/m.06znm5_0003.jpg,../images/test/data/Just_Images/Caucasian/Woman/m.05c_wv_0001.jpg,0.8537589907646179,0
../images/test/data/Just_Images/Caucasian/Woman/m.06xbv3_0003.jpg,../images/test/data/Just_Images/Caucasian/Woman/m.02l0nk_0002.jpg,0.9699044227600098,0
../images/test/data/Just_Images/Caucasian/Man/m.0gy19gp_0003.jpg,../images/test/data/Just_Images/Caucasian/Man/m.053xkr_0003.jpg,0.8043503761291504,0
../images/test/data/Just_Images/Caucasian/Man/m.033mtp_0003.jpg,../images/test/data/Just_Images/Caucasian/Man/m.0273fcd_0001.jpg,0.8347848653793335,0
../images/test/data/Just_Images/Caucasian/Man/m.01rq7g2_0001.jpg,../images/test/data/Just_Images/Caucasian/Man/m.03sfhc_0003.jpg,0.9058775901794434,0
../images/test/data/Just_Images/Caucasian/Man/m.01jzlj_0002.jpg,../images/test/data/Just_Images/Caucasian/Man/m.0705mg_0004.jpg,0.830865740776062,0
../images/test/data/Just_Images/Caucasian/Woman/m.074g02_0001.jpg,../images/test/data/Just_Images/Caucasian/Man/m.04wc1h_0001.jpg,0.8929271697998047,0
../images/test/data/Just_Images/Caucasian/Woman/m.03gtx4n_0004.jpg,../images/test/data/Just_Images/Caucasian/Man/m.035j7k_0001.jpg,0.8686256408691406,0
../images/test/data/Just_Images/Caucasian/Man/m.05bmz1_0002.jpg,../images/test/data/Just_Images/Caucasian/Woman/m.0ds0311_0001.jpg,0.8999905586242676,0
../images/test/data/Just_Images/Caucasian/Man/m.0h950dj_0002.jpg,../images/test/data/Just_Images/Caucasian/Man/m.09cdzd_0002.jpg,0.9067874550819397,0
../images/test/data/Just_Images/Caucasian/Man/m.03_61b_0003.jpg,../images/test/data/Just_Images/Caucasian/Woman/m.07p8hz_0002.jpg,0.8610717058181763,0
../images/test/data/Just_Images/Caucasian/Man/m.0fqw4__0001.jpg,../images/test/data/Just_Images/Caucasian/Man/m.09d8lv_0004.jpg,0.7853841781616211,0
../images/test/data/Just_Images/Caucasian/Woman/m.06w6wr__0002.jpg,../images/test/data/Just_Images/Caucasian/Man/m.0k29vbc_0002.jpg,0.8822192549705505,0
../images/test/data/Just_Images/Caucasian/Man/m.04yr_4_0002.jpg,../images/test/data/Just_Images/Caucasian/Man/m.08pys0_0005.jpg,0.8928432464599609,0
../images/test/data/Just_Images/Caucasian/Woman/m.04k334_0001.jpg,../images/test/data/Just_Images/Caucasian/Woman/m.065tmb_0003.jpg,0.9096522331237793,0
../images/test/data/Just_Images/Caucasian/Woman/m.0fwv04_0001.jpg,../images/test/data/Just_Images/Caucasian/Woman/m.075ms__0002.jpg,0.8869225978851318,0
../images/test/data/Just_Images/Caucasian/Man/m.01kmdn_0004.jpg,../images/test/data/Just_Images/Caucasian/Man/m.03fcgz_0002.jpg,0.8308172225952148,0
../images/test/data/Just_Images/Caucasian/Woman/m.0g8k46_0001.jpg,../images/test/data/Just_Images/Caucasian/Man/m.03bjzh_0002.jpg,0.7727497816085815,0
../images/test/data/Just_Images/Caucasian/Man/m.09c2bf_0001.jpg,../images/test/data/Just_Images/Caucasian/Man/m.07l8vs_0001.jpg,0.9472618699073792,0
../images/test/data/Just_Images/Caucasian/Woman/m.018462_0002.jpg,../images/test/data/Just_Images/Caucasian/Woman/m.04gp917_0001.jpg,0.9353039860725403,0
../images/test/data/Just_Images/Caucasian/Woman/m.02pz01t_0003.jpg,../images/test/data/Just_Images/Caucasian/Man/m.0dl5zt_0003.jpg,0.8956649303436279,0
../images/test/data/Just_Images/Caucasian/Man/m.07_cvt_0002.jpg,../images/test/data/Just_Images/Caucasian/Woman/m.03nncsk_0002.jpg,0.8806944489479065,0
../images/test/data/Just_Images/Caucasian/Woman/m.0cc6nc_0004.jpg,../images/test/data/Just_Images/Caucasian/Woman/m.02ps5lk_0002.jpg,0.9096946716308594,0
../images/test/data/Just_Images/Caucasian/Man/m.04zzkn0_0001.jpg,../images/test/data/Just_Images/Caucasian/Man/m.01vx08v_0002.jpg,0.870600700378418,0
../images/test/data/Just_Images/Caucasian/Man/m.0209_b_0002.jpg,../images/test/data/Just_Images/Caucasian/Woman/m.03ql5l_0002.jpg,0.9426534175872803,0
../images/test/data/Just_Images/Caucasian/Woman/m.05ms4pb_0004.jpg,../images/test/data/Just_Images/Caucasian/Man/m.047wsq_0004.jpg,0.7511805295944214,0
../images/test/data/Just_Images/Caucasian/Man/m.0294hn_0002.jpg,../images/test/data/Just_Images/Caucasian/Woman/m.02w9v48_0001.jpg,0.8906650543212891,0
../images/test/data/Just_Images/Caucasian/Man/m.04xs8v_0002.jpg,../images/test/data/Just_Images/Caucasian/Man/m.09qbn3_0003.jpg,0.8510751724243164,0
../images/test/data/Just_Images/Caucasian/Man/m.06fqnk_0004.jpg,../images/test/data/Just_Images/Caucasian/Man/m.02wcgst_0003.jpg,0.7719061374664307,0
../images/test/data/Just_Images/Caucasian/Woman/m.031bsz_0002.jpg,../images/test/data/Just_Images/Caucasian/Man/m.0kk4q_0003.jpg,0.7582218647003174,0
../images/test/data/Just_Images/Caucasian/Man/m.07khttn_0003.jpg,../images/test/data/Just_Images/Caucasian/Man/m.026nv3_0002.jpg,0.939660906791687,0
../images/test/data/Just_Images/Caucasian/Man/m.0g56222_0003.jpg,../images/test/data/Just_Images/Caucasian/Man/m.05hpnm_0001.jpg,0.8817343711853027,0
../images/test/data/Just_Images/Caucasian/Man/m.09tf4y_0002.jpg,../images/test/data/Just_Images/Caucasian/Man/m.0f307d_0001.jpg,0.9254418611526489,0
../images/test/data/Just_Images/Caucasian/Man/m.06xtd__0002.jpg,../images/test/data/Just_Images/Caucasian/Woman/m.0bwz1l_0001.jpg,0.8551290035247803,0
../images/test/data/Just_Images/Caucasian/Woman/m.04w4gw_0003.jpg,../images/test/data/Just_Images/Caucasian/Man/m.08zw8n_0002.jpg,0.8604751229286194,0
../images/test/data/Just_Images/Caucasian/Man/m.0l8ll7__0002.jpg,../images/test/data/Just_Images/Caucasian/Woman/m.05fwmt_0003.jpg,0.8680827021598816,0
../images/test/data/Just_Images/Caucasian/Man/m.0g67jh_0002.jpg,../images/test/data/Just_Images/Caucasian/Man/m.03vr4d_0004.jpg,0.8583455085754395,0
../images/test/data/Just_Images/Caucasian/Man/m.0h55kdw_0004.jpg,../images/test/data/Just_Images/Caucasian/Man/m.05v9zns_0003.jpg,0.8658590316772461,0
../images/test/data/Just_Images/Caucasian/Woman/m.04q3w0_0003.jpg,../images/test/data/Just_Images/Caucasian/Woman/m.09j5bm_0002.jpg,0.8309358358383179,0
../images/test/data/Just_Images/Caucasian/Man/m.07_v16_0001.jpg,../images/test/data/Just_Images/Caucasian/Man/m.057b02_0002.jpg,0.8176438808441162,0
../images/test/data/Just_Images/Caucasian/Man/m.0b38gz_0001.jpg,../images/test/data/Just_Images/Caucasian/Man/m.05v57d_0002.jpg,0.9357472658157349,0
../images/test/data/Just_Images/Caucasian/Man/m.04w2p1_0001.jpg,../images/test/data/Just_Images/Caucasian/Woman/m.0884pg_0003.jpg,0.9128515124320984,0
../images/test/data/Just_Images/Caucasian/Man/m.0ccx4b_0002.jpg,../images/test/data/Just_Images/Caucasian/Man/m.07qyl3_0004.jpg,0.8980743885040283,0
../images/test/data/Just_Images/Caucasian/Man/m.09br2g_0001.jpg,../images/test/data/Just_Images/Caucasian/Man/m.0grg6k_0003.jpg,0.8650868535041809,0
../images/test/data/Just_Images/Caucasian/Man/m.06yscz_0002.jpg,../images/test/data/Just_Images/Caucasian/Man/m.03mkb3_0004.jpg,0.8722342252731323,0
../images/test/data/Just_Images/Caucasian/Woman/m.03h1xrn_0001.jpg,../images/test/data/Just_Images/Caucasian/Man/m.01w3117_0001.jpg,0.9376325607299805,0
../images/test/data/Just_Images/Caucasian/Woman/m.0f_j41_0004.jpg,../images/test/data/Just_Images/Caucasian/Man/m.05zx1f_0002.jpg,0.8308225870132446,0
../images/test/data/Just_Images/Caucasian/Man/m.029zrv_0003.jpg,../images/test/data/Just_Images/Caucasian/Man/m.09j7wl_0003.jpg,0.9224608540534973,0
../images/test/data/Just_Images/Caucasian/Man/m.02vyzmz_0001.jpg,../images/test/data/Just_Images/Caucasian/Man/m.06x3_q_0003.jpg,0.8507237434387207,0
../images/test/data/Just_Images/Caucasian/Man/m.0288yd_0001.jpg,../images/test/data/Just_Images/Caucasian/Woman/m.02qh2cw_0001.jpg,0.8755592703819275,0
../images/test/data/Just_Images/Caucasian/Man/m.06zq5g2_0002.jpg,../images/test/data/Just_Images/Caucasian/Man/m.076h5__0001.jpg,0.9226969480514526,0
../images/test/data/Just_Images/Caucasian/Man/m.04t04m_0001.jpg,../images/test/data/Just_Images/Caucasian/Man/m.07f4wr_0001.jpg,0.9238713979721069,0
../images/test/data/Just_Images/Caucasian/Man/m.09gpkrd_0003.jpg,../images/test/data/Just_Images/Caucasian/Man/m.01x5c5_0001.jpg,0.8680770397186279,0
../images/test/data/Just_Images/Caucasian/Man/m.03hl0kq_0001.jpg,../images/test/data/Just_Images/Caucasian/Man/m.03xv7z_0002.jpg,0.8713876008987427,0
../images/test/data/Just_Images/Caucasian/Man/m.0ch0s8l_0002.jpg,../images/test/data/Just_Images/Caucasian/Man/m.01ppr3c_0003.jpg,0.8811483383178711,0
../images/test/data/Just_Images/Caucasian/Man/m.0crj8tf_0003.jpg,../images/test/data/Just_Images/Caucasian/Man/m.0bt_8_0003.jpg,0.9332137107849121,0
../images/test/data/Just_Images/Caucasian/Man/m.07h2yj_0002.jpg,../images/test/data/Just_Images/Caucasian/Man/m.09d2q6_0001.jpg,0.7894347906112671,0
../images/test/data/Just_Images/Caucasian/Man/m.0wb4_0003.jpg,../images/test/data/Just_Images/Caucasian/Man/m.01nb19j_0004.jpg,0.9665126800537109,0
../images/test/data/Just_Images/Caucasian/Woman/m.07xsrm_0002.jpg,../images/test/data/Just_Images/Caucasian/Woman/m.0j_6nsk_0001.jpg,0.9367813467979431,0
../images/test/data/Just_Images/Caucasian/Man/m.034v5x_0001.jpg,../images/test/data/Just_Images/Caucasian/Man/m.0ds2ztj_0003.jpg,0.9302951693534851,0
../images/test/data/Just_Images/Caucasian/Man/m.04ct11t_0003.jpg,../images/test/data/Just_Images/Caucasian/Woman/m.0996lg_0001.jpg,0.8606929779052734,0
../images/test/data/Just_Images/Caucasian/Woman/m.07td21_0001.jpg,../images/test/data/Just_Images/Caucasian/Man/m.089qm2_0003.jpg,0.8738652467727661,0
../images/test/data/Just_Images/Caucasian/Man/m.027gf69_0001.jpg,../images/test/data/Just_Images/Caucasian/Man/m.0339tj_0004.jpg,0.8276224136352539,0
../images/test/data/Just_Images/Caucasian/Man/m.0bh9pqh_0004.jpg,../images/test/data/Just_Images/Caucasian/Man/m.04ct11t_0002.jpg,0.8298338055610657,0
../images/test/data/Just_Images/Caucasian/Man/m.0cxmp6_0003.jpg,../images/test/data/Just_Images/Caucasian/Man/m.028cfp_0002.jpg,0.8610528707504272,0
../images/test/data/Just_Images/Caucasian/Man/m.04n0wn__0002.jpg,../images/test/data/Just_Images/Caucasian/Woman/m.05c459x_0003.jpg,0.8834331035614014,0
../images/test/data/Just_Images/Caucasian/Man/m.055113_0002.jpg,../images/test/data/Just_Images/Caucasian/Man/m.026nvj5_0003.jpg,0.749914288520813,0
../images/test/data/Just_Images/Caucasian/Man/m.02r2043_0003.jpg,../images/test/data/Just_Images/Caucasian/Man/m.09fj8j_0001.jpg,0.9084583520889282,0
../images/test/data/Just_Images/Caucasian/Man/m.0cw8np_0001.jpg,../images/test/data/Just_Images/Caucasian/Man/m.0280hpj_0002.jpg,0.9127849340438843,0
../images/test/data/Just_Images/Caucasian/Woman/m.06w2nm_0001.jpg,../images/test/data/Just_Images/Caucasian/Man/m.05nf15d_0004.jpg,0.8420842885971069,0
../images/test/data/Just_Images/Caucasian/Man/m.03nttym_0004.jpg,../images/test/data/Just_Images/Caucasian/Man/m.082tkl_0002.jpg,0.9217721819877625,0
../images/test/data/Just_Images/Caucasian/Man/m.0p8t21s_0002.jpg,../images/test/data/Just_Images/Caucasian/Man/m.062j_j_0003.jpg,0.8364348411560059,0
../images/test/data/Just_Images/Caucasian/Man/m.01ph9m_0001.jpg,../images/test/data/Just_Images/Caucasian/Woman/m.02q6t6j_0002.jpg,0.8857318162918091,0
../images/test/data/Just_Images/Caucasian/Man/m.0j_6fkt_0003.jpg,../images/test/data/Just_Images/Caucasian/Man/m.09571f_0001.jpg,0.8237594366073608,0
../images/test/data/Just_Images/Caucasian/Woman/m.02vm0mx_0003.jpg,../images/test/data/Just_Images/Caucasian/Man/m.09jgcv_0002.jpg,0.8926598429679871,0
../images/test/data/Just_Images/Caucasian/Man/m.0dlm4zc_0002.jpg,../images/test/data/Just_Images/Caucasian/Woman/m.039gj2_0001.jpg,0.8310003280639648,0
../images/test/data/Just_Images/Caucasian/Man/m.04b6lj_0005.jpg,../images/test/data/Just_Images/Caucasian/Man/m.0dlk32_0003.jpg,0.9124176502227783,0
../images/test/data/Just_Images/Caucasian/Woman/m.03m83s_0002.jpg,../images/test/data/Just_Images/Caucasian/Woman/m.01q3xr_0003.jpg,0.9559710025787354,0
../images/test/data/Just_Images/Caucasian/Woman/m.01qqtr_0002.jpg,../images/test/data/Just_Images/Caucasian/Woman/m.0829z8_0002.jpg,0.9416998624801636,0
../images/test/data/Just_Images/Caucasian/Man/m.07kd18r_0002.jpg,../images/test/data/Just_Images/Caucasian/Man/m.02r2043_0003.jpg,0.882167398929596,0
../images/test/data/Just_Images/Caucasian/Man/m.0457pz_0004.jpg,../images/test/data/Just_Images/Caucasian/Woman/m.092grt_0001.jpg,0.9034199714660645,0
../images/test/data/Just_Images/Caucasian/Man/m.09v2l7b_0005.jpg,../images/test/data/Just_Images/Caucasian/Man/m.08ch24_0002.jpg,0.8937023878097534,0
../images/test/data/Just_Images/Caucasian/Man/m.0652x4_0001.jpg,../images/test/data/Just_Images/Caucasian/Man/m.0ghbzh_0005.jpg,0.8458079099655151,0
../images/test/data/Just_Images/Caucasian/Woman/m.03byzw4_0003.jpg,../images/test/data/Just_Images/Caucasian/Man/m.0gff83x_0003.jpg,0.9095945358276367,0
../images/test/data/Just_Images/Caucasian/Woman/m.03xk5q_0003.jpg,../images/test/data/Just_Images/Caucasian/Man/m.0j43r59_0004.jpg,0.8786993026733398,0
../images/test/data/Just_Images/Caucasian/Woman/m.083b53_0001.jpg,../images/test/data/Just_Images/Caucasian/Man/m.01x5c5_0002.jpg,0.9094277620315552,0
../images/test/data/Just_Images/Caucasian/Man/m.04ptjj_0002.jpg,../images/test/data/Just_Images/Caucasian/Man/m.097810_0005.jpg,0.9045597314834595,0
../images/test/data/Just_Images/Caucasian/Man/m.068sjw_0003.jpg,../images/test/data/Just_Images/Caucasian/Woman/m.05p98bd_0005.jpg,0.8754370212554932,0
../images/test/data/Just_Images/Caucasian/Man/m.05zkd3_0005.jpg,../images/test/data/Just_Images/Caucasian/Man/m.059t6d_0004.jpg,0.8563117980957031,0
../images/test/data/Just_Images/Caucasian/Man/m.025_jlx_0002.jpg,../images/test/data/Just_Images/Caucasian/Man/m.041xfx_0006.jpg,0.7421209812164307,0
../images/test/data/Just_Images/Caucasian/Woman/m.03f46y6_0002.jpg,../images/test/data/Just_Images/Caucasian/Woman/m.03wfd02_0001.jpg,0.9154723286628723,0
../images/test/data/Just_Images/Caucasian/Man/m.0dg0v6_0003.jpg,../images/test/data/Just_Images/Caucasian/Woman/m.04j77yz_0001.jpg,0.9260954856872559,0
../images/test/data/Just_Images/Caucasian/Man/m.03thw4_0002.jpg,../images/test/data/Just_Images/Caucasian/Man/m.0d0_7q_0003.jpg,0.9300675392150879,0
../images/test/data/Just_Images/Caucasian/Man/m.09s2q1_0001.jpg,../images/test/data/Just_Images/Caucasian/Man/m.05zkd3_0003.jpg,0.8384770750999451,0
../images/test/data/Just_Images/Caucasian/Man/m.04gtd0j_0003.jpg,../images/test/data/Just_Images/Caucasian/Woman/m.092fmj_0002.jpg,0.8584079742431641,0
../images/test/data/Just_Images/Caucasian/Woman/m.0c40l7v_0001.jpg,../images/test/data/Just_Images/Caucasian/Woman/m.01cy59_0001.jpg,0.7896345853805542,0
../images/test/data/Just_Images/Caucasian/Woman/m.02f8lw_0003.jpg,../images/test/data/Just_Images/Caucasian/Woman/m.06ctmv_0004.jpg,0.8803693652153015,0
../images/test/data/Just_Images/Caucasian/Man/m.06p_9m_0002.jpg,../images/test/data/Just_Images/Caucasian/Woman/m.0kr_9v_0002.jpg,0.8517541289329529,0
../images/test/data/Just_Images/Caucasian/Woman/m.026g7c2_0004.jpg,../images/test/data/Just_Images/Caucasian/Man/m.0282xfk_0001.jpg,0.9184114336967468,0
../images/test/data/Just_Images/Caucasian/Man/m.02651pm_0004.jpg,../images/test/data/Just_Images/Caucasian/Man/m.0d8p3__0004.jpg,0.9133621454238892,0
../images/test/data/Just_Images/Caucasian/Man/m.0j66tfg_0002.jpg,../images/test/data/Just_Images/Caucasian/Man/m.05c49j_0002.jpg,0.8014109134674072,0
../images/test/data/Just_Images/Caucasian/Man/m.01zq6b_0002.jpg,../images/test/data/Just_Images/Caucasian/Man/m.09c2bf_0002.jpg,0.9299547672271729,0
../images/test/data/Just_Images/Caucasian/Woman/m.0k2l97g_0001.jpg,../images/test/data/Just_Images/Caucasian/Man/m.01vm3rs_0002.jpg,0.8290555477142334,0
../images/test/data/Just_Images/Caucasian/Woman/m.025pqb_0001.jpg,../images/test/data/Just_Images/Caucasian/Man/m.07sbb8n_0002.jpg,0.8344731330871582,0
../images/test/data/Just_Images/Caucasian/Man/m.0dtgnm_0001.jpg,../images/test/data/Just_Images/Caucasian/Man/m.0h_gd68_0001.jpg,0.8946161270141602,0
../images/test/data/Just_Images/Caucasian/Man/m.04rplp_0001.jpg,../images/test/data/Just_Images/Caucasian/Man/m.01p21_5_0002.jpg,0.8547281622886658,0
../images/test/data/Just_Images/Caucasian/Woman/m.024t6x_0002.jpg,../images/test/data/Just_Images/Caucasian/Man/m.05m9f9_0001.jpg,0.9188684225082397,0
../images/test/data/Just_Images/Caucasian/Man/m.07sbb8n_0003.jpg,../images/test/data/Just_Images/Caucasian/Woman/m.02w4fkq_0004.jpg,0.8461062908172607,0
../images/test/data/Just_Images/Caucasian/Woman/m.03k95p_0001.jpg,../images/test/data/Just_Images/Caucasian/Woman/m.0gd19__0001.jpg,0.91753089427948,0
../images/test/data/Just_Images/Caucasian/Man/m.0cjb7w_0003.jpg,../images/test/data/Just_Images/Caucasian/Woman/m.0hzpkcs_0001.jpg,0.8876810073852539,0
../images/test/data/Just_Images/Caucasian/Man/m.03yv98_0004.jpg,../images/test/data/Just_Images/Caucasian/Man/m.09xrfm_0001.jpg,0.8975991010665894,0
../images/test/data/Just_Images/Caucasian/Man/m.01x66d_0003.jpg,../images/test/data/Just_Images/Caucasian/Man/m.01d5vk_0002.jpg,0.8757857084274292,0
../images/test/data/Just_Images/Caucasian/Man/m.04zvsy6_0002.jpg,../images/test/data/Just_Images/Caucasian/Woman/m.0273cj7_0003.jpg,0.8767160773277283,0
../images/test/data/Just_Images/Caucasian/Woman/m.07gzdm_0001.jpg,../images/test/data/Just_Images/Caucasian/Man/m.06zt7p8_0002.jpg,0.9121028184890747,0
../images/test/data/Just_Images/Caucasian/Woman/m.06b4j5_0002.jpg,../images/test/data/Just_Images/Caucasian/Man/m.0dfll4_0005.jpg,0.8518226146697998,0
../images/test/data/Just_Images/Caucasian/Man/m.03fcgz_0001.jpg,../images/test/data/Just_Images/Caucasian/Man/m.03c9vhy_0003.jpg,0.9077779054641724,0
../images/test/data/Just_Images/Caucasian/Woman/m.02ptt4__0002.jpg,../images/test/data/Just_Images/Caucasian/Man/m.02ng5q_0001.jpg,0.8881574869155884,0
../images/test/data/Just_Images/Caucasian/Man/m.0cl29w_0002.jpg,../images/test/data/Just_Images/Caucasian/Man/m.065fg7_0003.jpg,0.8143221139907837,0
../images/test/data/Just_Images/Caucasian/Man/m.06yg_v_0003.jpg,../images/test/data/Just_Images/Caucasian/Man/m.0hvwn_0002.jpg,0.8417842388153076,0
../images/test/data/Just_Images/Caucasian/Woman/m.02pkv9c_0003.jpg,../images/test/data/Just_Images/Caucasian/Woman/m.0djlqh_0002.jpg,0.8558948040008545,0
../images/test/data/Just_Images/Caucasian/Woman/m.01mqgf_0003.jpg,../images/test/data/Just_Images/Caucasian/Woman/m.08mggv_0003.jpg,0.9227026700973511,0
../images/test/data/Just_Images/Caucasian/Man/m.09k4lrk_0003.jpg,../images/test/data/Just_Images/Caucasian/Man/m.09v3wc5_0001.jpg,0.8636131882667542,0
../images/test/data/Just_Images/Caucasian/Man/m.04t0nb_0004.jpg,../images/test/data/Just_Images/Caucasian/Man/m.07pt8c_0003.jpg,0.9434680938720703,0
../images/test/data/Just_Images/Caucasian/Woman/m.0b8s5f_0003.jpg,../images/test/data/Just_Images/Caucasian/Man/m.01ttk9t_0003.jpg,0.7838482856750488,0
../images/test/data/Just_Images/Caucasian/Man/m.04pw12_0001.jpg,../images/test/data/Just_Images/Caucasian/Man/m.07f8wg_0003.jpg,0.813839316368103,0
../images/test/data/Just_Images/Caucasian/Woman/m.04q4c8_0003.jpg,../images/test/data/Just_Images/Caucasian/Woman/m.0928zf_0002.jpg,0.920960545539856,0
../images/test/data/Just_Images/Caucasian/Man/m.026twx5_0001.jpg,../images/test/data/Just_Images/Caucasian/Man/m.0415w2s_0005.jpg,0.9287291169166565,0
../images/test/data/Just_Images/Caucasian/Man/m.0crcjd9_0002.jpg,../images/test/data/Just_Images/Caucasian/Man/m.01rq7g2_0001.jpg,0.879000186920166,0
../images/test/data/Just_Images/Caucasian/Man/m.04m3sw_0004.jpg,../images/test/data/Just_Images/Caucasian/Man/m.03kw3g_0002.jpg,0.7529991865158081,0
../images/test/data/Just_Images/Caucasian/Man/m.027qctq_0005.jpg,../images/test/data/Just_Images/Caucasian/Man/m.08lc3k_0004.jpg,0.8374975919723511,0
../images/test/data/Just_Images/Caucasian/Woman/m.0dvb30_0002.jpg,../images/test/data/Just_Images/Caucasian/Woman/m.04gl6yr_0005.jpg,0.8773115873336792,0
../images/test/data/Just_Images/Caucasian/Man/m.0275xcm_0002.jpg,../images/test/data/Just_Images/Caucasian/Man/m.05x2t7_0003.jpg,0.8289997577667236,0
../images/test/data/Just_Images/Caucasian/Man/m.02nlps_0001.jpg,../images/test/data/Just_Images/Caucasian/Woman/m.025yhpl_0002.jpg,0.9482343792915344,0
../images/test/data/Just_Images/Caucasian/Man/m.07wfzm_0001.jpg,../images/test/data/Just_Images/Caucasian/Man/m.05kfvp_0003.jpg,0.8166294097900391,0
../images/test/data/Just_Images/Caucasian/Man/m.076h5__0004.jpg,../images/test/data/Just_Images/Caucasian/Man/m.04w_1j_0002.jpg,0.9115557670593262,0
../images/test/data/Just_Images/Caucasian/Woman/m.089hgp_0002.jpg,../images/test/data/Just_Images/Caucasian/Man/m.0lzh6_0002.jpg,0.9317309260368347,0
../images/test/data/Just_Images/Caucasian/Man/m.0gm0_qj_0003.jpg,../images/test/data/Just_Images/Caucasian/Man/m.05mtwt_0002.jpg,0.8792652487754822,0
../images/test/data/Just_Images/Caucasian/Man/m.08mwh9_0001.jpg,../images/test/data/Just_Images/Caucasian/Man/m.0h47vk_0004.jpg,0.8754895925521851,0
../images/test/data/Just_Images/Caucasian/Man/m.06zrlh_0002.jpg,../images/test/data/Just_Images/Caucasian/Man/m.07kd18r_0001.jpg,0.8443648219108582,0
../images/test/data/Just_Images/Caucasian/Man/m.0b4lv__0001.jpg,../images/test/data/Just_Images/Caucasian/Man/m.09d0yg_0002.jpg,0.8300433158874512,0
../images/test/data/Just_Images/Caucasian/Man/m.0c00n_1_0003.jpg,../images/test/data/Just_Images/Caucasian/Man/m.0b38gz_0003.jpg,0.835041880607605,0
../images/test/data/Just_Images/Caucasian/Woman/m.0fpvzv_0004.jpg,../images/test/data/Just_Images/Caucasian/Woman/m.02j6cs_0002.jpg,0.8370976448059082,0
../images/test/data/Just_Images/Caucasian/Man/m.01pp4dr_0001.jpg,../images/test/data/Just_Images/Caucasian/Man/m.04ygxkt_0003.jpg,0.8413287401199341,0
../images/test/data/Just_Images/Caucasian/Woman/m.0hjd1sz_0002.jpg,../images/test/data/Just_Images/Caucasian/Man/m.0bl9bk_0001.jpg,0.8072265386581421,0
../images/test/data/Just_Images/Caucasian/Woman/m.04gl6yr_0001.jpg,../images/test/data/Just_Images/Caucasian/Man/m.03_s6q_0002.jpg,0.819557249546051,0
../images/test/data/Just_Images/Caucasian/Man/m.02qfxhy_0005.jpg,../images/test/data/Just_Images/Caucasian/Man/m.07tzbr_0001.jpg,0.8534735441207886,0
../images/test/data/Just_Images/Caucasian/Man/m.03bmn1_0002.jpg,../images/test/data/Just_Images/Caucasian/Man/m.0416x13_0004.jpg,0.6829783916473389,0
../images/test/data/Just_Images/Caucasian/Woman/m.02ps5lk_0004.jpg,../images/test/data/Just_Images/Caucasian/Woman/m.09r1n7_0001.jpg,0.844754695892334,0
../images/test/data/Just_Images/Caucasian/Woman/m.0bxsfw_0001.jpg,../images/test/data/Just_Images/Caucasian/Man/m.0h3n0bb_0003.jpg,0.815735936164856,0
../images/test/data/Just_Images/Caucasian/Woman/m.0645h8b_0004.jpg,../images/test/data/Just_Images/Caucasian/Man/m.0gfp99_0002.jpg,0.8699795007705688,0
../images/test/data/Just_Images/Caucasian/Woman/m.04gp917_0003.jpg,../images/test/data/Just_Images/Caucasian/Man/m.026zhxp_0004.jpg,0.9330371022224426,0
../images/test/data/Just_Images/Caucasian/Man/m.07qhny_0001.jpg,../images/test/data/Just_Images/Caucasian/Man/m.09377v_0001.jpg,0.8773549795150757,0
../images/test/data/Just_Images/Caucasian/Man/m.02prdgw_0002.jpg,../images/test/data/Just_Images/Caucasian/Woman/m.09f3hh_0001.jpg,0.9725106954574585,0
../images/test/data/Just_Images/Caucasian/Man/m.01v526_0005.jpg,../images/test/data/Just_Images/Caucasian/Man/m.09chpl_0002.jpg,0.7177698016166687,0
../images/test/data/Just_Images/Caucasian/Man/m.01w3117_0002.jpg,../images/test/data/Just_Images/Caucasian/Man/m.03gq2f_0002.jpg,0.9297084808349609,0
../images/test/data/Just_Images/Caucasian/Man/m.06fr_3_0003.jpg,../images/test/data/Just_Images/Caucasian/Man/m.0b16dm_0003.jpg,0.8217675089836121,0
../images/test/data/Just_Images/Caucasian/Man/m.08brxy_0001.jpg,../images/test/data/Just_Images/Caucasian/Man/m.027_v2k_0004.jpg,0.7239798903465271,0
../images/test/data/Just_Images/Caucasian/Man/m.080j2c9_0002.jpg,../images/test/data/Just_Images/Caucasian/Man/m.0cjb7w_0001.jpg,0.8663760423660278,0
../images/test/data/Just_Images/Caucasian/Man/m.05hpnm_0003.jpg,../images/test/data/Just_Images/Caucasian/Man/m.06z9m2_0003.jpg,0.8375338315963745,0
../images/test/data/Just_Images/Caucasian/Man/m.086133_0004.jpg,../images/test/data/Just_Images/Caucasian/Man/m.02r2043_0002.jpg,0.8645683526992798,0
../images/test/data/Just_Images/Caucasian/Man/m.02vnsd_0001.jpg,../images/test/data/Just_Images/Caucasian/Man/m.04c1g2_0001.jpg,0.9064398407936096,0
../images/test/data/Just_Images/Caucasian/Man/m.0463cs9_0002.jpg,../images/test/data/Just_Images/Caucasian/Man/m.04t0nb_0002.jpg,0.8791929483413696,0
../images/test/data/Just_Images/Caucasian/Man/m.07bhcq_0001.jpg,../images/test/data/Just_Images/Caucasian/Man/m.0282xfk_0003.jpg,0.8946733474731445,0
../images/test/data/Just_Images/Caucasian/Man/m.03g_94z_0002.jpg,../images/test/data/Just_Images/Caucasian/Man/m.0h1bwl__0001.jpg,0.923494815826416,0
../images/test/data/Just_Images/Caucasian/Man/m.020hbw_0001.jpg,../images/test/data/Just_Images/Caucasian/Woman/m.061b24_0003.jpg,0.92586350440979,0
../images/test/data/Just_Images/Caucasian/Woman/m.02tqcw_0002.jpg,../images/test/data/Just_Images/Caucasian/Woman/m.07kyrd_0001.jpg,0.9604889154434204,0
../images/test/data/Just_Images/Caucasian/Man/m.065y66x_0001.jpg,../images/test/data/Just_Images/Caucasian/Man/m.06tvw7_0003.jpg,0.8306089639663696,0
../images/test/data/Just_Images/Caucasian/Man/m.0404x4p_0001.jpg,../images/test/data/Just_Images/Caucasian/Man/m.04kvhw_0001.jpg,0.8410279750823975,0
../images/test/data/Just_Images/Caucasian/Man/m.09y69s_0003.jpg,../images/test/data/Just_Images/Caucasian/Man/m.084ws_0003.jpg,0.9315046668052673,0
../images/test/data/Just_Images/Caucasian/Man/m.04jdsqt_0001.jpg,../images/test/data/Just_Images/Caucasian/Man/m.02y174_0001.jpg,0.9091017246246338,0
../images/test/data/Just_Images/Caucasian/Woman/m.09vtj94_0001.jpg,../images/test/data/Just_Images/Caucasian/Woman/m.067_jr_0002.jpg,0.7688784599304199,0
../images/test/data/Just_Images/Caucasian/Man/m.0bj_n9_0002.jpg,../images/test/data/Just_Images/Caucasian/Man/m.03tqn3_0003.jpg,0.8975198268890381,0
../images/test/data/Just_Images/Caucasian/Man/m.09bd0b_0001.jpg,../images/test/data/Just_Images/Caucasian/Man/m.04y70v_0003.jpg,0.8223280310630798,0
../images/test/data/Just_Images/Caucasian/Man/m.0d8p05_0003.jpg,../images/test/data/Just_Images/Caucasian/Man/m.0283gz5_0004.jpg,0.9039583206176758,0
../images/test/data/Just_Images/Caucasian/Man/m.065yspj_0003.jpg,../images/test/data/Just_Images/Caucasian/Man/m.025yv1m_0005.jpg,0.760082483291626,0
../images/test/data/Just_Images/Caucasian/Man/m.03b_tkw_0003.jpg,../images/test/data/Just_Images/Caucasian/Man/m.0pl0f4t_0002.jpg,0.6745473742485046,0
../images/test/data/Just_Images/Caucasian/Woman/m.02vn7m9_0004.jpg,../images/test/data/Just_Images/Caucasian/Man/m.07fvt6_0001.jpg,0.647290825843811,0
../images/test/data/Just_Images/Caucasian/Man/m.02flt3_0003.jpg,../images/test/data/Just_Images/Caucasian/Woman/m.047cwb6_0001.jpg,0.8571300506591797,0
../images/test/data/Just_Images/Caucasian/Man/m.0b4y2g_0002.jpg,../images/test/data/Just_Images/Caucasian/Woman/m.03k95p_0003.jpg,0.868291437625885,0
../images/test/data/Just_Images/Caucasian/Man/m.02zv09_0003.jpg,../images/test/data/Just_Images/Caucasian/Man/m.01s1yl6_0002.jpg,0.8311444520950317,0
../images/test/data/Just_Images/Caucasian/Man/m.09xbcv_0002.jpg,../images/test/data/Just_Images/Caucasian/Man/m.01wf0wf_0002.jpg,0.9598063826560974,0
../images/test/data/Just_Images/Caucasian/Man/m.01jscz_0003.jpg,../images/test/data/Just_Images/Caucasian/Woman/m.0b309__0001.jpg,0.777061939239502,0
../images/test/data/Just_Images/Caucasian/Man/m.05xq7m_0002.jpg,../images/test/data/Just_Images/Caucasian/Man/m.04vzp3_0004.jpg,0.8521546125411987,0
../images/test/data/Just_Images/Caucasian/Man/m.09d2q6_0004.jpg,../images/test/data/Just_Images/Caucasian/Woman/m.015j6y_0001.jpg,0.8666910529136658,0
../images/test/data/Just_Images/Caucasian/Man/m.01q6hm1_0003.jpg,../images/test/data/Just_Images/Caucasian/Man/m.05c49j_0001.jpg,0.7679884433746338,0
../images/test/data/Just_Images/Caucasian/Man/m.0fqlt48_0001.jpg,../images/test/data/Just_Images/Caucasian/Man/m.04n24vs_0001.jpg,0.9535179734230042,0
../images/test/data/Just_Images/Caucasian/Man/m.02bkvf_0003.jpg,../images/test/data/Just_Images/Caucasian/Man/m.023g9f_0001.jpg,0.8200074434280396,0
../images/test/data/Just_Images/Caucasian/Man/m.090_wf_0003.jpg,../images/test/data/Just_Images/Caucasian/Man/m.0kk4q_0002.jpg,0.8937587738037109,0
../images/test/data/Just_Images/Caucasian/Man/m.06h_0v_0002.jpg,../images/test/data/Just_Images/Caucasian/Man/m.0fh5d9_0001.jpg,0.7434664368629456,0
../images/test/data/Just_Images/Caucasian/Man/m.09fjh6_0004.jpg,../images/test/data/Just_Images/Caucasian/Man/m.03ydsb_0001.jpg,0.8346995115280151,0
../images/test/data/Just_Images/Caucasian/Woman/m.0d7tdm_0001.jpg,../images/test/data/Just_Images/Caucasian/Man/m.0b_vd5_0005.jpg,0.8902977705001831,0
../images/test/data/Just_Images/Caucasian/Woman/m.09j5bm_0001.jpg,../images/test/data/Just_Images/Caucasian/Man/m.03f2lhd_0003.jpg,0.8953118920326233,0
../images/test/data/Just_Images/Caucasian/Woman/m.02z3m7b_0001.jpg,../images/test/data/Just_Images/Caucasian/Man/m.03hj_vm_0001.jpg,0.821269154548645,0
../images/test/data/Just_Images/Caucasian/Woman/m.0gxv69_0001.jpg,../images/test/data/Just_Images/Caucasian/Man/m.06rr65_0003.jpg,0.8942455053329468,0
../images/test/data/Just_Images/Caucasian/Woman/m.01s6yx4_0002.jpg,../images/test/data/Just_Images/Caucasian/Woman/m.027__w1_0004.jpg,0.9375902414321899,0
../images/test/data/Just_Images/Caucasian/Man/m.02pynw8_0001.jpg,../images/test/data/Just_Images/Caucasian/Man/m.08093s1_0004.jpg,0.8366183042526245,0
../images/test/data/Just_Images/Caucasian/Man/m.09jgcv_0001.jpg,../images/test/data/Just_Images/Caucasian/Man/m.05n8v3_0002.jpg,0.8810495734214783,0
../images/test/data/Just_Images/Caucasian/Man/m.052_s57_0002.jpg,../images/test/data/Just_Images/Caucasian/Man/m.05nj7n_0003.jpg,0.8796716332435608,0
../images/test/data/Just_Images/Caucasian/Woman/m.06v8lr_0004.jpg,../images/test/data/Just_Images/Caucasian/Woman/m.05mkfb_0002.jpg,0.9226640462875366,0
../images/test/data/Just_Images/Caucasian/Woman/m.02wlk3_0003.jpg,../images/test/data/Just_Images/Caucasian/Man/m.05jbdq_0002.jpg,0.8584200143814087,0
../images/test/data/Just_Images/Caucasian/Man/m.03d3mg_0003.jpg,../images/test/data/Just_Images/Caucasian/Man/m.04t04m_0003.jpg,0.9088255167007446,0
../images/test/data/Just_Images/Caucasian/Man/m.068p19_0002.jpg,../images/test/data/Just_Images/Caucasian/Man/m.057d89_0002.jpg,0.9113379716873169,0
../images/test/data/Just_Images/Caucasian/Man/m.04mx___0002.jpg,../images/test/data/Just_Images/Caucasian/Man/m.09c2bf_0002.jpg,0.9106007814407349,0
../images/test/data/Just_Images/Caucasian/Man/m.033lqh_0004.jpg,../images/test/data/Just_Images/Caucasian/Man/m.03c55bh_0005.jpg,0.878463864326477,0
../images/test/data/Just_Images/Caucasian/Man/m.04jx1g_0001.jpg,../images/test/data/Just_Images/Caucasian/Man/m.039xxb_0004.jpg,0.9116334915161133,0
../images/test/data/Just_Images/Caucasian/Woman/m.0gmv3_0002.jpg,../images/test/data/Just_Images/Caucasian/Woman/m.025wgh2_0005.jpg,0.8687248826026917,0
../images/test/data/Just_Images/Caucasian/Woman/m.07mqtl_0002.jpg,../images/test/data/Just_Images/Caucasian/Man/m.01b9z4_0005.jpg,0.8451124429702759,0
../images/test/data/Just_Images/Caucasian/Man/m.05c1bgv_0003.jpg,../images/test/data/Just_Images/Caucasian/Man/m.018wgp_0004.jpg,0.8446917533874512,0
../images/test/data/Just_Images/Caucasian/Man/m.08r536_0001.jpg,../images/test/data/Just_Images/Caucasian/Man/m.0r4pmym_0005.jpg,0.7326580286026001,0
../images/test/data/Just_Images/Caucasian/Man/m.01p0ddf_0004.jpg,../images/test/data/Just_Images/Caucasian/Man/m.01tnxc_0003.jpg,0.7979684472084045,0
../images/test/data/Just_Images/Caucasian/Man/m.01vt203_0001.jpg,../images/test/data/Just_Images/Caucasian/Man/m.01hbc7_0002.jpg,0.811102032661438,0
../images/test/data/Just_Images/Caucasian/Man/m.09cpvg_0002.jpg,../images/test/data/Just_Images/Caucasian/Man/m.047rs3_0001.jpg,0.8596663475036621,0
../images/test/data/Just_Images/Caucasian/Woman/m.0gbxscm_0002.jpg,../images/test/data/Just_Images/Caucasian/Woman/m.08v3yc_0005.jpg,0.8833264112472534,0
../images/test/data/Just_Images/Caucasian/Man/m.080h92h_0001.jpg,../images/test/data/Just_Images/Caucasian/Man/m.08lc3k_0001.jpg,0.9315574169158936,0
../images/test/data/Just_Images/Caucasian/Man/m.01ppr3c_0003.jpg,../images/test/data/Just_Images/Caucasian/Man/m.06_y8k_0001.jpg,0.939330518245697,0
../images/test/data/Just_Images/Caucasian/Man/m.04b1qp_0002.jpg,../images/test/data/Just_Images/Caucasian/Man/m.08qq05_0004.jpg,0.9119687080383301,0
../images/test/data/Just_Images/Caucasian/Man/m.02rlps7_0002.jpg,../images/test/data/Just_Images/Caucasian/Man/m.026964z_0003.jpg,0.8944099545478821,0
../images/test/data/Just_Images/Caucasian/Woman/m.026c2ys_0002.jpg,../images/test/data/Just_Images/Caucasian/Man/m.0ccx4b_0004.jpg,0.8760960102081299,0
../images/test/data/Just_Images/Caucasian/Man/m.043qs3t_0001.jpg,../images/test/data/Just_Images/Caucasian/Woman/m.050s4k_0003.jpg,0.8804176449775696,0
../images/test/data/Just_Images/Caucasian/Man/m.04jbhhb_0003.jpg,../images/test/data/Just_Images/Caucasian/Man/m.047qk72_0002.jpg,0.903619647026062,0
../images/test/data/Just_Images/Caucasian/Man/m.02rjgqf_0002.jpg,../images/test/data/Just_Images/Caucasian/Man/m.07z81k_0001.jpg,0.8776602745056152,0
../images/test/data/Just_Images/Caucasian/Man/m.047mvxn_0002.jpg,../images/test/data/Just_Images/Caucasian/Man/m.0741z2_0003.jpg,0.912473201751709,0
../images/test/data/Just_Images/Caucasian/Man/m.0611v__0003.jpg,../images/test/data/Just_Images/Caucasian/Woman/m.0fpvzv_0002.jpg,0.8573442697525024,0
../images/test/data/Just_Images/Caucasian/Man/m.027p_mq_0002.jpg,../images/test/data/Just_Images/Caucasian/Man/m.065fg7_0002.jpg,0.7749631404876709,0
../images/test/data/Just_Images/Caucasian/Man/m.01mc7k7_0001.jpg,../images/test/data/Just_Images/Caucasian/Man/m.01fc08_0003.jpg,0.8914763927459717,0
../images/test/data/Just_Images/Caucasian/Woman/m.0fcctd_0001.jpg,../images/test/data/Just_Images/Caucasian/Man/m.01y8fd_0002.jpg,0.858906626701355,0
../images/test/data/Just_Images/Caucasian/Woman/m.06w49df_0002.jpg,../images/test/data/Just_Images/Caucasian/Man/m.0b0j19_0004.jpg,0.866416871547699,0
../images/test/data/Just_Images/Caucasian/Man/m.01h_3z_0002.jpg,../images/test/data/Just_Images/Caucasian/Man/m.0d73bw_0001.jpg,0.7967849969863892,0
../images/test/data/Just_Images/Caucasian/Woman/m.09r1n7_0002.jpg,../images/test/data/Just_Images/Caucasian/Woman/m.03kcyd_0002.jpg,0.9168214797973633,0
../images/test/data/Just_Images/Caucasian/Woman/m.0gyw0dd_0003.jpg,../images/test/data/Just_Images/Caucasian/Woman/m.05ngcv_0001.jpg,0.906192421913147,0
../images/test/data/Just_Images/Caucasian/Woman/m.04jlgp_0001.jpg,../images/test/data/Just_Images/Caucasian/Man/m.0dlk_jr_0001.jpg,0.8844943046569824,0
../images/test/data/Just_Images/Caucasian/Man/m.04rp8n_0002.jpg,../images/test/data/Just_Images/Caucasian/Man/m.0g56222_0001.jpg,0.9255530834197998,0
../images/test/data/Just_Images/Caucasian/Man/m.04bhjx_0003.jpg,../images/test/data/Just_Images/Caucasian/Man/m.06jpjl_0001.jpg,0.8995306491851807,0
../images/test/data/Just_Images/Caucasian/Man/m.028j1f_0003.jpg,../images/test/data/Just_Images/Caucasian/Man/m.0c3bq1_0002.jpg,0.7949965596199036,0
../images/test/data/Just_Images/Caucasian/Woman/m.025yhpl_0001.jpg,../images/test/data/Just_Images/Caucasian/Man/m.06wc_j_0003.jpg,0.9078718423843384,0
../images/test/data/Just_Images/Caucasian/Man/m.07zsbv_0001.jpg,../images/test/data/Just_Images/Caucasian/Man/m.01rkzk_0001.jpg,0.9007922410964966,0
../images/test/data/Just_Images/Caucasian/Man/m.043tg_0001.jpg,../images/test/data/Just_Images/Caucasian/Woman/m.05p98bd_0001.jpg,0.8577330112457275,0
../images/test/data/Just_Images/Caucasian/Man/m.0p_r5_0002.jpg,../images/test/data/Just_Images/Caucasian/Man/m.02q5kjt_0001.jpg,0.8645411133766174,0
../images/test/data/Just_Images/Caucasian/Man/m.01kvrj_0002.jpg,../images/test/data/Just_Images/Caucasian/Man/m.06_r3f_0002.jpg,0.6664273738861084,0
../images/test/data/Just_Images/Caucasian/Man/m.0bmp6r_0002.jpg,../images/test/data/Just_Images/Caucasian/Man/m.083gzk_0004.jpg,0.752825140953064,0
../images/test/data/Just_Images/Caucasian/Man/m.02x4cb8_0002.jpg,../images/test/data/Just_Images/Caucasian/Man/m.06_nzh_0004.jpg,0.8515380024909973,0
../images/test/data/Just_Images/Caucasian/Man/m.0py378y_0001.jpg,../images/test/data/Just_Images/Caucasian/Man/m.07drk5_0003.jpg,0.7975016832351685,0
../images/test/data/Just_Images/Caucasian/Man/m.08w812_0002.jpg,../images/test/data/Just_Images/Caucasian/Man/m.03bl43_0003.jpg,0.8873327374458313,0
../images/test/data/Just_Images/Caucasian/Woman/m.0j_33_r_0001.jpg,../images/test/data/Just_Images/Caucasian/Man/m.07_k3f_0001.jpg,0.8930282592773438,0
../images/test/data/Just_Images/Caucasian/Woman/m.04jm0kz_0002.jpg,../images/test/data/Just_Images/Caucasian/Woman/m.01jy8c0_0004.jpg,0.7954556345939636,0
../images/test/data/Just_Images/Caucasian/Man/m.047qk72_0001.jpg,../images/test/data/Just_Images/Caucasian/Man/m.0nfvbjw_0004.jpg,0.8744980096817017,0
../images/test/data/Just_Images/Caucasian/Man/m.0kryqm_0002.jpg,../images/test/data/Just_Images/Caucasian/Man/m.04n12ty_0004.jpg,0.9471397399902344,0
../images/test/data/Just_Images/Caucasian/Man/m.03lqmd_0001.jpg,../images/test/data/Just_Images/Caucasian/Man/m.072bxj_0001.jpg,0.8609298467636108,0
../images/test/data/Just_Images/Caucasian/Man/m.03642d_0001.jpg,../images/test/data/Just_Images/Caucasian/Man/m.01nk1ny_0003.jpg,0.7693660259246826,0
../images/test/data/Just_Images/Caucasian/Man/m.070hf5_0002.jpg,../images/test/data/Just_Images/Caucasian/Man/m.09k3x__0001.jpg,0.8871093988418579,0
../images/test/data/Just_Images/Caucasian/Man/m.042hzg_0003.jpg,../images/test/data/Just_Images/Caucasian/Man/m.0drjz8_0001.jpg,0.8779574632644653,0
../images/test/data/Just_Images/Caucasian/Man/m.05n8v3_0003.jpg,../images/test/data/Just_Images/Caucasian/Man/m.01kmdn_0003.jpg,0.8837783932685852,0
../images/test/data/Just_Images/Caucasian/Man/m.03tkg__0001.jpg,../images/test/data/Just_Images/Caucasian/Man/m.04m_0r7_0002.jpg,0.934380292892456,0
../images/test/data/Just_Images/Caucasian/Man/m.0dl5zt_0003.jpg,../images/test/data/Just_Images/Caucasian/Woman/m.081tyx8_0004.jpg,0.9030243754386902,0
../images/test/data/Just_Images/Caucasian/Man/m.02wxh8_0003.jpg,../images/test/data/Just_Images/Caucasian/Man/m.0cg2l6_0001.jpg,0.8763402104377747,0
../images/test/data/Just_Images/Caucasian/Man/m.03jygk_0004.jpg,../images/test/data/Just_Images/Caucasian/Man/m.01d9m2_0001.jpg,0.8735432624816895,0
../images/test/data/Just_Images/Caucasian/Man/m.0bbcqb_0002.jpg,../images/test/data/Just_Images/Caucasian/Man/m.02k21g_0006.jpg,0.9673258066177368,0
../images/test/data/Just_Images/Caucasian/Woman/m.08_nsh_0001.jpg,../images/test/data/Just_Images/Caucasian/Man/m.07zjy5_0003.jpg,0.9067243933677673,0
../images/test/data/Just_Images/Caucasian/Man/m.0cn0l7_0004.jpg,../images/test/data/Just_Images/Caucasian/Man/m.0ll2_ny_0002.jpg,0.8185770511627197,0
../images/test/data/Just_Images/Caucasian/Man/m.03nxrdn_0003.jpg,../images/test/data/Just_Images/Caucasian/Man/m.07kdmj3_0001.jpg,0.8817070126533508,0
../images/test/data/Just_Images/Caucasian/Woman/m.02729k2_0003.jpg,../images/test/data/Just_Images/Caucasian/Woman/m.04j77yz_0002.jpg,0.8761111497879028,0
../images/test/data/Just_Images/Caucasian/Man/m.0911kl_0002.jpg,../images/test/data/Just_Images/Caucasian/Man/m.014hlm_0003.jpg,0.8937649726867676,0
../images/test/data/Just_Images/Caucasian/Man/m.01kx4h__0002.jpg,../images/test/data/Just_Images/Caucasian/Woman/m.03h3w2p_0004.jpg,0.7844060063362122,0
../images/test/data/Just_Images/Caucasian/Man/m.08ylxl_0001.jpg,../images/test/data/Just_Images/Caucasian/Man/m.026tdl1_0003.jpg,0.9365777373313904,0
../images/test/data/Just_Images/Caucasian/Man/m.09g8fj_0002.jpg,../images/test/data/Just_Images/Caucasian/Man/m.05m73f_0002.jpg,0.8300641775131226,0
../images/test/data/Just_Images/Caucasian/Woman/m.039gxl_0003.jpg,../images/test/data/Just_Images/Caucasian/Woman/m.0d_3hq_0001.jpg,0.9409862160682678,0
../images/test/data/Just_Images/Caucasian/Woman/m.027ylw_0002.jpg,../images/test/data/Just_Images/Caucasian/Man/m.08wpfw_0003.jpg,0.8653672337532043,0
../images/test/data/Just_Images/Caucasian/Man/m.09v2l7b_0002.jpg,../images/test/data/Just_Images/Caucasian/Man/m.09v2l7b_0003.jpg,0.8693363666534424,1
../images/test/data/Just_Images/Caucasian/Man/m.0ywm0_0001.jpg,../images/test/data/Just_Images/Caucasian/Man/m.0ywm0_0003.jpg,0.8951492309570312,1
../images/test/data/Just_Images/Caucasian/Man/m.083gzk_0003.jpg,../images/test/data/Just_Images/Caucasian/Man/m.083gzk_0002.jpg,0.9268312454223633,1
../images/test/data/Just_Images/Caucasian/Woman/m.0256zn_0001.jpg,../images/test/data/Just_Images/Caucasian/Woman/m.0256zn_0002.jpg,0.9505107402801514,1
../images/test/data/Just_Images/Caucasian/Man/m.06ck88_0002.jpg,../images/test/data/Just_Images/Caucasian/Man/m.06ck88_0005.jpg,0.9031158685684204,1
../images/test/data/Just_Images/Caucasian/Woman/m.02qq_f2_0002.jpg,../images/test/data/Just_Images/Caucasian/Woman/m.02qq_f2_0004.jpg,0.9632167220115662,1
../images/test/data/Just_Images/Caucasian/Man/m.03qgk5p_0001.jpg,../images/test/data/Just_Images/Caucasian/Man/m.03qgk5p_0002.jpg,0.9549791812896729,1
../images/test/data/Just_Images/Caucasian/Woman/m.03f21hg_0002.jpg,../images/test/data/Just_Images/Caucasian/Woman/m.03f21hg_0001.jpg,0.8237916231155396,1
../images/test/data/Just_Images/Caucasian/Woman/m.02wcg9p_0003.jpg,../images/test/data/Just_Images/Caucasian/Woman/m.02wcg9p_0002.jpg,0.7208397388458252,1
../images/test/data/Just_Images/Caucasian/Man/m.0c68ds_0001.jpg,../images/test/data/Just_Images/Caucasian/Man/m.0c68ds_0003.jpg,0.9098260998725891,1
../images/test/data/Just_Images/Caucasian/Woman/m.03qcfw8_0001.jpg,../images/test/data/Just_Images/Caucasian/Woman/m.03qcfw8_0002.jpg,0.8648505210876465,1
../images/test/data/Just_Images/Caucasian/Woman/m.051t72_0002.jpg,../images/test/data/Just_Images/Caucasian/Woman/m.051t72_0004.jpg,0.9617477655410767,1
../images/test/data/Just_Images/Caucasian/Man/m.07xhjs_0002.jpg,../images/test/data/Just_Images/Caucasian/Man/m.07xhjs_0003.jpg,0.8742476105690002,1
../images/test/data/Just_Images/Caucasian/Man/m.01b9z4_0002.jpg,../images/test/data/Just_Images/Caucasian/Man/m.01b9z4_0006.jpg,0.8934711813926697,1
../images/test/data/Just_Images/Caucasian/Man/m.03ckjdx_0002.jpg,../images/test/data/Just_Images/Caucasian/Man/m.03ckjdx_0003.jpg,0.9662875533103943,1
../images/test/data/Just_Images/Caucasian/Man/m.027xrq_0004.jpg,../images/test/data/Just_Images/Caucasian/Man/m.027xrq_0005.jpg,0.8587021827697754,1
../images/test/data/Just_Images/Caucasian/Man/m.026tp3f_0002.jpg,../images/test/data/Just_Images/Caucasian/Man/m.026tp3f_0003.jpg,0.9036911725997925,1
../images/test/data/Just_Images/Caucasian/Man/m.06688p_0001.jpg,../images/test/data/Just_Images/Caucasian/Man/m.06688p_0003.jpg,0.7793658375740051,1
../images/test/data/Just_Images/Caucasian/Woman/m.0465pkb_0001.jpg,../images/test/data/Just_Images/Caucasian/Woman/m.0465pkb_0004.jpg,0.8665703535079956,1
../images/test/data/Just_Images/Caucasian/Man/m.03ygy2x_0001.jpg,../images/test/data/Just_Images/Caucasian/Man/m.03ygy2x_0002.jpg,0.7630281448364258,1
../images/test/data/Just_Images/Caucasian/Man/m.05qrz__0001.jpg,../images/test/data/Just_Images/Caucasian/Man/m.05qrz__0004.jpg,0.8457403182983398,1
../images/test/data/Just_Images/Caucasian/Man/m.07nx9j_0006.jpg,../images/test/data/Just_Images/Caucasian/Man/m.07nx9j_0007.jpg,0.9691425561904907,1
../images/test/data/Just_Images/Caucasian/Man/m.0b1f8v_0003.jpg,../images/test/data/Just_Images/Caucasian/Man/m.0b1f8v_0001.jpg,0.9044195413589478,1
../images/test/data/Just_Images/Caucasian/Man/m.0261j4_0002.jpg,../images/test/data/Just_Images/Caucasian/Man/m.0261j4_0003.jpg,0.9423521757125854,1
../images/test/data/Just_Images/Caucasian/Man/m.02mkvd_0003.jpg,../images/test/data/Just_Images/Caucasian/Man/m.02mkvd_0001.jpg,0.8641123175621033,1
../images/test/data/Just_Images/Caucasian/Man/m.0bqywc_0005.jpg,../images/test/data/Just_Images/Caucasian/Man/m.0bqywc_0003.jpg,0.8382601737976074,1
../images/test/data/Just_Images/Caucasian/Man/m.06lng_0002.jpg,../images/test/data/Just_Images/Caucasian/Man/m.06lng_0001.jpg,0.8833979368209839,1
../images/test/data/Just_Images/Caucasian/Woman/m.05sxkvq_0004.jpg,../images/test/data/Just_Images/Caucasian/Woman/m.05sxkvq_0003.jpg,0.8806111812591553,1
../images/test/data/Just_Images/Caucasian/Man/m.06pcjc_0002.jpg,../images/test/data/Just_Images/Caucasian/Man/m.06pcjc_0003.jpg,0.8868135213851929,1
../images/test/data/Just_Images/Caucasian/Man/m.0gy19gp_0004.jpg,../images/test/data/Just_Images/Caucasian/Man/m.0gy19gp_0002.jpg,0.9105134606361389,1
../images/test/data/Just_Images/Caucasian/Woman/m.07xhz6_0004.jpg,../images/test/data/Just_Images/Caucasian/Woman/m.07xhz6_0001.jpg,0.8763343095779419,1
../images/test/data/Just_Images/Caucasian/Man/m.02x1wwm_0003.jpg,../images/test/data/Just_Images/Caucasian/Man/m.02x1wwm_0001.jpg,0.9287784695625305,1
../images/test/data/Just_Images/Caucasian/Man/m.06swrp_0004.jpg,../images/test/data/Just_Images/Caucasian/Man/m.06swrp_0002.jpg,0.9394257664680481,1
../images/test/data/Just_Images/Caucasian/Man/m.02rgcf4_0003.jpg,../images/test/data/Just_Images/Caucasian/Man/m.02rgcf4_0002.jpg,0.8859168291091919,1
../images/test/data/Just_Images/Caucasian/Woman/m.02vm0mx_0002.jpg,../images/test/data/Just_Images/Caucasian/Woman/m.02vm0mx_0001.jpg,0.7607252597808838,1
../images/test/data/Just_Images/Caucasian/Man/m.096lqc_0001.jpg,../images/test/data/Just_Images/Caucasian/Man/m.096lqc_0002.jpg,0.8945512175559998,1
../images/test/data/Just_Images/Caucasian/Man/m.07z81k_0002.jpg,../images/test/data/Just_Images/Caucasian/Man/m.07z81k_0003.jpg,0.833548903465271,1
../images/test/data/Just_Images/Caucasian/Man/m.0blf_j_0001.jpg,../images/test/data/Just_Images/Caucasian/Man/m.0blf_j_0003.jpg,0.8199439644813538,1
../images/test/data/Just_Images/Caucasian/Man/m.06wb5bj_0001.jpg,../images/test/data/Just_Images/Caucasian/Man/m.06wb5bj_0003.jpg,0.9294629096984863,1
../images/test/data/Just_Images/Caucasian/Man/m.04xr9c_0003.jpg,../images/test/data/Just_Images/Caucasian/Man/m.04xr9c_0002.jpg,0.8178778290748596,1
../images/test/data/Just_Images/Caucasian/Man/m.027jg2__0001.jpg,../images/test/data/Just_Images/Caucasian/Man/m.027jg2__0004.jpg,0.9061055183410645,1
../images/test/data/Just_Images/Caucasian/Woman/m.03nndg3_0003.jpg,../images/test/data/Just_Images/Caucasian/Woman/m.03nndg3_0004.jpg,0.8872160315513611,1
../images/test/data/Just_Images/Caucasian/Man/m.0261ywc_0004.jpg,../images/test/data/Just_Images/Caucasian/Man/m.0261ywc_0002.jpg,0.9061449766159058,1
../images/test/data/Just_Images/Caucasian/Man/m.02qwxhj_0001.jpg,../images/test/data/Just_Images/Caucasian/Man/m.02qwxhj_0004.jpg,0.8863581418991089,1
../images/test/data/Just_Images/Caucasian/Woman/m.073djs_0003.jpg,../images/test/data/Just_Images/Caucasian/Woman/m.073djs_0002.jpg,0.9448531270027161,1
../images/test/data/Just_Images/Caucasian/Man/m.01mz41_0002.jpg,../images/test/data/Just_Images/Caucasian/Man/m.01mz41_0001.jpg,0.8829069137573242,1
../images/test/data/Just_Images/Caucasian/Man/m.08lx2b_0003.jpg,../images/test/data/Just_Images/Caucasian/Man/m.08lx2b_0002.jpg,0.8661668300628662,1
../images/test/data/Just_Images/Caucasian/Man/m.05v9zns_0001.jpg,../images/test/data/Just_Images/Caucasian/Man/m.05v9zns_0003.jpg,0.91306471824646,1
../images/test/data/Just_Images/Caucasian/Man/m.0bvgm4_0003.jpg,../images/test/data/Just_Images/Caucasian/Man/m.0bvgm4_0002.jpg,0.790536105632782,1
../images/test/data/Just_Images/Caucasian/Man/m.03tqn3_0003.jpg,../images/test/data/Just_Images/Caucasian/Man/m.03tqn3_0001.jpg,0.8688240051269531,1
../images/test/data/Just_Images/Caucasian/Man/m.05_x0_0002.jpg,../images/test/data/Just_Images/Caucasian/Man/m.05_x0_0003.jpg,0.8559408187866211,1
../images/test/data/Just_Images/Caucasian/Woman/m.05xjkv_0004.jpg,../images/test/data/Just_Images/Caucasian/Woman/m.05xjkv_0003.jpg,0.831834614276886,1
../images/test/data/Just_Images/Caucasian/Woman/m.04tv8s_0002.jpg,../images/test/data/Just_Images/Caucasian/Woman/m.04tv8s_0003.jpg,0.9827818274497986,1
../images/test/data/Just_Images/Caucasian/Man/m.0b6l81k_0002.jpg,../images/test/data/Just_Images/Caucasian/Man/m.0b6l81k_0004.jpg,0.9237058162689209,1
../images/test/data/Just_Images/Caucasian/Man/m.0c5_ym_0005.jpg,../images/test/data/Just_Images/Caucasian/Man/m.0c5_ym_0004.jpg,0.9278959035873413,1
../images/test/data/Just_Images/Caucasian/Man/m.066kvr_0003.jpg,../images/test/data/Just_Images/Caucasian/Man/m.066kvr_0002.jpg,0.9090186357498169,1
../images/test/data/Just_Images/Caucasian/Man/m.07twdn_0001.jpg,../images/test/data/Just_Images/Caucasian/Man/m.07twdn_0004.jpg,0.9181106090545654,1
../images/test/data/Just_Images/Caucasian/Man/m.01wmdx5_0002.jpg,../images/test/data/Just_Images/Caucasian/Man/m.01wmdx5_0001.jpg,0.8209860324859619,1
../images/test/data/Just_Images/Caucasian/Man/m.09kgh_0002.jpg,../images/test/data/Just_Images/Caucasian/Man/m.09kgh_0003.jpg,0.8242249488830566,1
../images/test/data/Just_Images/Caucasian/Man/m.027h6r5_0002.jpg,../images/test/data/Just_Images/Caucasian/Man/m.027h6r5_0003.jpg,0.8341403603553772,1
../images/test/data/Just_Images/Caucasian/Man/m.09jgcv_0001.jpg,../images/test/data/Just_Images/Caucasian/Man/m.09jgcv_0002.jpg,0.9729608297348022,1
../images/test/data/Just_Images/Caucasian/Man/m.0ll2_ny_0004.jpg,../images/test/data/Just_Images/Caucasian/Man/m.0ll2_ny_0005.jpg,0.7888623476028442,1
../images/test/data/Just_Images/Caucasian/Man/m.0b00ny_0002.jpg,../images/test/data/Just_Images/Caucasian/Man/m.0b00ny_0003.jpg,0.92762291431427,1
../images/test/data/Just_Images/Caucasian/Man/m.087x6z_0001.jpg,../images/test/data/Just_Images/Caucasian/Man/m.087x6z_0003.jpg,0.9014608263969421,1
../images/test/data/Just_Images/Caucasian/Man/m.0dgpfr5_0002.jpg,../images/test/data/Just_Images/Caucasian/Man/m.0dgpfr5_0001.jpg,0.8772115707397461,1
../images/test/data/Just_Images/Caucasian/Man/m.01qhmft_0002.jpg,../images/test/data/Just_Images/Caucasian/Man/m.01qhmft_0001.jpg,0.8409374952316284,1
../images/test/data/Just_Images/Caucasian/Woman/m.01lgdc_0002.jpg,../images/test/data/Just_Images/Caucasian/Woman/m.01lgdc_0004.jpg,0.8325179815292358,1
../images/test/data/Just_Images/Caucasian/Man/m.0kryqm_0001.jpg,../images/test/data/Just_Images/Caucasian/Man/m.0kryqm_0004.jpg,0.9378523826599121,1
../images/test/data/Just_Images/Caucasian/Man/m.01xy8p_0002.jpg,../images/test/data/Just_Images/Caucasian/Man/m.01xy8p_0003.jpg,0.7642070055007935,1
../images/test/data/Just_Images/Caucasian/Man/m.03crncf_0002.jpg,../images/test/data/Just_Images/Caucasian/Man/m.03crncf_0001.jpg,0.8942938446998596,1
../images/test/data/Just_Images/Caucasian/Man/m.06drd2_0001.jpg,../images/test/data/Just_Images/Caucasian/Man/m.06drd2_0004.jpg,0.9565863013267517,1
../images/test/data/Just_Images/Caucasian/Man/m.01l03w2_0002.jpg,../images/test/data/Just_Images/Caucasian/Man/m.01l03w2_0003.jpg,0.8466610908508301,1
../images/test/data/Just_Images/Caucasian/Woman/m.03f46y6_0001.jpg,../images/test/data/Just_Images/Caucasian/Woman/m.03f46y6_0003.jpg,0.9680299162864685,1
../images/test/data/Just_Images/Caucasian/Woman/m.0ch5ct7_0003.jpg,../images/test/data/Just_Images/Caucasian/Woman/m.0ch5ct7_0001.jpg,0.877501904964447,1
../images/test/data/Just_Images/Caucasian/Man/m.047r19m_0002.jpg,../images/test/data/Just_Images/Caucasian/Man/m.047r19m_0001.jpg,0.8331114053726196,1
../images/test/data/Just_Images/Caucasian/Man/m.0bs90ts_0003.jpg,../images/test/data/Just_Images/Caucasian/Man/m.0bs90ts_0004.jpg,0.9478534460067749,1
../images/test/data/Just_Images/Caucasian/Man/m.0sgh0qg_0003.jpg,../images/test/data/Just_Images/Caucasian/Man/m.0sgh0qg_0002.jpg,0.8427879810333252,1
../images/test/data/Just_Images/Caucasian/Man/m.0gctmg_0005.jpg,../images/test/data/Just_Images/Caucasian/Man/m.0gctmg_0003.jpg,0.8052973747253418,1
../images/test/data/Just_Images/Caucasian/Man/m.06fp1s_0001.jpg,../images/test/data/Just_Images/Caucasian/Man/m.06fp1s_0004.jpg,0.919189989566803,1
../images/test/data/Just_Images/Caucasian/Man/m.0196dc_0002.jpg,../images/test/data/Just_Images/Caucasian/Man/m.0196dc_0004.jpg,0.9216648936271667,1
../images/test/data/Just_Images/Caucasian/Man/m.05dhgc_0002.jpg,../images/test/data/Just_Images/Caucasian/Man/m.05dhgc_0001.jpg,0.8793150782585144,1
../images/test/data/Just_Images/Caucasian/Woman/m.02phppl_0002.jpg,../images/test/data/Just_Images/Caucasian/Woman/m.02phppl_0001.jpg,0.9262446761131287,1
../images/test/data/Just_Images/Caucasian/Man/m.01mw0ng_0002.jpg,../images/test/data/Just_Images/Caucasian/Man/m.01mw0ng_0003.jpg,0.9348745346069336,1
../images/test/data/Just_Images/Caucasian/Man/m.01qdc1_0003.jpg,../images/test/data/Just_Images/Caucasian/Man/m.01qdc1_0001.jpg,0.8284947872161865,1
../images/test/data/Just_Images/Caucasian/Man/m.0hr56hr_0002.jpg,../images/test/data/Just_Images/Caucasian/Man/m.0hr56hr_0003.jpg,0.9179841876029968,1
../images/test/data/Just_Images/Caucasian/Man/m.04lhbmd_0002.jpg,../images/test/data/Just_Images/Caucasian/Man/m.04lhbmd_0001.jpg,0.7149838209152222,1
../images/test/data/Just_Images/Caucasian/Woman/m.0d5125_0002.jpg,../images/test/data/Just_Images/Caucasian/Woman/m.0d5125_0003.jpg,0.9072313904762268,1
../images/test/data/Just_Images/Caucasian/Man/m.027z0k_0001.jpg,../images/test/data/Just_Images/Caucasian/Man/m.027z0k_0002.jpg,0.8950103521347046,1
../images/test/data/Just_Images/Caucasian/Man/m.04jg_m_0003.jpg,../images/test/data/Just_Images/Caucasian/Man/m.04jg_m_0004.jpg,0.9593906998634338,1
../images/test/data/Just_Images/Caucasian/Man/m.015rp8_0002.jpg,../images/test/data/Just_Images/Caucasian/Man/m.015rp8_0001.jpg,0.896934986114502,1
../images/test/data/Just_Images/Caucasian/Man/m.07vq3g_0001.jpg,../images/test/data/Just_Images/Caucasian/Man/m.07vq3g_0003.jpg,0.8859060406684875,1
../images/test/data/Just_Images/Caucasian/Man/m.096yh_0002.jpg,../images/test/data/Just_Images/Caucasian/Man/m.096yh_0004.jpg,0.7920239567756653,1
../images/test/data/Just_Images/Caucasian/Man/m.0dc6nt_0001.jpg,../images/test/data/Just_Images/Caucasian/Man/m.0dc6nt_0003.jpg,0.8830786943435669,1
../images/test/data/Just_Images/Caucasian/Man/m.05zp39m_0001.jpg,../images/test/data/Just_Images/Caucasian/Man/m.05zp39m_0003.jpg,0.8873167037963867,1
../images/test/data/Just_Images/Caucasian/Man/m.07_k3f_0003.jpg,../images/test/data/Just_Images/Caucasian/Man/m.07_k3f_0002.jpg,0.7570779323577881,1
../images/test/data/Just_Images/Caucasian/Man/m.01ppx3y_0001.jpg,../images/test/data/Just_Images/Caucasian/Man/m.01ppx3y_0003.jpg,0.8458950519561768,1
../images/test/data/Just_Images/Caucasian/Man/m.0j9mdv2_0003.jpg,../images/test/data/Just_Images/Caucasian/Man/m.0j9mdv2_0004.jpg,0.7756593227386475,1
../images/test/data/Just_Images/Caucasian/Woman/m.04y76ft_0002.jpg,../images/test/data/Just_Images/Caucasian/Woman/m.04y76ft_0001.jpg,0.9078339338302612,1
../images/test/data/Just_Images/Caucasian/Man/m.038g2x_0001.jpg,../images/test/data/Just_Images/Caucasian/Man/m.038g2x_0003.jpg,0.9313628673553467,1
../images/test/data/Just_Images/Caucasian/Man/m.0556gt_0001.jpg,../images/test/data/Just_Images/Caucasian/Man/m.0556gt_0003.jpg,0.963472306728363,1
../images/test/data/Just_Images/Caucasian/Man/m.046x73_0004.jpg,../images/test/data/Just_Images/Caucasian/Man/m.046x73_0001.jpg,0.9131368398666382,1
../images/test/data/Just_Images/Caucasian/Woman/m.03nvr9l_0001.jpg,../images/test/data/Just_Images/Caucasian/Woman/m.03nvr9l_0002.jpg,0.9413560628890991,1
../images/test/data/Just_Images/Caucasian/Man/m.04b1qp_0001.jpg,../images/test/data/Just_Images/Caucasian/Man/m.04b1qp_0003.jpg,0.9239480495452881,1
../images/test/data/Just_Images/Caucasian/Man/m.0hl3d_0003.jpg,../images/test/data/Just_Images/Caucasian/Man/m.0hl3d_0001.jpg,0.9023454189300537,1
../images/test/data/Just_Images/Caucasian/Man/m.01kgh3_0002.jpg,../images/test/data/Just_Images/Caucasian/Man/m.01kgh3_0003.jpg,0.9440275430679321,1
../images/test/data/Just_Images/Caucasian/Woman/m.0bwz1l_0004.jpg,../images/test/data/Just_Images/Caucasian/Woman/m.0bwz1l_0003.jpg,0.8976227045059204,1
../images/test/data/Just_Images/Caucasian/Man/m.0crj8tf_0003.jpg,../images/test/data/Just_Images/Caucasian/Man/m.0crj8tf_0001.jpg,0.9411557912826538,1
../images/test/data/Just_Images/Caucasian/Man/m.044sp1_0001.jpg,../images/test/data/Just_Images/Caucasian/Man/m.044sp1_0002.jpg,0.861475944519043,1
../images/test/data/Just_Images/Caucasian/Man/m.09br2g_0003.jpg,../images/test/data/Just_Images/Caucasian/Man/m.09br2g_0002.jpg,0.8512489199638367,1
../images/test/data/Just_Images/Caucasian/Man/m.06g6k4_0001.jpg,../images/test/data/Just_Images/Caucasian/Man/m.06g6k4_0002.jpg,0.8345502614974976,1
../images/test/data/Just_Images/Caucasian/Woman/m.04f07rj_0001.jpg,../images/test/data/Just_Images/Caucasian/Woman/m.04f07rj_0007.jpg,0.892802894115448,1
../images/test/data/Just_Images/Caucasian/Man/m.026dkw_0001.jpg,../images/test/data/Just_Images/Caucasian/Man/m.026dkw_0004.jpg,0.9240759015083313,1
../images/test/data/Just_Images/Caucasian/Man/m.0gn4mc_0004.jpg,../images/test/data/Just_Images/Caucasian/Man/m.0gn4mc_0001.jpg,0.9035865068435669,1
../images/test/data/Just_Images/Caucasian/Man/m.03npjfr_0002.jpg,../images/test/data/Just_Images/Caucasian/Man/m.03npjfr_0001.jpg,0.8413437604904175,1
../images/test/data/Just_Images/Caucasian/Man/m.02qp5gf_0002.jpg,../images/test/data/Just_Images/Caucasian/Man/m.02qp5gf_0001.jpg,0.8786075115203857,1
../images/test/data/Just_Images/Caucasian/Woman/m.06x06k_0003.jpg,../images/test/data/Just_Images/Caucasian/Woman/m.06x06k_0001.jpg,0.8897988200187683,1
../images/test/data/Just_Images/Caucasian/Woman/m.01qj6l_0002.jpg,../images/test/data/Just_Images/Caucasian/Woman/m.01qj6l_0001.jpg,0.7637939453125,1
../images/test/data/Just_Images/Caucasian/Man/m.0hndysp_0002.jpg,../images/test/data/Just_Images/Caucasian/Man/m.0hndysp_0001.jpg,0.9283757209777832,1
../images/test/data/Just_Images/Caucasian/Woman/m.07fphz_0003.jpg,../images/test/data/Just_Images/Caucasian/Woman/m.07fphz_0002.jpg,0.9230579733848572,1
../images/test/data/Just_Images/Caucasian/Woman/m.01n707j_0002.jpg,../images/test/data/Just_Images/Caucasian/Woman/m.01n707j_0003.jpg,0.9151150584220886,1
../images/test/data/Just_Images/Caucasian/Man/m.065z4ks_0002.jpg,../images/test/data/Just_Images/Caucasian/Man/m.065z4ks_0001.jpg,0.9155651926994324,1
../images/test/data/Just_Images/Caucasian/Man/m.0fqmjr4_0001.jpg,../images/test/data/Just_Images/Caucasian/Man/m.0fqmjr4_0004.jpg,0.7220522165298462,1
../images/test/data/Just_Images/Caucasian/Man/m.0gqn_l_0004.jpg,../images/test/data/Just_Images/Caucasian/Man/m.0gqn_l_0002.jpg,0.8642444610595703,1
../images/test/data/Just_Images/Caucasian/Man/m.01dj15_0004.jpg,../images/test/data/Just_Images/Caucasian/Man/m.01dj15_0001.jpg,0.8100895881652832,1
../images/test/data/Just_Images/Caucasian/Man/m.0gvvrm_0003.jpg,../images/test/data/Just_Images/Caucasian/Man/m.0gvvrm_0001.jpg,0.8519038558006287,1
../images/test/data/Just_Images/Caucasian/Woman/m.0d_3hq_0003.jpg,../images/test/data/Just_Images/Caucasian/Woman/m.0d_3hq_0006.jpg,0.9511421322822571,1
../images/test/data/Just_Images/Caucasian/Man/m.09scfw_0002.jpg,../images/test/data/Just_Images/Caucasian/Man/m.09scfw_0001.jpg,0.6768404245376587,1
../images/test/data/Just_Images/Caucasian/Woman/m.037tyq_0003.jpg,../images/test/data/Just_Images/Caucasian/Woman/m.037tyq_0001.jpg,0.8919767141342163,1
../images/test/data/Just_Images/Caucasian/Man/m.01s1yl6_0001.jpg,../images/test/data/Just_Images/Caucasian/Man/m.01s1yl6_0002.jpg,0.7942734956741333,1
../images/test/data/Just_Images/Caucasian/Man/m.0dtq8b_0003.jpg,../images/test/data/Just_Images/Caucasian/Man/m.0dtq8b_0001.jpg,0.927156388759613,1
../images/test/data/Just_Images/Caucasian/Man/m.03gs5dw_0001.jpg,../images/test/data/Just_Images/Caucasian/Man/m.03gs5dw_0003.jpg,0.8344272375106812,1
../images/test/data/Just_Images/Caucasian/Man/m.02wxh8_0002.jpg,../images/test/data/Just_Images/Caucasian/Man/m.02wxh8_0001.jpg,0.8954912424087524,1
../images/test/data/Just_Images/Caucasian/Man/m.02q467m_0001.jpg,../images/test/data/Just_Images/Caucasian/Man/m.02q467m_0004.jpg,0.8579117059707642,1
../images/test/data/Just_Images/Caucasian/Man/m.07_cvt_0001.jpg,../images/test/data/Just_Images/Caucasian/Man/m.07_cvt_0002.jpg,0.7930649518966675,1
../images/test/data/Just_Images/Caucasian/Man/m.01qgqb_0002.jpg,../images/test/data/Just_Images/Caucasian/Man/m.01qgqb_0003.jpg,0.9071508049964905,1
../images/test/data/Just_Images/Caucasian/Woman/m.070_kf_0004.jpg,../images/test/data/Just_Images/Caucasian/Woman/m.070_kf_0003.jpg,0.8522558212280273,1
../images/test/data/Just_Images/Caucasian/Man/m.02k5zb_0002.jpg,../images/test/data/Just_Images/Caucasian/Man/m.02k5zb_0003.jpg,0.8896781206130981,1
../images/test/data/Just_Images/Caucasian/Man/m.09k3x__0003.jpg,../images/test/data/Just_Images/Caucasian/Man/m.09k3x__0002.jpg,0.912919819355011,1
../images/test/data/Just_Images/Caucasian/Man/m.032msw_0004.jpg,../images/test/data/Just_Images/Caucasian/Man/m.032msw_0005.jpg,0.8001453876495361,1
../images/test/data/Just_Images/Caucasian/Man/m.035s2x_0002.jpg,../images/test/data/Just_Images/Caucasian/Man/m.035s2x_0003.jpg,0.7212908864021301,1
../images/test/data/Just_Images/Caucasian/Woman/m.027j8ws_0004.jpg,../images/test/data/Just_Images/Caucasian/Woman/m.027j8ws_0001.jpg,0.8793883323669434,1
../images/test/data/Just_Images/Caucasian/Man/m.01fhjf_0001.jpg,../images/test/data/Just_Images/Caucasian/Man/m.01fhjf_0002.jpg,0.9021345376968384,1
../images/test/data/Just_Images/Caucasian/Man/m.075xf__0001.jpg,../images/test/data/Just_Images/Caucasian/Man/m.075xf__0004.jpg,0.8445342779159546,1
../images/test/data/Just_Images/Caucasian/Woman/m.03s27c_0003.jpg,../images/test/data/Just_Images/Caucasian/Woman/m.03s27c_0001.jpg,0.8909062147140503,1
../images/test/data/Just_Images/Caucasian/Man/m.07rcm5_0001.jpg,../images/test/data/Just_Images/Caucasian/Man/m.07rcm5_0004.jpg,0.9349238872528076,1
../images/test/data/Just_Images/Caucasian/Woman/m.065tmb_0001.jpg,../images/test/data/Just_Images/Caucasian/Woman/m.065tmb_0005.jpg,0.8983675241470337,1
../images/test/data/Just_Images/Caucasian/Woman/m.03wdjf1_0001.jpg,../images/test/data/Just_Images/Caucasian/Woman/m.03wdjf1_0002.jpg,0.9532229900360107,1
../images/test/data/Just_Images/Caucasian/Woman/m.0cp08gq_0004.jpg,../images/test/data/Just_Images/Caucasian/Woman/m.0cp08gq_0002.jpg,0.8948707580566406,1
../images/test/data/Just_Images/Caucasian/Woman/m.0bwfnnj_0002.jpg,../images/test/data/Just_Images/Caucasian/Woman/m.0bwfnnj_0003.jpg,0.9394389390945435,1
../images/test/data/Just_Images/Caucasian/Man/m.02r1jgz_0003.jpg,../images/test/data/Just_Images/Caucasian/Man/m.02r1jgz_0001.jpg,0.9350718259811401,1
../images/test/data/Just_Images/Caucasian/Man/m.07k613n_0004.jpg,../images/test/data/Just_Images/Caucasian/Man/m.07k613n_0003.jpg,0.9324263334274292,1
../images/test/data/Just_Images/Caucasian/Woman/m.04y6xwf_0001.jpg,../images/test/data/Just_Images/Caucasian/Woman/m.04y6xwf_0003.jpg,0.8538280725479126,1
../images/test/data/Just_Images/Caucasian/Man/m.07129q_0001.jpg,../images/test/data/Just_Images/Caucasian/Man/m.07129q_0002.jpg,0.9080185294151306,1
../images/test/data/Just_Images/Caucasian/Man/m.01l3mw_0001.jpg,../images/test/data/Just_Images/Caucasian/Man/m.01l3mw_0003.jpg,0.887491762638092,1
../images/test/data/Just_Images/Caucasian/Woman/m.03dmy0_0003.jpg,../images/test/data/Just_Images/Caucasian/Woman/m.03dmy0_0001.jpg,0.92878258228302,1
../images/test/data/Just_Images/Caucasian/Man/m.0685q1_0001.jpg,../images/test/data/Just_Images/Caucasian/Man/m.0685q1_0004.jpg,0.7839356660842896,1
../images/test/data/Just_Images/Caucasian/Man/m.02qtdjx_0004.jpg,../images/test/data/Just_Images/Caucasian/Man/m.02qtdjx_0001.jpg,0.8760287761688232,1
../images/test/data/Just_Images/Caucasian/Man/m.05h3r4_0003.jpg,../images/test/data/Just_Images/Caucasian/Man/m.05h3r4_0002.jpg,0.8232589960098267,1
../images/test/data/Just_Images/Caucasian/Man/m.0pht3_0001.jpg,../images/test/data/Just_Images/Caucasian/Man/m.0pht3_0002.jpg,0.9191596508026123,1
../images/test/data/Just_Images/Caucasian/Man/m.0kt9_4_0002.jpg,../images/test/data/Just_Images/Caucasian/Man/m.0kt9_4_0001.jpg,0.8892775774002075,1
../images/test/data/Just_Images/Caucasian/Man/m.04gsv7v_0005.jpg,../images/test/data/Just_Images/Caucasian/Man/m.04gsv7v_0001.jpg,0.9410917162895203,1
../images/test/data/Just_Images/Caucasian/Man/m.07f8wg_0002.jpg,../images/test/data/Just_Images/Caucasian/Man/m.07f8wg_0005.jpg,0.7882401943206787,1
../images/test/data/Just_Images/Caucasian/Man/m.039xxb_0001.jpg,../images/test/data/Just_Images/Caucasian/Man/m.039xxb_0002.jpg,0.9267821907997131,1
../images/test/data/Just_Images/Caucasian/Woman/m.025yhpl_0002.jpg,../images/test/data/Just_Images/Caucasian/Woman/m.025yhpl_0001.jpg,0.9482870101928711,1
../images/test/data/Just_Images/Caucasian/Man/m.0210d5_0001.jpg,../images/test/data/Just_Images/Caucasian/Man/m.0210d5_0004.jpg,0.9051979184150696,1
../images/test/data/Just_Images/Caucasian/Man/m.0cp10r4_0002.jpg,../images/test/data/Just_Images/Caucasian/Man/m.0cp10r4_0003.jpg,0.8898268938064575,1
../images/test/data/Just_Images/Caucasian/Man/m.038l68_0001.jpg,../images/test/data/Just_Images/Caucasian/Man/m.038l68_0003.jpg,0.8234387040138245,1
../images/test/data/Just_Images/Caucasian/Woman/m.0c1cmz_0002.jpg,../images/test/data/Just_Images/Caucasian/Woman/m.0c1cmz_0001.jpg,0.9439021348953247,1
../images/test/data/Just_Images/Caucasian/Woman/m.0809m8q_0002.jpg,../images/test/data/Just_Images/Caucasian/Woman/m.0809m8q_0001.jpg,0.9330891370773315,1
../images/test/data/Just_Images/Caucasian/Man/m.04cvm4_0004.jpg,../images/test/data/Just_Images/Caucasian/Man/m.04cvm4_0002.jpg,0.9436137676239014,1
../images/test/data/Just_Images/Caucasian/Man/m.044bn5_0003.jpg,../images/test/data/Just_Images/Caucasian/Man/m.044bn5_0001.jpg,0.8839224576950073,1
../images/test/data/Just_Images/Caucasian/Man/m.02rb9_g_0002.jpg,../images/test/data/Just_Images/Caucasian/Man/m.02rb9_g_0001.jpg,0.8868348598480225,1
../images/test/data/Just_Images/Caucasian/Man/m.03f1sjy_0001.jpg,../images/test/data/Just_Images/Caucasian/Man/m.03f1sjy_0002.jpg,0.935631513595581,1
../images/test/data/Just_Images/Caucasian/Man/m.05zp1qt_0004.jpg,../images/test/data/Just_Images/Caucasian/Man/m.05zp1qt_0001.jpg,0.923125147819519,1
../images/test/data/Just_Images/Caucasian/Woman/m.01w5wf7_0001.jpg,../images/test/data/Just_Images/Caucasian/Woman/m.01w5wf7_0003.jpg,0.817446231842041,1
../images/test/data/Just_Images/Caucasian/Woman/m.074w7h_0002.jpg,../images/test/data/Just_Images/Caucasian/Woman/m.074w7h_0003.jpg,0.9499448537826538,1
../images/test/data/Just_Images/Caucasian/Man/m.08b_bq_0001.jpg,../images/test/data/Just_Images/Caucasian/Man/m.08b_bq_0002.jpg,0.8429673314094543,1
../images/test/data/Just_Images/Caucasian/Man/m.04bhjx_0001.jpg,../images/test/data/Just_Images/Caucasian/Man/m.04bhjx_0002.jpg,0.9608729481697083,1
../images/test/data/Just_Images/Caucasian/Man/m.01x5c5_0002.jpg,../images/test/data/Just_Images/Caucasian/Man/m.01x5c5_0003.jpg,0.8650214076042175,1
../images/test/data/Just_Images/Caucasian/Man/m.0g2mf1_0001.jpg,../images/test/data/Just_Images/Caucasian/Man/m.0g2mf1_0002.jpg,0.7576990723609924,1
../images/test/data/Just_Images/Caucasian/Woman/m.0300_r_0002.jpg,../images/test/data/Just_Images/Caucasian/Woman/m.0300_r_0001.jpg,0.9024062752723694,1
../images/test/data/Just_Images/Caucasian/Woman/m.023y9d_0001.jpg,../images/test/data/Just_Images/Caucasian/Woman/m.023y9d_0003.jpg,0.9484413266181946,1
../images/test/data/Just_Images/Caucasian/Man/m.01k15v1_0001.jpg,../images/test/data/Just_Images/Caucasian/Man/m.01k15v1_0003.jpg,0.7439093589782715,1
../images/test/data/Just_Images/Caucasian/Woman/m.02pkb1c_0003.jpg,../images/test/data/Just_Images/Caucasian/Woman/m.02pkb1c_0002.jpg,0.8791443109512329,1
../images/test/data/Just_Images/Caucasian/Man/m.0g3s25_0003.jpg,../images/test/data/Just_Images/Caucasian/Man/m.0g3s25_0001.jpg,0.9241067171096802,1
../images/test/data/Just_Images/Caucasian/Man/m.01mj3tb_0003.jpg,../images/test/data/Just_Images/Caucasian/Man/m.01mj3tb_0004.jpg,0.8116487860679626,1
../images/test/data/Just_Images/Caucasian/Man/m.023c9m_0003.jpg,../images/test/data/Just_Images/Caucasian/Man/m.023c9m_0002.jpg,0.8831914663314819,1
../images/test/data/Just_Images/Caucasian/Man/m.027d4p_0003.jpg,../images/test/data/Just_Images/Caucasian/Man/m.027d4p_0002.jpg,0.8810625076293945,1
../images/test/data/Just_Images/Caucasian/Man/m.021l7r_0001.jpg,../images/test/data/Just_Images/Caucasian/Man/m.021l7r_0002.jpg,0.8315271139144897,1
../images/test/data/Just_Images/Caucasian/Woman/m.0g4rhg_0004.jpg,../images/test/data/Just_Images/Caucasian/Woman/m.0g4rhg_0003.jpg,0.8981775045394897,1
../images/test/data/Just_Images/Caucasian/Woman/m.03xhhd_0005.jpg,../images/test/data/Just_Images/Caucasian/Woman/m.03xhhd_0004.jpg,0.9424446821212769,1
../images/test/data/Just_Images/Caucasian/Man/m.02ph7gb_0002.jpg,../images/test/data/Just_Images/Caucasian/Man/m.02ph7gb_0001.jpg,0.902433454990387,1
../images/test/data/Just_Images/Caucasian/Man/m.0k_wwh_0002.jpg,../images/test/data/Just_Images/Caucasian/Man/m.0k_wwh_0003.jpg,0.9410383701324463,1
../images/test/data/Just_Images/Caucasian/Man/m.01kvrj_0002.jpg,../images/test/data/Just_Images/Caucasian/Man/m.01kvrj_0001.jpg,0.7450915575027466,1
../images/test/data/Just_Images/Caucasian/Woman/m.04hh0d_0001.jpg,../images/test/data/Just_Images/Caucasian/Woman/m.04hh0d_0002.jpg,0.9079692363739014,1
../images/test/data/Just_Images/Caucasian/Man/m.0g4y2x_0003.jpg,../images/test/data/Just_Images/Caucasian/Man/m.0g4y2x_0001.jpg,0.9259839057922363,1
../images/test/data/Just_Images/Caucasian/Woman/m.04g8d_0003.jpg,../images/test/data/Just_Images/Caucasian/Woman/m.04g8d_0001.jpg,0.8759037256240845,1
../images/test/data/Just_Images/Caucasian/Man/m.05p90qj_0003.jpg,../images/test/data/Just_Images/Caucasian/Man/m.05p90qj_0002.jpg,0.8664019107818604,1
../images/test/data/Just_Images/Caucasian/Man/m.0dgp20w_0001.jpg,../images/test/data/Just_Images/Caucasian/Man/m.0dgp20w_0003.jpg,0.927330732345581,1
../images/test/data/Just_Images/Caucasian/Man/m.04j3x1_0001.jpg,../images/test/data/Just_Images/Caucasian/Man/m.04j3x1_0003.jpg,0.8314036130905151,1
../images/test/data/Just_Images/Caucasian/Man/m.057y36c_0001.jpg,../images/test/data/Just_Images/Caucasian/Man/m.057y36c_0004.jpg,0.9645983576774597,1
../images/test/data/Just_Images/Caucasian/Man/m.0264609_0003.jpg,../images/test/data/Just_Images/Caucasian/Man/m.0264609_0002.jpg,0.878864586353302,1
../images/test/data/Just_Images/Caucasian/Man/m.0bsygw_0002.jpg,../images/test/data/Just_Images/Caucasian/Man/m.0bsygw_0001.jpg,0.9781267642974854,1
../images/test/data/Just_Images/Caucasian/Man/m.0cs6m8_0002.jpg,../images/test/data/Just_Images/Caucasian/Man/m.0cs6m8_0001.jpg,0.9009059071540833,1
../images/test/data/Just_Images/Caucasian/Man/m.061lgn_0003.jpg,../images/test/data/Just_Images/Caucasian/Man/m.061lgn_0002.jpg,0.879205584526062,1
../images/test/data/Just_Images/Caucasian/Man/m.01v2cj1_0003.jpg,../images/test/data/Just_Images/Caucasian/Man/m.01v2cj1_0002.jpg,0.8970707654953003,1
../images/test/data/Just_Images/Caucasian/Man/m.080c88_0002.jpg,../images/test/data/Just_Images/Caucasian/Man/m.080c88_0001.jpg,0.8823950290679932,1
../images/test/data/Just_Images/Caucasian/Man/m.0521rl1_0003.jpg,../images/test/data/Just_Images/Caucasian/Man/m.0521rl1_0002.jpg,0.9199239611625671,1
../images/test/data/Just_Images/Caucasian/Man/m.03hvw2_0003.jpg,../images/test/data/Just_Images/Caucasian/Man/m.03hvw2_0004.jpg,0.8553789854049683,1
../images/test/data/Just_Images/Caucasian/Woman/m.05vrs2_0002.jpg,../images/test/data/Just_Images/Caucasian/Woman/m.05vrs2_0001.jpg,0.9373774528503418,1
../images/test/data/Just_Images/Caucasian/Man/m.028bp9z_0002.jpg,../images/test/data/Just_Images/Caucasian/Man/m.028bp9z_0003.jpg,0.8446733951568604,1
../images/test/data/Just_Images/Caucasian/Man/m.03sr8y_0002.jpg,../images/test/data/Just_Images/Caucasian/Man/m.03sr8y_0004.jpg,0.9018130898475647,1
../images/test/data/Just_Images/Caucasian/Man/m.04w2p1_0002.jpg,../images/test/data/Just_Images/Caucasian/Man/m.04w2p1_0003.jpg,0.9174793362617493,1
../images/test/data/Just_Images/Caucasian/Man/m.05b6vqw_0002.jpg,../images/test/data/Just_Images/Caucasian/Man/m.05b6vqw_0003.jpg,0.9309189319610596,1
../images/test/data/Just_Images/Caucasian/Man/m.07khttn_0001.jpg,../images/test/data/Just_Images/Caucasian/Man/m.07khttn_0004.jpg,0.949887752532959,1
../images/test/data/Just_Images/Caucasian/Man/m.02qxrlf_0001.jpg,../images/test/data/Just_Images/Caucasian/Man/m.02qxrlf_0004.jpg,0.8718005418777466,1
../images/test/data/Just_Images/Caucasian/Man/m.063wxj_0002.jpg,../images/test/data/Just_Images/Caucasian/Man/m.063wxj_0003.jpg,0.7948499321937561,1
../images/test/data/Just_Images/Caucasian/Man/m.028ht5_0002.jpg,../images/test/data/Just_Images/Caucasian/Man/m.028ht5_0001.jpg,0.8827238082885742,1
../images/test/data/Just_Images/Caucasian/Man/m.05jltj_0003.jpg,../images/test/data/Just_Images/Caucasian/Man/m.05jltj_0002.jpg,0.7353424429893494,1
../images/test/data/Just_Images/Caucasian/Woman/m.07xsrm_0002.jpg,../images/test/data/Just_Images/Caucasian/Woman/m.07xsrm_0001.jpg,0.9115772843360901,1
../images/test/data/Just_Images/Caucasian/Man/m.01znr1_0001.jpg,../images/test/data/Just_Images/Caucasian/Man/m.01znr1_0002.jpg,0.9132086038589478,1
../images/test/data/Just_Images/Caucasian/Man/m.03c55bh_0004.jpg,../images/test/data/Just_Images/Caucasian/Man/m.03c55bh_0003.jpg,0.7885818481445312,1
../images/test/data/Just_Images/Caucasian/Man/m.0bqjr7_0003.jpg,../images/test/data/Just_Images/Caucasian/Man/m.0bqjr7_0002.jpg,0.8231358528137207,1
../images/test/data/Just_Images/Caucasian/Man/m.05jmvn_0001.jpg,../images/test/data/Just_Images/Caucasian/Man/m.05jmvn_0002.jpg,0.7202634215354919,1
../images/test/data/Just_Images/Caucasian/Woman/m.01q_h_0001.jpg,../images/test/data/Just_Images/Caucasian/Woman/m.01q_h_0003.jpg,0.8360360860824585,1
../images/test/data/Just_Images/Caucasian/Man/m.0266lyf_0002.jpg,../images/test/data/Just_Images/Caucasian/Man/m.0266lyf_0001.jpg,0.820772647857666,1
../images/test/data/Just_Images/Caucasian/Woman/m.01l67q3_0003.jpg,../images/test/data/Just_Images/Caucasian/Woman/m.01l67q3_0002.jpg,0.8652135133743286,1
../images/test/data/Just_Images/Caucasian/Man/m.09w_st_0002.jpg,../images/test/data/Just_Images/Caucasian/Man/m.09w_st_0001.jpg,0.9056880474090576,1
../images/test/data/Just_Images/Caucasian/Man/m.0gp43r_0003.jpg,../images/test/data/Just_Images/Caucasian/Man/m.0gp43r_0001.jpg,0.9235233664512634,1
../images/test/data/Just_Images/Caucasian/Woman/m.061b24_0001.jpg,../images/test/data/Just_Images/Caucasian/Woman/m.061b24_0002.jpg,0.9105675220489502,1
../images/test/data/Just_Images/Caucasian/Man/m.01l6qfs_0003.jpg,../images/test/data/Just_Images/Caucasian/Man/m.01l6qfs_0002.jpg,0.9092583060264587,1
../images/test/data/Just_Images/Caucasian/Man/m.09d0yg_0001.jpg,../images/test/data/Just_Images/Caucasian/Man/m.09d0yg_0005.jpg,0.8201334476470947,1
../images/test/data/Just_Images/Caucasian/Man/m.084mmh_0001.jpg,../images/test/data/Just_Images/Caucasian/Man/m.084mmh_0002.jpg,0.8558182716369629,1
../images/test/data/Just_Images/Caucasian/Woman/m.0ds0311_0002.jpg,../images/test/data/Just_Images/Caucasian/Woman/m.0ds0311_0003.jpg,0.9425469636917114,1
../images/test/data/Just_Images/Caucasian/Man/m.05x2t7_0001.jpg,../images/test/data/Just_Images/Caucasian/Man/m.05x2t7_0002.jpg,0.8826968669891357,1
../images/test/data/Just_Images/Caucasian/Woman/m.051n4x_0001.jpg,../images/test/data/Just_Images/Caucasian/Woman/m.051n4x_0003.jpg,0.8768278360366821,1
../images/test/data/Just_Images/Caucasian/Man/m.028ckg_0002.jpg,../images/test/data/Just_Images/Caucasian/Man/m.028ckg_0003.jpg,0.8347896337509155,1
../images/test/data/Just_Images/Caucasian/Man/m.02vnsd_0001.jpg,../images/test/data/Just_Images/Caucasian/Man/m.02vnsd_0002.jpg,0.9324747920036316,1
../images/test/data/Just_Images/Caucasian/Man/m.0dlfjj_0005.jpg,../images/test/data/Just_Images/Caucasian/Man/m.0dlfjj_0001.jpg,0.7438316345214844,1
../images/test/data/Just_Images/Caucasian/Woman/m.0856f6_0001.jpg,../images/test/data/Just_Images/Caucasian/Woman/m.0856f6_0002.jpg,0.8522236347198486,1
../images/test/data/Just_Images/Caucasian/Man/m.05985b_0002.jpg,../images/test/data/Just_Images/Caucasian/Man/m.05985b_0003.jpg,0.8895278573036194,1
../images/test/data/Just_Images/Caucasian/Man/m.05q95w1_0002.jpg,../images/test/data/Just_Images/Caucasian/Man/m.05q95w1_0001.jpg,0.9021172523498535,1
../images/test/data/Just_Images/Caucasian/Man/m.023c11_0002.jpg,../images/test/data/Just_Images/Caucasian/Man/m.023c11_0001.jpg,0.7596696615219116,1
../images/test/data/Just_Images/Caucasian/Man/m.08dhgx_0003.jpg,../images/test/data/Just_Images/Caucasian/Man/m.08dhgx_0006.jpg,0.8894559741020203,1
../images/test/data/Just_Images/Caucasian/Man/m.03tmsw_0001.jpg,../images/test/data/Just_Images/Caucasian/Man/m.03tmsw_0002.jpg,0.858295202255249,1
../images/test/data/Just_Images/Caucasian/Woman/m.0h971ph_0001.jpg,../images/test/data/Just_Images/Caucasian/Woman/m.0h971ph_0002.jpg,0.8790962100028992,1
../images/test/data/Just_Images/Caucasian/Man/m.04zz2t_0004.jpg,../images/test/data/Just_Images/Caucasian/Man/m.04zz2t_0003.jpg,0.947869062423706,1
../images/test/data/Just_Images/Caucasian/Woman/m.080z1t_0002.jpg,../images/test/data/Just_Images/Caucasian/Woman/m.080z1t_0001.jpg,0.8930047154426575,1
../images/test/data/Just_Images/Caucasian/Man/m.0271yq_0002.jpg,../images/test/data/Just_Images/Caucasian/Man/m.0271yq_0004.jpg,0.8999128937721252,1
../images/test/data/Just_Images/Caucasian/Man/m.05c4mjl_0002.jpg,../images/test/data/Just_Images/Caucasian/Man/m.05c4mjl_0003.jpg,0.8605200052261353,1
../images/test/data/Just_Images/Caucasian/Woman/m.06mmb_0001.jpg,../images/test/data/Just_Images/Caucasian/Woman/m.06mmb_0002.jpg,0.8582953810691833,1
../images/test/data/Just_Images/Caucasian/Man/m.014hlm_0002.jpg,../images/test/data/Just_Images/Caucasian/Man/m.014hlm_0001.jpg,0.7624620199203491,1
../images/test/data/Just_Images/Caucasian/Man/m.09xg8_0004.jpg,../images/test/data/Just_Images/Caucasian/Man/m.09xg8_0003.jpg,0.9289559125900269,1
../images/test/data/Just_Images/Caucasian/Man/m.026cs2p_0003.jpg,../images/test/data/Just_Images/Caucasian/Man/m.026cs2p_0002.jpg,0.9680912494659424,1
../images/test/data/Just_Images/Caucasian/Man/m.02s__b_0003.jpg,../images/test/data/Just_Images/Caucasian/Man/m.02s__b_0002.jpg,0.9265080094337463,1
../images/test/data/Just_Images/Caucasian/Man/m.099zwf_0003.jpg,../images/test/data/Just_Images/Caucasian/Man/m.099zwf_0001.jpg,0.879584789276123,1
../images/test/data/Just_Images/Caucasian/Woman/m.0h5m26_0002.jpg,../images/test/data/Just_Images/Caucasian/Woman/m.0h5m26_0001.jpg,0.9739682078361511,1
../images/test/data/Just_Images/Caucasian/Man/m.04jx1g_0003.jpg,../images/test/data/Just_Images/Caucasian/Man/m.04jx1g_0002.jpg,0.8810410499572754,1
../images/test/data/Just_Images/Caucasian/Man/m.04shwf_0002.jpg,../images/test/data/Just_Images/Caucasian/Man/m.04shwf_0001.jpg,0.8726776242256165,1
../images/test/data/Just_Images/Caucasian/Man/m.027nrf1_0001.jpg,../images/test/data/Just_Images/Caucasian/Man/m.027nrf1_0002.jpg,0.8627148866653442,1
../images/test/data/Just_Images/Caucasian/Man/m.0219kb_0001.jpg,../images/test/data/Just_Images/Caucasian/Man/m.0219kb_0003.jpg,0.9258830547332764,1
../images/test/data/Just_Images/Caucasian/Man/m.018gjx_0001.jpg,../images/test/data/Just_Images/Caucasian/Man/m.018gjx_0004.jpg,0.8898890018463135,1
../images/test/data/Just_Images/Caucasian/Man/m.07bhcq_0004.jpg,../images/test/data/Just_Images/Caucasian/Man/m.07bhcq_0002.jpg,0.882915198802948,1
../images/test/data/Just_Images/Caucasian/Man/m.0dfll4_0001.jpg,../images/test/data/Just_Images/Caucasian/Man/m.0dfll4_0002.jpg,0.8811162114143372,1
../images/test/data/Just_Images/Caucasian/Woman/m.015p37_0002.jpg,../images/test/data/Just_Images/Caucasian/Woman/m.015p37_0001.jpg,0.899564802646637,1
../images/test/data/Just_Images/Caucasian/Man/m.0h47vk_0002.jpg,../images/test/data/Just_Images/Caucasian/Man/m.0h47vk_0001.jpg,0.8668204545974731,1
../images/test/data/Just_Images/Caucasian/Man/m.01y8fd_0003.jpg,../images/test/data/Just_Images/Caucasian/Man/m.01y8fd_0001.jpg,0.9071817398071289,1
../images/test/data/Just_Images/Caucasian/Man/m.0jt4lvb_0002.jpg,../images/test/data/Just_Images/Caucasian/Man/m.0jt4lvb_0001.jpg,0.902813732624054,1
../images/test/data/Just_Images/Caucasian/Man/m.06dfqs_0001.jpg,../images/test/data/Just_Images/Caucasian/Man/m.06dfqs_0003.jpg,0.8779430985450745,1
../images/test/data/Just_Images/Caucasian/Man/m.04w_1j_0001.jpg,../images/test/data/Just_Images/Caucasian/Man/m.04w_1j_0002.jpg,0.9641645550727844,1
../images/test/data/Just_Images/Caucasian/Woman/m.02lzxp_0002.jpg,../images/test/data/Just_Images/Caucasian/Woman/m.02lzxp_0001.jpg,0.9648853540420532,1
../images/test/data/Just_Images/Caucasian/Man/m.026jfvc_0004.jpg,../images/test/data/Just_Images/Caucasian/Man/m.026jfvc_0003.jpg,0.8786200881004333,1
../images/test/data/Just_Images/Caucasian/Woman/m.04j77yz_0003.jpg,../images/test/data/Just_Images/Caucasian/Woman/m.04j77yz_0004.jpg,0.8187236785888672,1
../images/test/data/Just_Images/Caucasian/Woman/m.09g93tw_0005.jpg,../images/test/data/Just_Images/Caucasian/Woman/m.09g93tw_0001.jpg,0.8898797035217285,1
../images/test/data/Just_Images/Caucasian/Man/m.03wf4cc_0001.jpg,../images/test/data/Just_Images/Caucasian/Man/m.03wf4cc_0002.jpg,0.7953598499298096,1
../images/test/data/Just_Images/Caucasian/Woman/m.076ywg_0001.jpg,../images/test/data/Just_Images/Caucasian/Woman/m.076ywg_0002.jpg,0.7974265217781067,1
../images/test/data/Just_Images/Caucasian/Woman/m.049pq8_0002.jpg,../images/test/data/Just_Images/Caucasian/Woman/m.049pq8_0001.jpg,0.9431418776512146,1
../images/test/data/Just_Images/Caucasian/Man/m.09gpkrd_0002.jpg,../images/test/data/Just_Images/Caucasian/Man/m.09gpkrd_0004.jpg,0.8673976063728333,1
../images/test/data/Just_Images/Caucasian/Man/m.03mhsl_0003.jpg,../images/test/data/Just_Images/Caucasian/Man/m.03mhsl_0002.jpg,0.9333903193473816,1
../images/test/data/Just_Images/Caucasian/Man/m.028bfp7_0003.jpg,../images/test/data/Just_Images/Caucasian/Man/m.028bfp7_0006.jpg,0.9178683757781982,1
../images/test/data/Just_Images/Caucasian/Man/m.013xhr_0003.jpg,../images/test/data/Just_Images/Caucasian/Man/m.013xhr_0002.jpg,0.9292745590209961,1
../images/test/data/Just_Images/Caucasian/Man/m.0275xcm_0001.jpg,../images/test/data/Just_Images/Caucasian/Man/m.0275xcm_0003.jpg,0.8668841123580933,1
../images/test/data/Just_Images/Caucasian/Man/m.06553q_0001.jpg,../images/test/data/Just_Images/Caucasian/Man/m.06553q_0003.jpg,0.8433272838592529,1
../images/test/data/Just_Images/Caucasian/Woman/m.0b309__0002.jpg,../images/test/data/Just_Images/Caucasian/Woman/m.0b309__0004.jpg,0.9061830639839172,1
../images/test/data/Just_Images/Caucasian/Woman/m.02jm9s_0002.jpg,../images/test/data/Just_Images/Caucasian/Woman/m.02jm9s_0001.jpg,0.9179390668869019,1
../images/test/data/Just_Images/Caucasian/Man/m.02fx3c_0003.jpg,../images/test/data/Just_Images/Caucasian/Man/m.02fx3c_0002.jpg,0.9440512657165527,1
../images/test/data/Just_Images/Caucasian/Man/m.02ql98r_0003.jpg,../images/test/data/Just_Images/Caucasian/Man/m.02ql98r_0001.jpg,0.7754234075546265,1
../images/test/data/Just_Images/Caucasian/Man/m.05ynsz_0003.jpg,../images/test/data/Just_Images/Caucasian/Man/m.05ynsz_0001.jpg,0.8584581613540649,1
../images/test/data/Just_Images/Caucasian/Woman/m.082vy3_0003.jpg,../images/test/data/Just_Images/Caucasian/Woman/m.082vy3_0001.jpg,0.8502480983734131,1
../images/test/data/Just_Images/Caucasian/Woman/m.051qsh_0003.jpg,../images/test/data/Just_Images/Caucasian/Woman/m.051qsh_0004.jpg,0.8463309407234192,1
../images/test/data/Just_Images/Caucasian/Man/m.05b1w7j_0004.jpg,../images/test/data/Just_Images/Caucasian/Man/m.05b1w7j_0002.jpg,0.9473979473114014,1
../images/test/data/Just_Images/Caucasian/Man/m.03smhv_0003.jpg,../images/test/data/Just_Images/Caucasian/Man/m.03smhv_0001.jpg,0.8863913416862488,1
../images/test/data/Just_Images/Caucasian/Man/m.01l1sq_0003.jpg,../images/test/data/Just_Images/Caucasian/Man/m.01l1sq_0001.jpg,0.8312638401985168,1
../images/test/data/Just_Images/Caucasian/Man/m.01p21_5_0001.jpg,../images/test/data/Just_Images/Caucasian/Man/m.01p21_5_0004.jpg,0.8153811097145081,1
../images/test/data/Just_Images/Caucasian/Man/m.0dlm4zc_0003.jpg,../images/test/data/Just_Images/Caucasian/Man/m.0dlm4zc_0001.jpg,0.7057915925979614,1
../images/test/data/Just_Images/Caucasian/Woman/m.062q2y_0004.jpg,../images/test/data/Just_Images/Caucasian/Woman/m.062q2y_0003.jpg,0.9536226987838745,1
../images/test/data/Just_Images/Caucasian/Man/m.03t2j9_0002.jpg,../images/test/data/Just_Images/Caucasian/Man/m.03t2j9_0004.jpg,0.9099199771881104,1
../images/test/data/Just_Images/Caucasian/Man/m.02z594b_0001.jpg,../images/test/data/Just_Images/Caucasian/Man/m.02z594b_0004.jpg,0.9039407968521118,1
../images/test/data/Just_Images/Caucasian/Woman/m.03q2pg_0002.jpg,../images/test/data/Just_Images/Caucasian/Woman/m.03q2pg_0003.jpg,0.8471677303314209,1
../images/test/data/Just_Images/Caucasian/Man/m.016gr2_0002.jpg,../images/test/data/Just_Images/Caucasian/Man/m.016gr2_0001.jpg,0.8759074211120605,1
../images/test/data/Just_Images/Caucasian/Man/m.01_pll_0002.jpg,../images/test/data/Just_Images/Caucasian/Man/m.06zq52_0005.jpg,0.8808401226997375,0
../images/test/data/Just_Images/Caucasian/Woman/m.01vphtp_0003.jpg,../images/test/data/Just_Images/Caucasian/Man/m.0fw91_0002.jpg,0.8893159627914429,0
../images/test/data/Just_Images/Caucasian/Woman/m.0g5jbl6_0004.jpg,../images/test/data/Just_Images/Caucasian/Man/m.07g7kn_0004.jpg,0.853595495223999,0
../images/test/data/Just_Images/Caucasian/Man/m.025wqb8_0001.jpg,../images/test/data/Just_Images/Caucasian/Man/m.047wsq_0003.jpg,0.8004961013793945,0
../images/test/data/Just_Images/Caucasian/Man/m.0263v24_0003.jpg,../images/test/data/Just_Images/Caucasian/Man/m.08lnh1_0003.jpg,0.8664333820343018,0
../images/test/data/Just_Images/Caucasian/Man/m.0521rl1_0001.jpg,../images/test/data/Just_Images/Caucasian/Man/m.0h65bk_0002.jpg,0.8978900909423828,0
../images/test/data/Just_Images/Caucasian/Man/m.0b61_h_0002.jpg,../images/test/data/Just_Images/Caucasian/Man/m.06zq5g2_0003.jpg,0.8706939816474915,0
../images/test/data/Just_Images/Caucasian/Man/m.04nktq_0003.jpg,../images/test/data/Just_Images/Caucasian/Woman/m.01qqtr_0001.jpg,0.875261664390564,0
../images/test/data/Just_Images/Caucasian/Woman/m.03csqtf_0002.jpg,../images/test/data/Just_Images/Caucasian/Woman/m.04pdlf_0006.jpg,0.9379503726959229,0
../images/test/data/Just_Images/Caucasian/Man/m.03yfscz_0003.jpg,../images/test/data/Just_Images/Caucasian/Man/m.0bbw9s9_0001.jpg,0.8323851227760315,0
../images/test/data/Just_Images/Caucasian/Man/m.027233r_0001.jpg,../images/test/data/Just_Images/Caucasian/Man/m.06dn4y_0002.jpg,0.8897971510887146,0
../images/test/data/Just_Images/Caucasian/Man/m.0dmxm__0002.jpg,../images/test/data/Just_Images/Caucasian/Woman/m.03qk847_0004.jpg,0.9031500220298767,0
../images/test/data/Just_Images/Caucasian/Woman/m.0469ym_0001.jpg,../images/test/data/Just_Images/Caucasian/Man/m.076xd2d_0003.jpg,0.8903553485870361,0
../images/test/data/Just_Images/Caucasian/Man/m.03n223_0002.jpg,../images/test/data/Just_Images/Caucasian/Man/m.05b1w7j_0003.jpg,0.9260503053665161,0
../images/test/data/Just_Images/Caucasian/Man/m.026tp3f_0002.jpg,../images/test/data/Just_Images/Caucasian/Man/m.05p7_tb_0003.jpg,0.8335832357406616,0
../images/test/data/Just_Images/Caucasian/Man/m.051yv36_0003.jpg,../images/test/data/Just_Images/Caucasian/Man/m.05kfvp_0004.jpg,0.8081954717636108,0
../images/test/data/Just_Images/Caucasian/Man/m.039rwf_0006.jpg,../images/test/data/Just_Images/Caucasian/Man/m.05jyjn_0003.jpg,0.8508943915367126,0
../images/test/data/Just_Images/Caucasian/Man/m.05m73f_0002.jpg,../images/test/data/Just_Images/Caucasian/Man/m.057y36c_0005.jpg,0.8597781658172607,0
../images/test/data/Just_Images/Caucasian/Woman/m.03nsw0s_0002.jpg,../images/test/data/Just_Images/Caucasian/Man/m.068ys2_0003.jpg,0.9542301297187805,0
../images/test/data/Just_Images/Caucasian/Man/m.024kfg_0001.jpg,../images/test/data/Just_Images/Caucasian/Man/m.08brxy_0003.jpg,0.8915695548057556,0
../images/test/data/Just_Images/Caucasian/Woman/m.0628z0_0002.jpg,../images/test/data/Just_Images/Caucasian/Man/m.03d7_3y_0001.jpg,0.9207044243812561,0
../images/test/data/Just_Images/Caucasian/Man/m.05985b_0002.jpg,../images/test/data/Just_Images/Caucasian/Man/m.0gt1xg_0003.jpg,0.8949933648109436,0
../images/test/data/Just_Images/Caucasian/Man/m.0mdz2_0001.jpg,../images/test/data/Just_Images/Caucasian/Woman/m.089vl5_0004.jpg,0.7892976999282837,0
../images/test/data/Just_Images/Caucasian/Man/m.0bz2_z_0003.jpg,../images/test/data/Just_Images/Caucasian/Woman/m.05gnfp_0001.jpg,0.8932203054428101,0
../images/test/data/Just_Images/Caucasian/Man/m.0570sb_0004.jpg,../images/test/data/Just_Images/Caucasian/Man/m.06yg_v_0002.jpg,0.8995265364646912,0
../images/test/data/Just_Images/Caucasian/Man/m.04cvm4_0002.jpg,../images/test/data/Just_Images/Caucasian/Man/m.0fsx_k_0003.jpg,0.9492061734199524,0
../images/test/data/Just_Images/Caucasian/Man/m.08fvsd_0002.jpg,../images/test/data/Just_Images/Caucasian/Man/m.07k8vcv_0004.jpg,0.903775155544281,0
../images/test/data/Just_Images/Caucasian/Man/m.0gz53w3_0001.jpg,../images/test/data/Just_Images/Caucasian/Woman/m.06b4j5_0001.jpg,0.800805389881134,0
../images/test/data/Just_Images/Caucasian/Man/m.0hcpk_0002.jpg,../images/test/data/Just_Images/Caucasian/Man/m.04m_0r7_0001.jpg,0.7874020338058472,0
../images/test/data/Just_Images/Caucasian/Man/m.02d9q6_0002.jpg,../images/test/data/Just_Images/Caucasian/Woman/m.0j2942k_0003.jpg,0.9465872645378113,0
../images/test/data/Just_Images/Caucasian/Woman/m.0845nn_0002.jpg,../images/test/data/Just_Images/Caucasian/Man/m.026cs2p_0002.jpg,0.8938599824905396,0
../images/test/data/Just_Images/Caucasian/Man/m.01d8v3_0003.jpg,../images/test/data/Just_Images/Caucasian/Man/m.044tq_0002.jpg,0.9040818214416504,0
../images/test/data/Just_Images/Caucasian/Man/m.05q4wp_0003.jpg,../images/test/data/Just_Images/Caucasian/Man/m.02k7h7_0002.jpg,0.8824430108070374,0
../images/test/data/Just_Images/Caucasian/Man/m.020dg9_0001.jpg,../images/test/data/Just_Images/Caucasian/Man/m.01h7h0_0005.jpg,0.819501519203186,0
../images/test/data/Just_Images/Caucasian/Man/m.0j45j2t_0002.jpg,../images/test/data/Just_Images/Caucasian/Man/m.028bnll_0002.jpg,0.8218473196029663,0
../images/test/data/Just_Images/Caucasian/Woman/m.0j2942k_0002.jpg,../images/test/data/Just_Images/Caucasian/Woman/m.02ps19j_0004.jpg,0.9370441436767578,0
../images/test/data/Just_Images/Caucasian/Woman/m.0d4yp7_0001.jpg,../images/test/data/Just_Images/Caucasian/Woman/m.03xhdv_0001.jpg,0.8223028779029846,0
../images/test/data/Just_Images/Caucasian/Man/m.05pc2qb_0002.jpg,../images/test/data/Just_Images/Caucasian/Man/m.0b39c3_0004.jpg,0.8033681511878967,0
../images/test/data/Just_Images/Caucasian/Man/m.0kchtv8_0002.jpg,../images/test/data/Just_Images/Caucasian/Man/m.01kyfs_0002.jpg,0.9203108549118042,0
../images/test/data/Just_Images/Caucasian/Man/m.05pp13_0001.jpg,../images/test/data/Just_Images/Caucasian/Man/m.0b61_h_0004.jpg,0.8530933260917664,0
../images/test/data/Just_Images/Caucasian/Man/m.05xrzmj_0003.jpg,../images/test/data/Just_Images/Caucasian/Man/m.05krlm_0004.jpg,0.8304610252380371,0
../images/test/data/Just_Images/Caucasian/Man/m.01pwjxk_0003.jpg,../images/test/data/Just_Images/Caucasian/Man/m.0bs90ts_0002.jpg,0.940308690071106,0
../images/test/data/Just_Images/Caucasian/Man/m.01dj15_0003.jpg,../images/test/data/Just_Images/Caucasian/Man/m.04wvhm_0001.jpg,0.8247207403182983,0
../images/test/data/Just_Images/Caucasian/Man/m.0pcnkdy_0003.jpg,../images/test/data/Just_Images/Caucasian/Man/m.0393j4_0002.jpg,0.847682535648346,0
../images/test/data/Just_Images/Caucasian/Man/m.04grl4l_0003.jpg,../images/test/data/Just_Images/Caucasian/Man/m.04b6lj_0004.jpg,0.8590800762176514,0
../images/test/data/Just_Images/Caucasian/Woman/m.0h6jx7_0004.jpg,../images/test/data/Just_Images/Caucasian/Man/m.06jpjl_0004.jpg,0.8494941592216492,0
../images/test/data/Just_Images/Caucasian/Man/m.0dsdqn0_0001.jpg,../images/test/data/Just_Images/Caucasian/Woman/m.08vrsq_0001.jpg,0.9163676500320435,0
../images/test/data/Just_Images/Caucasian/Man/m.02qwg_9_0001.jpg,../images/test/data/Just_Images/Caucasian/Man/m.076m3j_0005.jpg,0.8330334424972534,0
../images/test/data/Just_Images/Caucasian/Man/m.0j43r59_0002.jpg,../images/test/data/Just_Images/Caucasian/Woman/m.0h1c9v6_0001.jpg,0.8777215480804443,0
../images/test/data/Just_Images/Caucasian/Woman/m.03bz3s8_0002.jpg,../images/test/data/Just_Images/Caucasian/Man/m.05y_48_0002.jpg,0.8917124271392822,0
../images/test/data/Just_Images/Caucasian/Woman/m.0d7vz4_0001.jpg,../images/test/data/Just_Images/Caucasian/Woman/m.0f0jc3_0002.jpg,0.933491587638855,0
../images/test/data/Just_Images/Caucasian/Man/m.05ynrwn_0001.jpg,../images/test/data/Just_Images/Caucasian/Man/m.06916x_0002.jpg,0.9483535885810852,0
../images/test/data/Just_Images/Caucasian/Man/m.03067p_0002.jpg,../images/test/data/Just_Images/Caucasian/Man/m.048dmc_0002.jpg,0.7702487111091614,0
../images/test/data/Just_Images/Caucasian/Man/m.03npjfr_0003.jpg,../images/test/data/Just_Images/Caucasian/Man/m.01wbzhv_0001.jpg,0.8465875387191772,0
../images/test/data/Just_Images/Caucasian/Man/m.0czgtb_0002.jpg,../images/test/data/Just_Images/Caucasian/Man/m.08dgms_0002.jpg,0.9140017032623291,0
../images/test/data/Just_Images/Caucasian/Man/m.0515s8_0002.jpg,../images/test/data/Just_Images/Caucasian/Man/m.0611v__0002.jpg,0.9427121877670288,0
../images/test/data/Just_Images/Caucasian/Man/m.07h5d_0002.jpg,../images/test/data/Just_Images/Caucasian/Man/m.046zl5_0001.jpg,0.8504296541213989,0
../images/test/data/Just_Images/Caucasian/Man/m.01mj3tb_0002.jpg,../images/test/data/Just_Images/Caucasian/Man/m.06drd2_0002.jpg,0.8939189910888672,0
../images/test/data/Just_Images/Caucasian/Man/m.027r_7m_0001.jpg,../images/test/data/Just_Images/Caucasian/Man/m.0zwh1k1_0003.jpg,0.834312915802002,0
../images/test/data/Just_Images/Caucasian/Man/m.0cy32b_0002.jpg,../images/test/data/Just_Images/Caucasian/Man/m.01pwjxk_0001.jpg,0.9284890294075012,0
../images/test/data/Just_Images/Caucasian/Man/m.05nf15d_0002.jpg,../images/test/data/Just_Images/Caucasian/Man/m.0269b_s_0001.jpg,0.8788524866104126,0
../images/test/data/Just_Images/Caucasian/Man/m.06pt_8_0002.jpg,../images/test/data/Just_Images/Caucasian/Man/m.041pkb_0002.jpg,0.7944483160972595,0
../images/test/data/Just_Images/Caucasian/Man/m.09v3wc5_0002.jpg,../images/test/data/Just_Images/Caucasian/Woman/m.0b3rh5_0003.jpg,0.8969260454177856,0
../images/test/data/Just_Images/Caucasian/Man/m.088vv6_0001.jpg,../images/test/data/Just_Images/Caucasian/Man/m.0bh9r4h_0003.jpg,0.9124512672424316,0
../images/test/data/Just_Images/Caucasian/Man/m.0cp10r4_0004.jpg,../images/test/data/Just_Images/Caucasian/Man/m.05x2t7_0001.jpg,0.8655124306678772,0
../images/test/data/Just_Images/Caucasian/Man/m.03d6zy4_0003.jpg,../images/test/data/Just_Images/Caucasian/Woman/m.06zypt_0001.jpg,0.8522137403488159,0
../images/test/data/Just_Images/Caucasian/Man/m.03smhv_0002.jpg,../images/test/data/Just_Images/Caucasian/Man/m.0gvsj1b_0003.jpg,0.8568463325500488,0
../images/test/data/Just_Images/Caucasian/Man/m.07jf6t_0003.jpg,../images/test/data/Just_Images/Caucasian/Woman/m.033jd0_0003.jpg,0.9040048718452454,0
../images/test/data/Just_Images/Caucasian/Woman/m.0gxzz2d_0003.jpg,../images/test/data/Just_Images/Caucasian/Man/m.09571f_0002.jpg,0.8717605471611023,0
../images/test/data/Just_Images/Caucasian/Man/m.02jmd9_0001.jpg,../images/test/data/Just_Images/Caucasian/Man/m.06htkn_0003.jpg,0.9058403968811035,0
../images/test/data/Just_Images/Caucasian/Man/m.0b1db7_0003.jpg,../images/test/data/Just_Images/Caucasian/Man/m.04lnbk_0001.jpg,0.778137743473053,0
../images/test/data/Just_Images/Caucasian/Woman/m.01dtbz_0002.jpg,../images/test/data/Just_Images/Caucasian/Man/m.07kdmj3_0005.jpg,0.8775843977928162,0
../images/test/data/Just_Images/Caucasian/Woman/m.05qf9m_0003.jpg,../images/test/data/Just_Images/Caucasian/Woman/m.03h1xrn_0004.jpg,0.9194155931472778,0
../images/test/data/Just_Images/Caucasian/Woman/m.0829z8_0001.jpg,../images/test/data/Just_Images/Caucasian/Man/m.02vsjy0_0005.jpg,0.9018689393997192,0
../images/test/data/Just_Images/Caucasian/Man/m.013zs9_0001.jpg,../images/test/data/Just_Images/Caucasian/Woman/m.0qfrvhq_0001.jpg,0.9019075632095337,0
../images/test/data/Just_Images/Caucasian/Woman/m.04_ct7_0004.jpg,../images/test/data/Just_Images/Caucasian/Man/m.08gpnw_0004.jpg,0.9153814911842346,0
../images/test/data/Just_Images/Caucasian/Man/m.01tg36f_0003.jpg,../images/test/data/Just_Images/Caucasian/Man/m.0g6h64_0002.jpg,0.9298620820045471,0
../images/test/data/Just_Images/Caucasian/Man/m.0sw4nqr_0001.jpg,../images/test/data/Just_Images/Caucasian/Man/m.025csj_0003.jpg,0.937511146068573,0
../images/test/data/Just_Images/Caucasian/Woman/m.02rxx37_0003.jpg,../images/test/data/Just_Images/Caucasian/Woman/m.0h3wypc_0002.jpg,0.9166232943534851,0
../images/test/data/Just_Images/Caucasian/Man/m.0406n6v_0002.jpg,../images/test/data/Just_Images/Caucasian/Man/m.09csnn_0006.jpg,0.8976889848709106,0
../images/test/data/Just_Images/Caucasian/Man/m.049gh1k_0002.jpg,../images/test/data/Just_Images/Caucasian/Man/m.042hzg_0001.jpg,0.8856137990951538,0
../images/test/data/Just_Images/Caucasian/Man/m.01x_s2_0002.jpg,../images/test/data/Just_Images/Caucasian/Man/m.08rns6_0003.jpg,0.8450340032577515,0
../images/test/data/Just_Images/Caucasian/Man/m.03d98y_0002.jpg,../images/test/data/Just_Images/Caucasian/Man/m.0fqw4__0001.jpg,0.8546560406684875,0
../images/test/data/Just_Images/Caucasian/Man/m.07qckf_0001.jpg,../images/test/data/Just_Images/Caucasian/Man/m.0dtq8b_0002.jpg,0.8524454832077026,0
../images/test/data/Just_Images/Caucasian/Man/m.02r79x1_0002.jpg,../images/test/data/Just_Images/Caucasian/Man/m.0gf75k_0001.jpg,0.8823801279067993,0
../images/test/data/Just_Images/Caucasian/Woman/m.01nmf8f_0001.jpg,../images/test/data/Just_Images/Caucasian/Man/m.03hj_vm_0005.jpg,0.9133908748626709,0
../images/test/data/Just_Images/Caucasian/Woman/m.0lpx2_0002.jpg,../images/test/data/Just_Images/Caucasian/Woman/m.0chlsn_0003.jpg,0.9468482732772827,0
../images/test/data/Just_Images/Caucasian/Man/m.0brtlk_0002.jpg,../images/test/data/Just_Images/Caucasian/Man/m.02nqdy_0004.jpg,0.8754996657371521,0
../images/test/data/Just_Images/Caucasian/Man/m.03jvyx_0001.jpg,../images/test/data/Just_Images/Caucasian/Man/m.064ksl__0004.jpg,0.8120317459106445,0
../images/test/data/Just_Images/Caucasian/Man/m.05z47p_0003.jpg,../images/test/data/Just_Images/Caucasian/Woman/m.07fphz_0001.jpg,0.9291166663169861,0
../images/test/data/Just_Images/Caucasian/Man/m.07_k77_0004.jpg,../images/test/data/Just_Images/Caucasian/Man/m.05wqr1_0002.jpg,0.893131673336029,0
../images/test/data/Just_Images/Caucasian/Man/m.0gl1jv_0003.jpg,../images/test/data/Just_Images/Caucasian/Woman/m.0bmgy0_0003.jpg,0.7951914072036743,0
../images/test/data/Just_Images/Caucasian/Man/m.0pcjw99_0002.jpg,../images/test/data/Just_Images/Caucasian/Woman/m.02r3p_6_0002.jpg,0.8094412088394165,0
../images/test/data/Just_Images/Caucasian/Man/m.03wh5yj_0003.jpg,../images/test/data/Just_Images/Caucasian/Man/m.0cx09__0004.jpg,0.9362891912460327,0
../images/test/data/Just_Images/Caucasian/Woman/m.05r56y_0002.jpg,../images/test/data/Just_Images/Caucasian/Woman/m.025wgh2_0003.jpg,0.9181637763977051,0
../images/test/data/Just_Images/Caucasian/Man/m.06_yvq_0004.jpg,../images/test/data/Just_Images/Caucasian/Man/m.05pp13_0005.jpg,0.8692423105239868,0
../images/test/data/Just_Images/Caucasian/Woman/m.0263vl0_0001.jpg,../images/test/data/Just_Images/Caucasian/Woman/m.0cxxn6_0006.jpg,0.8603771328926086,0
../images/test/data/Just_Images/Caucasian/Man/m.099zwf_0002.jpg,../images/test/data/Just_Images/Caucasian/Man/m.0fp05l_0001.jpg,0.8774305582046509,0
../images/test/data/Just_Images/Caucasian/Man/m.09jfkb_0003.jpg,../images/test/data/Just_Images/Caucasian/Man/m.09gpkrd_0001.jpg,0.915071427822113,0
../images/test/data/Just_Images/Caucasian/Woman/m.03002m_0002.jpg,../images/test/data/Just_Images/Caucasian/Woman/m.035lj4_0002.jpg,0.9452759027481079,0
../images/test/data/Just_Images/Caucasian/Woman/m.05tbrg_0005.jpg,../images/test/data/Just_Images/Caucasian/Man/m.03ccn04_0005.jpg,0.866173505783081,0
../images/test/data/Just_Images/Caucasian/Man/m.04vzp3_0002.jpg,../images/test/data/Just_Images/Caucasian/Man/m.03m3_p0_0006.jpg,0.9231152534484863,0
../images/test/data/Just_Images/Caucasian/Woman/m.079drpf_0003.jpg,../images/test/data/Just_Images/Caucasian/Man/m.050yc5_0002.jpg,0.8562993407249451,0
../images/test/data/Just_Images/Caucasian/Man/m.0g9w7s8_0003.jpg,../images/test/data/Just_Images/Caucasian/Man/m.01pp4dr_0002.jpg,0.8460381031036377,0
../images/test/data/Just_Images/Caucasian/Man/m.0273fcd_0003.jpg,../images/test/data/Just_Images/Caucasian/Woman/m.03wfd02_0004.jpg,0.9086756110191345,0
../images/test/data/Just_Images/Caucasian/Man/m.01v2cj1_0001.jpg,../images/test/data/Just_Images/Caucasian/Man/m.01rq7g2_0002.jpg,0.8565016984939575,0
../images/test/data/Just_Images/Caucasian/Man/m.04n3cm__0004.jpg,../images/test/data/Just_Images/Caucasian/Woman/m.073djs_0002.jpg,0.9276551008224487,0
../images/test/data/Just_Images/Caucasian/Man/m.06340r_0003.jpg,../images/test/data/Just_Images/Caucasian/Man/m.02q288g_0001.jpg,0.6772376298904419,0
../images/test/data/Just_Images/Caucasian/Man/m.0d63g8_0003.jpg,../images/test/data/Just_Images/Caucasian/Woman/m.01ztqk_0004.jpg,0.8961552381515503,0
../images/test/data/Just_Images/Caucasian/Man/m.03nr4h5_0003.jpg,../images/test/data/Just_Images/Caucasian/Man/m.09bd0b_0002.jpg,0.7754786014556885,0
../images/test/data/Just_Images/Caucasian/Man/m.07ymr5_0002.jpg,../images/test/data/Just_Images/Caucasian/Man/m.0406n6v_0004.jpg,0.9017452597618103,0
../images/test/data/Just_Images/Caucasian/Man/m.02q11v7_0001.jpg,../images/test/data/Just_Images/Caucasian/Man/m.050yc5_0001.jpg,0.8582673072814941,0
../images/test/data/Just_Images/Caucasian/Man/m.03q6fh_0005.jpg,../images/test/data/Just_Images/Caucasian/Man/m.035kl6_0002.jpg,0.8765730857849121,0
../images/test/data/Just_Images/Caucasian/Woman/m.02r9sfp_0004.jpg,../images/test/data/Just_Images/Caucasian/Man/m.0403y4q_0001.jpg,0.7955900430679321,0
../images/test/data/Just_Images/Caucasian/Man/m.0746mr_0001.jpg,../images/test/data/Just_Images/Caucasian/Man/m.04dyc2_0002.jpg,0.9126893877983093,0
../images/test/data/Just_Images/Caucasian/Man/m.02g3ds_0002.jpg,../images/test/data/Just_Images/Caucasian/Woman/m.0ds2kym_0003.jpg,0.8943279981613159,0
../images/test/data/Just_Images/Caucasian/Woman/m.0bm7nv_0002.jpg,../images/test/data/Just_Images/Caucasian/Woman/m.06t641_0003.jpg,0.9142946004867554,0
../images/test/data/Just_Images/Caucasian/Man/m.04l1pv_0002.jpg,../images/test/data/Just_Images/Caucasian/Man/m.07lwh3_0004.jpg,0.8196293711662292,0
../images/test/data/Just_Images/Caucasian/Man/m.096td_0001.jpg,../images/test/data/Just_Images/Caucasian/Man/m.0bvs9n_0003.jpg,0.8219927549362183,0
../images/test/data/Just_Images/Caucasian/Man/m.02rrb2n_0001.jpg,../images/test/data/Just_Images/Caucasian/Woman/m.03plx__0004.jpg,0.9490844011306763,0
../images/test/data/Just_Images/Caucasian/Man/m.02x8z__0001.jpg,../images/test/data/Just_Images/Caucasian/Man/m.03tmsw_0003.jpg,0.8828747272491455,0
../images/test/data/Just_Images/Caucasian/Man/m.04f4pzm_0003.jpg,../images/test/data/Just_Images/Caucasian/Man/m.0k3p4c2_0001.jpg,0.8416785001754761,0
../images/test/data/Just_Images/Caucasian/Man/m.0kt9_4_0001.jpg,../images/test/data/Just_Images/Caucasian/Man/m.041xfx_0004.jpg,0.8302688598632812,0
../images/test/data/Just_Images/Caucasian/Man/m.0f_9k6_0003.jpg,../images/test/data/Just_Images/Caucasian/Man/m.04jx1g_0004.jpg,0.9618842601776123,0
../images/test/data/Just_Images/Caucasian/Man/m.053xkr_0003.jpg,../images/test/data/Just_Images/Caucasian/Man/m.0fh5d9_0003.jpg,0.8236621618270874,0
../images/test/data/Just_Images/Caucasian/Man/m.0ds2ztj_0002.jpg,../images/test/data/Just_Images/Caucasian/Man/m.0g6h64_0002.jpg,0.9183810353279114,0
../images/test/data/Just_Images/Caucasian/Woman/m.08kmv__0004.jpg,../images/test/data/Just_Images/Caucasian/Woman/m.08_m2x_0003.jpg,0.8795851469039917,0
../images/test/data/Just_Images/Caucasian/Woman/m.02b_dr_0001.jpg,../images/test/data/Just_Images/Caucasian/Man/m.05p36x1_0003.jpg,0.916254997253418,0
../images/test/data/Just_Images/Caucasian/Man/m.0pht3_0001.jpg,../images/test/data/Just_Images/Caucasian/Woman/m.07xn8s_0002.jpg,0.9164541959762573,0
../images/test/data/Just_Images/Caucasian/Man/m.01h3b9_0002.jpg,../images/test/data/Just_Images/Caucasian/Man/m.0cbkw_0003.jpg,0.8691397905349731,0
../images/test/data/Just_Images/Caucasian/Man/m.05bmg8_0002.jpg,../images/test/data/Just_Images/Caucasian/Man/m.09bd0b_0005.jpg,0.674290657043457,0
../images/test/data/Just_Images/Caucasian/Man/m.01nb19j_0004.jpg,../images/test/data/Just_Images/Caucasian/Man/m.0kg3c50_0001.jpg,0.9098019003868103,0
../images/test/data/Just_Images/Caucasian/Woman/m.05f4k7q_0003.jpg,../images/test/data/Just_Images/Caucasian/Man/m.0cc7ywq_0002.jpg,0.9095413684844971,0
../images/test/data/Just_Images/Caucasian/Woman/m.0b309__0003.jpg,../images/test/data/Just_Images/Caucasian/Man/m.02q9f06_0003.jpg,0.8653503656387329,0
../images/test/data/Just_Images/Caucasian/Man/m.0268q6h_0003.jpg,../images/test/data/Just_Images/Caucasian/Woman/m.0clh6c_0001.jpg,0.7669916152954102,0
../images/test/data/Just_Images/Caucasian/Man/m.0q58blf_0002.jpg,../images/test/data/Just_Images/Caucasian/Man/m.02rbgrl_0003.jpg,0.9011115431785583,0
../images/test/data/Just_Images/Caucasian/Man/m.08lc3k_0005.jpg,../images/test/data/Just_Images/Caucasian/Man/m.06dj3d_0001.jpg,0.9258887767791748,0
../images/test/data/Just_Images/Caucasian/Man/m.027h21l_0004.jpg,../images/test/data/Just_Images/Caucasian/Man/m.02pj3kl_0004.jpg,0.8683487176895142,0
../images/test/data/Just_Images/Caucasian/Man/m.01vm3rs_0001.jpg,../images/test/data/Just_Images/Caucasian/Man/m.024j50_0001.jpg,0.829098105430603,0
../images/test/data/Just_Images/Caucasian/Man/m.057y36c_0002.jpg,../images/test/data/Just_Images/Caucasian/Woman/m.015j6y_0003.jpg,0.8727032542228699,0
../images/test/data/Just_Images/Caucasian/Man/m.01vhrz_0005.jpg,../images/test/data/Just_Images/Caucasian/Man/m.034bnd_0004.jpg,0.8756982088088989,0
../images/test/data/Just_Images/Caucasian/Man/m.096lqc_0003.jpg,../images/test/data/Just_Images/Caucasian/Man/m.03ysmg_0001.jpg,0.9349572658538818,0
../images/test/data/Just_Images/Caucasian/Woman/m.01_jf7_0002.jpg,../images/test/data/Just_Images/Caucasian/Man/m.03gyy91_0003.jpg,0.8444634675979614,0
../images/test/data/Just_Images/Caucasian/Man/m.0n4bn92_0004.jpg,../images/test/data/Just_Images/Caucasian/Man/m.0x6brwx_0002.jpg,0.8112285137176514,0
../images/test/data/Just_Images/Caucasian/Woman/m.0ds0311_0001.jpg,../images/test/data/Just_Images/Caucasian/Man/m.068sjw_0003.jpg,0.8163577318191528,0
../images/test/data/Just_Images/Caucasian/Man/m.0893z5_0002.jpg,../images/test/data/Just_Images/Caucasian/Woman/m.0263vl0_0001.jpg,0.8196377754211426,0
../images/test/data/Just_Images/Caucasian/Man/m.0dd9pp_0001.jpg,../images/test/data/Just_Images/Caucasian/Man/m.06tl2c_0004.jpg,0.8492907285690308,0
../images/test/data/Just_Images/Caucasian/Man/m.095xcq_0002.jpg,../images/test/data/Just_Images/Caucasian/Man/m.02gt9t_0001.jpg,0.8966153860092163,0
../images/test/data/Just_Images/Caucasian/Man/m.03tb4n_0003.jpg,../images/test/data/Just_Images/Caucasian/Man/m.03d258z_0002.jpg,0.9270222187042236,0
../images/test/data/Just_Images/Caucasian/Man/m.0gfp99_0001.jpg,../images/test/data/Just_Images/Caucasian/Man/m.0qf43_0004.jpg,0.9378232955932617,0
../images/test/data/Just_Images/Caucasian/Man/m.09ptz4_0001.jpg,../images/test/data/Just_Images/Caucasian/Man/m.06_plk_0001.jpg,0.8700252175331116,0
../images/test/data/Just_Images/Caucasian/Man/m.025y9fn_0003.jpg,../images/test/data/Just_Images/Caucasian/Man/m.0bs1_8b_0001.jpg,0.9072725772857666,0
../images/test/data/Just_Images/Caucasian/Man/m.05b0jw_0002.jpg,../images/test/data/Just_Images/Caucasian/Man/m.0g5r0xy_0002.jpg,0.7754010558128357,0
../images/test/data/Just_Images/Caucasian/Man/m.0685q1_0002.jpg,../images/test/data/Just_Images/Caucasian/Woman/m.0g4rhg_0003.jpg,0.768913209438324,0
../images/test/data/Just_Images/Caucasian/Woman/m.02w4fkq_0001.jpg,../images/test/data/Just_Images/Caucasian/Woman/m.01x20fc_0005.jpg,0.8765430450439453,0
../images/test/data/Just_Images/Caucasian/Woman/m.067hq2_0001.jpg,../images/test/data/Just_Images/Caucasian/Woman/m.05sxkvq_0002.jpg,0.7850096225738525,0
../images/test/data/Just_Images/Caucasian/Man/m.0234bw_0002.jpg,../images/test/data/Just_Images/Caucasian/Man/m.05nf15d_0001.jpg,0.9524959921836853,0
../images/test/data/Just_Images/Caucasian/Man/m.03_s6q_0004.jpg,../images/test/data/Just_Images/Caucasian/Woman/m.0kr_9v_0003.jpg,0.8581546545028687,0
../images/test/data/Just_Images/Caucasian/Man/m.0gqrzn_0003.jpg,../images/test/data/Just_Images/Caucasian/Man/m.0g3f1p_0004.jpg,0.8863121271133423,0
../images/test/data/Just_Images/Caucasian/Woman/m.028tyf_0001.jpg,../images/test/data/Just_Images/Caucasian/Man/m.02j9g_0003.jpg,0.9049119353294373,0
../images/test/data/Just_Images/Caucasian/Man/m.0brpvb_0002.jpg,../images/test/data/Just_Images/Caucasian/Man/m.058frd_0003.jpg,0.9380395412445068,0
../images/test/data/Just_Images/Caucasian/Woman/m.0cgr5j_0001.jpg,../images/test/data/Just_Images/Caucasian/Man/m.07nx9j_0002.jpg,0.8991035223007202,0
../images/test/data/Just_Images/Caucasian/Man/m.058rsb_0001.jpg,../images/test/data/Just_Images/Caucasian/Man/m.02swh3_0003.jpg,0.9077094197273254,0
../images/test/data/Just_Images/Caucasian/Man/m.0h96pms_0002.jpg,../images/test/data/Just_Images/Caucasian/Man/m.01my3sw_0003.jpg,0.8871061205863953,0
../images/test/data/Just_Images/Caucasian/Woman/m.0k0qwd8_0003.jpg,../images/test/data/Just_Images/Caucasian/Man/m.07jf6t_0002.jpg,0.8760037422180176,0
../images/test/data/Just_Images/Caucasian/Man/m.05xcmfp_0001.jpg,../images/test/data/Just_Images/Caucasian/Man/m.09gdn38_0002.jpg,0.8365138173103333,0
../images/test/data/Just_Images/Caucasian/Man/m.04zbq8_0003.jpg,../images/test/data/Just_Images/Caucasian/Man/m.040539_0005.jpg,0.8881003260612488,0
../images/test/data/Just_Images/Caucasian/Man/m.015r3q_0004.jpg,../images/test/data/Just_Images/Caucasian/Man/m.039xxb_0003.jpg,0.8892099857330322,0
../images/test/data/Just_Images/Caucasian/Man/m.09z81p_0002.jpg,../images/test/data/Just_Images/Caucasian/Man/m.0465cbx_0003.jpg,0.8921210765838623,0
../images/test/data/Just_Images/Caucasian/Man/m.0b0j6v_0003.jpg,../images/test/data/Just_Images/Caucasian/Man/m.09xrfm_0004.jpg,0.8712879419326782,0
../images/test/data/Just_Images/Caucasian/Man/m.0fvcl4_0001.jpg,../images/test/data/Just_Images/Caucasian/Man/m.03_61b_0001.jpg,0.9144629240036011,0
../images/test/data/Just_Images/Caucasian/Man/m.06zrlyg_0001.jpg,../images/test/data/Just_Images/Caucasian/Man/m.09v9q1w_0001.jpg,0.9015582799911499,0
../images/test/data/Just_Images/Caucasian/Man/m.06y7w0_0002.jpg,../images/test/data/Just_Images/Caucasian/Man/m.041fqg_0001.jpg,0.8792411088943481,0
../images/test/data/Just_Images/Caucasian/Man/m.0hzmhv2_0001.jpg,../images/test/data/Just_Images/Caucasian/Man/m.03bj_d_0001.jpg,0.8474783897399902,0
../images/test/data/Just_Images/Caucasian/Woman/m.0996lg_0001.jpg,../images/test/data/Just_Images/Caucasian/Man/m.04xb3k_0001.jpg,0.8908635377883911,0
../images/test/data/Just_Images/Caucasian/Man/m.029ycx_0003.jpg,../images/test/data/Just_Images/Caucasian/Man/m.0lj6q_0002.jpg,0.8838972449302673,0
../images/test/data/Just_Images/Caucasian/Man/m.03sqjy_0002.jpg,../images/test/data/Just_Images/Caucasian/Man/m.070hf5_0003.jpg,0.8316100835800171,0
../images/test/data/Just_Images/Caucasian/Man/m.091yzy_0004.jpg,../images/test/data/Just_Images/Caucasian/Man/m.02lrn6_0003.jpg,0.8089712262153625,0
../images/test/data/Just_Images/Caucasian/Man/m.04zvmb9_0004.jpg,../images/test/data/Just_Images/Caucasian/Man/m.0d8p3__0001.jpg,0.77021723985672,0
../images/test/data/Just_Images/Caucasian/Man/m.0g0d56_0005.jpg,../images/test/data/Just_Images/Caucasian/Man/m.02bkvf_0006.jpg,0.7799188494682312,0
../images/test/data/Just_Images/Caucasian/Woman/m.0698rn_0002.jpg,../images/test/data/Just_Images/Caucasian/Man/m.05sztm0_0003.jpg,0.9016616344451904,0
../images/test/data/Just_Images/Caucasian/Man/m.07lx0b_0003.jpg,../images/test/data/Just_Images/Caucasian/Man/m.068ys2_0002.jpg,0.897809624671936,0
../images/test/data/Just_Images/Caucasian/Man/m.0by0n0x_0002.jpg,../images/test/data/Just_Images/Caucasian/Man/m.0lzh6_0001.jpg,0.8898084163665771,0
../images/test/data/Just_Images/Caucasian/Man/m.09d0yg_0004.jpg,../images/test/data/Just_Images/Caucasian/Man/m.0g9677_0002.jpg,0.8957244157791138,0
../images/test/data/Just_Images/Caucasian/Woman/m.0g58p5d_0001.jpg,../images/test/data/Just_Images/Caucasian/Woman/m.01w1pmm_0004.jpg,0.907843291759491,0
../images/test/data/Just_Images/Caucasian/Man/m.05dhgc_0002.jpg,../images/test/data/Just_Images/Caucasian/Man/m.02rjgqf_0002.jpg,0.8924310207366943,0
../images/test/data/Just_Images/Caucasian/Man/m.0g5r0xy_0003.jpg,../images/test/data/Just_Images/Caucasian/Woman/m.03f6_jr_0003.jpg,0.8376607894897461,0
../images/test/data/Just_Images/Caucasian/Man/m.02pc9l4_0002.jpg,../images/test/data/Just_Images/Caucasian/Man/m.0gx_h3h_0003.jpg,0.9030627012252808,0
../images/test/data/Just_Images/Caucasian/Man/m.02pyg6_0001.jpg,../images/test/data/Just_Images/Caucasian/Woman/m.0fqrpxz_0001.jpg,0.7413231134414673,0
../images/test/data/Just_Images/Caucasian/Man/m.027k130_0001.jpg,../images/test/data/Just_Images/Caucasian/Man/m.01479s_0003.jpg,0.8595193028450012,0
../images/test/data/Just_Images/Caucasian/Woman/m.02fgxt_0001.jpg,../images/test/data/Just_Images/Caucasian/Man/m.04z8sv_0001.jpg,0.9071964621543884,0
../images/test/data/Just_Images/Caucasian/Man/m.02624t_0001.jpg,../images/test/data/Just_Images/Caucasian/Man/m.04cvpmr_0005.jpg,0.8975280523300171,0
../images/test/data/Just_Images/Caucasian/Man/m.01w2hbq_0002.jpg,../images/test/data/Just_Images/Caucasian/Woman/m.051t72_0003.jpg,0.8717892169952393,0
../images/test/data/Just_Images/Caucasian/Man/m.0267_nc_0001.jpg,../images/test/data/Just_Images/Caucasian/Man/m.05gkqv_0003.jpg,0.9076065421104431,0
../images/test/data/Just_Images/Caucasian/Man/m.05lc5m_0001.jpg,../images/test/data/Just_Images/Caucasian/Man/m.01whj0__0003.jpg,0.8697342872619629,0
../images/test/data/Just_Images/Caucasian/Man/m.0dqrzj_0001.jpg,../images/test/data/Just_Images/Caucasian/Woman/m.067_jr_0003.jpg,0.8932449817657471,0
../images/test/data/Just_Images/Caucasian/Woman/m.01x3zd_0002.jpg,../images/test/data/Just_Images/Caucasian/Woman/m.01_yqg_0003.jpg,0.8931654691696167,0
../images/test/data/Just_Images/Caucasian/Man/m.0d3_94_0002.jpg,../images/test/data/Just_Images/Caucasian/Man/m.0gf75k_0004.jpg,0.9261655211448669,0
../images/test/data/Just_Images/Caucasian/Man/m.013r6h_0001.jpg,../images/test/data/Just_Images/Caucasian/Man/m.02wcgst_0004.jpg,0.9294075965881348,0
../images/test/data/Just_Images/Caucasian/Man/m.01mwxtz_0003.jpg,../images/test/data/Just_Images/Caucasian/Man/m.0g1xc3_0003.jpg,0.8670048713684082,0
../images/test/data/Just_Images/Caucasian/Man/m.0282xfk_0003.jpg,../images/test/data/Just_Images/Caucasian/Man/m.02mpmt_0004.jpg,0.8452553749084473,0
../images/test/data/Just_Images/Caucasian/Man/m.04bx6w_0002.jpg,../images/test/data/Just_Images/Caucasian/Man/m.02w20rn_0003.jpg,0.8792628049850464,0
../images/test/data/Just_Images/Caucasian/Woman/m.03wfd02_0002.jpg,../images/test/data/Just_Images/Caucasian/Woman/m.07ybmn3_0001.jpg,0.9348105788230896,0
../images/test/data/Just_Images/Caucasian/Man/m.02mkvd_0002.jpg,../images/test/data/Just_Images/Caucasian/Man/m.014hlm_0002.jpg,0.8441814184188843,0
../images/test/data/Just_Images/Caucasian/Woman/m.04ql20_0002.jpg,../images/test/data/Just_Images/Caucasian/Woman/m.025xbbg_0001.jpg,0.8829484581947327,0
../images/test/data/Just_Images/Caucasian/Man/m.0jsfs9k_0002.jpg,../images/test/data/Just_Images/Caucasian/Man/m.07csqp_0003.jpg,0.8461304903030396,0
../images/test/data/Just_Images/Caucasian/Woman/m.01p76zn_0003.jpg,../images/test/data/Just_Images/Caucasian/Woman/m.064l65f_0002.jpg,0.893835186958313,0
../images/test/data/Just_Images/Caucasian/Man/m.06688p_0002.jpg,../images/test/data/Just_Images/Caucasian/Woman/m.01l3mk3_0003.jpg,0.8626232147216797,0
../images/test/data/Just_Images/Caucasian/Man/m.02ph7gb_0002.jpg,../images/test/data/Just_Images/Caucasian/Woman/m.0k2l97g_0001.jpg,0.8691399097442627,0
../images/test/data/Just_Images/Caucasian/Man/m.0bq58m_0002.jpg,../images/test/data/Just_Images/Caucasian/Man/m.03w4sh_0003.jpg,0.8832983374595642,0
../images/test/data/Just_Images/Caucasian/Man/m.0f081f_0002.jpg,../images/test/data/Just_Images/Caucasian/Man/m.07k613n_0005.jpg,0.8280846476554871,0
../images/test/data/Just_Images/Caucasian/Man/m.056nw7_0002.jpg,../images/test/data/Just_Images/Caucasian/Man/m.02q11v7_0004.jpg,0.8561950922012329,0
../images/test/data/Just_Images/Caucasian/Woman/m.01n4t8x_0003.jpg,../images/test/data/Just_Images/Caucasian/Man/m.03xllt_0003.jpg,0.935490608215332,0
../images/test/data/Just_Images/Caucasian/Man/m.040ct4_0003.jpg,../images/test/data/Just_Images/Caucasian/Man/m.029ycx_0003.jpg,0.8804953694343567,0
../images/test/data/Just_Images/Caucasian/Man/m.028f4z_0003.jpg,../images/test/data/Just_Images/Caucasian/Man/m.086vll_0002.jpg,0.8571862578392029,0
../images/test/data/Just_Images/Caucasian/Man/m.0fqq2n_0003.jpg,../images/test/data/Just_Images/Caucasian/Woman/m.0h1fcbm_0002.jpg,0.7188386917114258,0
../images/test/data/Just_Images/Caucasian/Woman/m.03dzj__0003.jpg,../images/test/data/Just_Images/Caucasian/Man/m.03hj_2f_0001.jpg,0.945586085319519,0
../images/test/data/Just_Images/Caucasian/Woman/m.0ds2kym_0004.jpg,../images/test/data/Just_Images/Caucasian/Woman/m.097fys_0004.jpg,0.9077514410018921,0
../images/test/data/Just_Images/Caucasian/Woman/m.01k780_0001.jpg,../images/test/data/Just_Images/Caucasian/Man/m.0bm3tc_0004.jpg,0.7408161759376526,0
../images/test/data/Just_Images/Caucasian/Woman/m.026bk9q_0005.jpg,../images/test/data/Just_Images/Caucasian/Woman/m.03qg_h5_0001.jpg,0.930743396282196,0
../images/test/data/Just_Images/Caucasian/Man/m.02rgcf4_0004.jpg,../images/test/data/Just_Images/Caucasian/Man/m.06q1jt_0003.jpg,0.8894718885421753,0
../images/test/data/Just_Images/Caucasian/Man/m.01vjqdw_0001.jpg,../images/test/data/Just_Images/Caucasian/Man/m.03tkg__0004.jpg,0.8996155261993408,0
../images/test/data/Just_Images/Caucasian/Man/m.086vll_0003.jpg,../images/test/data/Just_Images/Caucasian/Man/m.0ftrjf_0001.jpg,0.8106737732887268,0
../images/test/data/Just_Images/Caucasian/Man/m.06x1j0_0003.jpg,../images/test/data/Just_Images/Caucasian/Man/m.0342z8_0002.jpg,0.6682041883468628,0
../images/test/data/Just_Images/Caucasian/Woman/m.0c2g8y_0001.jpg,../images/test/data/Just_Images/Caucasian/Man/m.0274k36_0002.jpg,0.9016580581665039,0
../images/test/data/Just_Images/Caucasian/Man/m.027b33j_0001.jpg,../images/test/data/Just_Images/Caucasian/Man/m.07k8vcv_0004.jpg,0.9172621965408325,0
../images/test/data/Just_Images/Caucasian/Woman/m.01npnk3_0002.jpg,../images/test/data/Just_Images/Caucasian/Man/m.01w2hbq_0004.jpg,0.8892987966537476,0
../images/test/data/Just_Images/Caucasian/Man/m.023cf9_0001.jpg,../images/test/data/Just_Images/Caucasian/Man/m.02bkvf_0001.jpg,0.8964277505874634,0
../images/test/data/Just_Images/Caucasian/Man/m.05txc4_0004.jpg,../images/test/data/Just_Images/Caucasian/Woman/m.02l9t8_0003.jpg,0.8623689413070679,0
../images/test/data/Just_Images/Caucasian/Man/m.02rp9ly_0002.jpg,../images/test/data/Just_Images/Caucasian/Man/m.0343_2_0004.jpg,0.8191484808921814,0
../images/test/data/Just_Images/Caucasian/Man/m.01trlq_0005.jpg,../images/test/data/Just_Images/Caucasian/Man/m.0556gt_0005.jpg,0.8742422461509705,0
../images/test/data/Just_Images/Caucasian/Man/m.02244j_0002.jpg,../images/test/data/Just_Images/Caucasian/Man/m.03d258z_0001.jpg,0.7592655420303345,0
../images/test/data/Just_Images/Caucasian/Man/m.03gyy91_0001.jpg,../images/test/data/Just_Images/Caucasian/Man/m.07_zvm_0002.jpg,0.8990697860717773,0
../images/test/data/Just_Images/Caucasian/Woman/m.013yd0_0002.jpg,../images/test/data/Just_Images/Caucasian/Man/m.0b2bxw_0003.jpg,0.9033375978469849,0
../images/test/data/Just_Images/Caucasian/Man/m.087vwg_0001.jpg,../images/test/data/Just_Images/Caucasian/Man/m.0h_9kyw_0001.jpg,0.8793457746505737,0
../images/test/data/Just_Images/Caucasian/Man/m.018t67_0002.jpg,../images/test/data/Just_Images/Caucasian/Man/m.09ptz4_0003.jpg,0.8447049260139465,0
../images/test/data/Just_Images/Caucasian/Man/m.09gjj0m_0002.jpg,../images/test/data/Just_Images/Caucasian/Man/m.07g7kn_0002.jpg,0.7508141994476318,0
../images/test/data/Just_Images/Caucasian/Man/m.04q8md6_0003.jpg,../images/test/data/Just_Images/Caucasian/Man/m.090_l7_0002.jpg,0.9146791696548462,0
../images/test/data/Just_Images/Caucasian/Woman/m.0h49z4_0002.jpg,../images/test/data/Just_Images/Caucasian/Woman/m.051t72_0001.jpg,0.8815138936042786,0
../images/test/data/Just_Images/Caucasian/Man/m.02vsjy0_0002.jpg,../images/test/data/Just_Images/Caucasian/Man/m.01hk74_0001.jpg,0.8706692457199097,0
../images/test/data/Just_Images/Caucasian/Woman/m.0h57ml_0003.jpg,../images/test/data/Just_Images/Caucasian/Man/m.047by6p_0004.jpg,0.899268388748169,0
../images/test/data/Just_Images/Caucasian/Woman/m.04ng7m_0004.jpg,../images/test/data/Just_Images/Caucasian/Man/m.091yzy_0002.jpg,0.9437934160232544,0
../images/test/data/Just_Images/Caucasian/Man/m.046x73_0003.jpg,../images/test/data/Just_Images/Caucasian/Man/m.01r7yg_0001.jpg,0.9211957454681396,0
../images/test/data/Just_Images/Caucasian/Man/m.06g6k4_0001.jpg,../images/test/data/Just_Images/Caucasian/Man/m.0c5_ym_0003.jpg,0.8120675683021545,0
../images/test/data/Just_Images/Caucasian/Man/m.04llzp_0002.jpg,../images/test/data/Just_Images/Caucasian/Woman/m.03h4yg2_0001.jpg,0.9269126653671265,0
../images/test/data/Just_Images/Caucasian/Woman/m.04sg2w3_0003.jpg,../images/test/data/Just_Images/Caucasian/Woman/m.026kw4b_0003.jpg,0.869167685508728,0
../images/test/data/Just_Images/Caucasian/Man/m.05s_gqc_0003.jpg,../images/test/data/Just_Images/Caucasian/Man/m.03bptr_0002.jpg,0.8964321613311768,0
../images/test/data/Just_Images/Caucasian/Man/m.07g7kn_0003.jpg,../images/test/data/Just_Images/Caucasian/Man/m.01whj0__0001.jpg,0.8635231256484985,0
../images/test/data/Just_Images/Caucasian/Man/m.03w6yx_0002.jpg,../images/test/data/Just_Images/Caucasian/Man/m.032rzl_0001.jpg,0.8046928644180298,0
../images/test/data/Just_Images/Caucasian/Man/m.0d9zjs_0003.jpg,../images/test/data/Just_Images/Caucasian/Man/m.059t6d_0002.jpg,0.8450587391853333,0
../images/test/data/Just_Images/Caucasian/Man/m.047qstq_0002.jpg,../images/test/data/Just_Images/Caucasian/Man/m.03f4nyq_0003.jpg,0.7228111028671265,0
../images/test/data/Just_Images/Caucasian/Woman/m.076_tb_0003.jpg,../images/test/data/Just_Images/Caucasian/Man/m.070sx4_0003.jpg,0.8469847440719604,0
../images/test/data/Just_Images/Caucasian/Man/m.021l7r_0003.jpg,../images/test/data/Just_Images/Caucasian/Man/m.0210d5_0003.jpg,0.8888709545135498,0
../images/test/data/Just_Images/Caucasian/Man/m.02rb9_g_0001.jpg,../images/test/data/Just_Images/Caucasian/Man/m.086d_b_0001.jpg,0.9124360680580139,0
../images/test/data/Just_Images/Caucasian/Man/m.04p1r_0004.jpg,../images/test/data/Just_Images/Caucasian/Man/m.027d1ds_0002.jpg,0.8798563480377197,0
../images/test/data/Just_Images/Caucasian/Man/m.0c8fy1_0002.jpg,../images/test/data/Just_Images/Caucasian/Man/m.075xf__0002.jpg,0.783732533454895,0
../images/test/data/Just_Images/Caucasian/Man/m.01c6dg_0001.jpg,../images/test/data/Just_Images/Caucasian/Woman/m.0d_3hq_0004.jpg,0.929164707660675,0
../images/test/data/Just_Images/Caucasian/Man/m.06w6qqp_0001.jpg,../images/test/data/Just_Images/Caucasian/Man/m.01vx08v_0001.jpg,0.9031639099121094,0
../images/test/data/Just_Images/Caucasian/Woman/m.03d__1m_0002.jpg,../images/test/data/Just_Images/Caucasian/Man/m.06dm8s_0003.jpg,0.8570070266723633,0
../images/test/data/Just_Images/Caucasian/Man/m.0lngf_0002.jpg,../images/test/data/Just_Images/Caucasian/Woman/m.0280ttg_0004.jpg,0.9095481038093567,0
../images/test/data/Just_Images/Caucasian/Woman/m.0gbmd2h_0004.jpg,../images/test/data/Just_Images/Caucasian/Woman/m.060d5l_0002.jpg,0.878312885761261,0
../images/test/data/Just_Images/Caucasian/Man/m.05zp39m_0001.jpg,../images/test/data/Just_Images/Caucasian/Man/m.0crcjd9_0001.jpg,0.8471286296844482,0
../images/test/data/Just_Images/Caucasian/Man/m.06htkn_0001.jpg,../images/test/data/Just_Images/Caucasian/Woman/m.0g5jbl6_0003.jpg,0.8810433149337769,0
../images/test/data/Just_Images/Caucasian/Man/m.05sy8_0001.jpg,../images/test/data/Just_Images/Caucasian/Woman/m.026fj42_0003.jpg,0.8995568752288818,0
../images/test/data/Just_Images/Caucasian/Man/m.07vt3h_0002.jpg,../images/test/data/Just_Images/Caucasian/Man/m.0kvk5yk_0004.jpg,0.8716710805892944,0
../images/test/data/Just_Images/Caucasian/Man/m.011xl3_0003.jpg,../images/test/data/Just_Images/Caucasian/Man/m.0404x4p_0003.jpg,0.9127640724182129,0
../images/test/data/Just_Images/Caucasian/Man/m.086d_b_0002.jpg,../images/test/data/Just_Images/Caucasian/Man/m.06rr65_0005.jpg,0.9135304689407349,0
../images/test/data/Just_Images/Caucasian/Man/m.02k21g_0005.jpg,../images/test/data/Just_Images/Caucasian/Man/m.0gprt0_0004.jpg,0.8838671445846558,0
../images/test/data/Just_Images/Caucasian/Man/m.08xkdn_0001.jpg,../images/test/data/Just_Images/Caucasian/Woman/m.01lz_v_0002.jpg,0.8678140044212341,0
../images/test/data/Just_Images/Caucasian/Man/m.02qrwlw_0001.jpg,../images/test/data/Just_Images/Caucasian/Woman/m.03hnw8t_0004.jpg,0.8211593627929688,0
../images/test/data/Just_Images/Caucasian/Man/m.097810_0001.jpg,../images/test/data/Just_Images/Caucasian/Man/m.026589t_0002.jpg,0.933533787727356,0
../images/test/data/Just_Images/Caucasian/Woman/m.0crk70_0002.jpg,../images/test/data/Just_Images/Caucasian/Man/m.02qg_hr_0002.jpg,0.9421069025993347,0
../images/test/data/Just_Images/Caucasian/Man/m.023c11_0001.jpg,../images/test/data/Just_Images/Caucasian/Man/m.0268q6h_0002.jpg,0.9199849367141724,0
../images/test/data/Just_Images/Caucasian/Man/m.07rcm5_0002.jpg,../images/test/data/Just_Images/Caucasian/Man/m.048v2f_0002.jpg,0.8924844264984131,0
../images/test/data/Just_Images/Caucasian/Woman/m.02r9kxb_0002.jpg,../images/test/data/Just_Images/Caucasian/Woman/m.04q3w0_0005.jpg,0.8104936480522156,0
../images/test/data/Just_Images/Caucasian/Man/m.049fxsr_0002.jpg,../images/test/data/Just_Images/Caucasian/Man/m.0868nf_0003.jpg,0.904512882232666,0
../images/test/data/Just_Images/Caucasian/Woman/m.0lq75yc_0003.jpg,../images/test/data/Just_Images/Caucasian/Woman/m.05f4k7q_0001.jpg,0.8711693286895752,0
../images/test/data/Just_Images/Caucasian/Man/m.03pjgb_0001.jpg,../images/test/data/Just_Images/Caucasian/Man/m.0240v_0005.jpg,0.9307644367218018,0
../images/test/data/Just_Images/Caucasian/Man/m.026yx3p_0001.jpg,../images/test/data/Just_Images/Caucasian/Man/m.015wfy_0004.jpg,0.8589902520179749,0
../images/test/data/Just_Images/Caucasian/Man/m.06dm8s_0002.jpg,../images/test/data/Just_Images/Caucasian/Man/m.0414hzy_0002.jpg,0.8188767433166504,0
../images/test/data/Just_Images/Caucasian/Woman/m.02r1cbx_0001.jpg,../images/test/data/Just_Images/Caucasian/Man/m.05nf15d_0004.jpg,0.7696680426597595,0
../images/test/data/Just_Images/Caucasian/Man/m.04rcgd_0002.jpg,../images/test/data/Just_Images/Caucasian/Man/m.02r6ydb_0001.jpg,0.9382654428482056,0
../images/test/data/Just_Images/Caucasian/Man/m.0b2bxw_0002.jpg,../images/test/data/Just_Images/Caucasian/Man/m.0dz861_0002.jpg,0.685816764831543,0
../images/test/data/Just_Images/Caucasian/Man/m.08cw7d_0002.jpg,../images/test/data/Just_Images/Caucasian/Man/m.04mx___0006.jpg,0.9043141603469849,0
../images/test/data/Just_Images/Caucasian/Man/m.06pcjc_0001.jpg,../images/test/data/Just_Images/Caucasian/Man/m.0dbxj_0002.jpg,0.851604700088501,0
../images/test/data/Just_Images/Caucasian/Man/m.07nx9j_0001.jpg,../images/test/data/Just_Images/Caucasian/Man/m.04k4jh_0005.jpg,0.9040628671646118,0
../images/test/data/Just_Images/Caucasian/Man/m.06gsg2_0001.jpg,../images/test/data/Just_Images/Caucasian/Man/m.02g3ds_0003.jpg,0.8873214721679688,0
../images/test/data/Just_Images/Caucasian/Man/m.084w8_0003.jpg,../images/test/data/Just_Images/Caucasian/Woman/m.0bqqv_0004.jpg,0.8544343113899231,0
../images/test/data/Just_Images/Caucasian/Man/m.05b1w7j_0004.jpg,../images/test/data/Just_Images/Caucasian/Man/m.07rzfx_0005.jpg,0.8758881092071533,0
../images/test/data/Just_Images/Caucasian/Woman/m.088kzb_0001.jpg,../images/test/data/Just_Images/Caucasian/Woman/m.05thxp_0003.jpg,0.9244461059570312,0
../images/test/data/Just_Images/Caucasian/Woman/m.0gjtyh_0001.jpg,../images/test/data/Just_Images/Caucasian/Woman/m.04g8d_0002.jpg,0.9297772645950317,0
../images/test/data/Just_Images/Caucasian/Man/m.0b69rx_0003.jpg,../images/test/data/Just_Images/Caucasian/Man/m.01wvf0l_0001.jpg,0.9591368436813354,0
../images/test/data/Just_Images/Caucasian/Woman/m.01xm6k_0004.jpg,../images/test/data/Just_Images/Caucasian/Man/m.0gg7ff4_0004.jpg,0.8714996576309204,0
../images/test/data/Just_Images/Caucasian/Woman/m.03j14t_0003.jpg,../images/test/data/Just_Images/Caucasian/Man/m.0lnh8_0003.jpg,0.839871346950531,0
../images/test/data/Just_Images/Caucasian/Man/m.02k2wd_0003.jpg,../images/test/data/Just_Images/Caucasian/Woman/m.050_5z_0001.jpg,0.7900274395942688,0
../images/test/data/Just_Images/Caucasian/Man/m.08t1xp_0001.jpg,../images/test/data/Just_Images/Caucasian/Man/m.04p1r_0001.jpg,0.7778469920158386,0
../images/test/data/Just_Images/Caucasian/Man/m.03cf1r_0003.jpg,../images/test/data/Just_Images/Caucasian/Man/m.0gly07_0002.jpg,0.8613117337226868,0
../images/test/data/Just_Images/Caucasian/Man/m.01wbzhv_0003.jpg,../images/test/data/Just_Images/Caucasian/Woman/m.04060hl_0001.jpg,0.9129541516304016,0
../images/test/data/Just_Images/Caucasian/Man/m.085y6t_0002.jpg,../images/test/data/Just_Images/Caucasian/Man/m.086b84_0002.jpg,0.884731650352478,0
../images/test/data/Just_Images/Caucasian/Man/m.0h3n0bb_0006.jpg,../images/test/data/Just_Images/Caucasian/Man/m.06l0f_0001.jpg,0.889630913734436,0
../images/test/data/Just_Images/Caucasian/Woman/m.0bxsfw_0001.jpg,../images/test/data/Just_Images/Caucasian/Woman/m.0bxsfw_0002.jpg,0.84378981590271,1
../images/test/data/Just_Images/Caucasian/Man/m.05jbdq_0001.jpg,../images/test/data/Just_Images/Caucasian/Man/m.05jbdq_0003.jpg,0.9077614545822144,1
../images/test/data/Just_Images/Caucasian/Woman/m.0f2ybq_0001.jpg,../images/test/data/Just_Images/Caucasian/Woman/m.0f2ybq_0003.jpg,0.7954245805740356,1
../images/test/data/Just_Images/Caucasian/Man/m.04dz616_0001.jpg,../images/test/data/Just_Images/Caucasian/Man/m.04dz616_0003.jpg,0.8982198238372803,1
../images/test/data/Just_Images/Caucasian/Man/m.026vl3n_0002.jpg,../images/test/data/Just_Images/Caucasian/Man/m.026vl3n_0003.jpg,0.9143344759941101,1
../images/test/data/Just_Images/Caucasian/Woman/m.06hh33_0005.jpg,../images/test/data/Just_Images/Caucasian/Woman/m.06hh33_0002.jpg,0.8338077068328857,1
../images/test/data/Just_Images/Caucasian/Man/m.0dvygq_0002.jpg,../images/test/data/Just_Images/Caucasian/Man/m.0dvygq_0003.jpg,0.8685163855552673,1
../images/test/data/Just_Images/Caucasian/Man/m.0gvtb5z_0002.jpg,../images/test/data/Just_Images/Caucasian/Man/m.0gvtb5z_0001.jpg,0.8691471219062805,1
../images/test/data/Just_Images/Caucasian/Man/m.0mclh_0002.jpg,../images/test/data/Just_Images/Caucasian/Man/m.0mclh_0003.jpg,0.8630368113517761,1
../images/test/data/Just_Images/Caucasian/Man/m.03q8_j_0003.jpg,../images/test/data/Just_Images/Caucasian/Man/m.03q8_j_0001.jpg,0.9241267442703247,1
../images/test/data/Just_Images/Caucasian/Man/m.027qctq_0002.jpg,../images/test/data/Just_Images/Caucasian/Man/m.027qctq_0003.jpg,0.8815948963165283,1
../images/test/data/Just_Images/Caucasian/Man/m.0465cbx_0004.jpg,../images/test/data/Just_Images/Caucasian/Man/m.0465cbx_0001.jpg,0.8081585764884949,1
../images/test/data/Just_Images/Caucasian/Man/m.09fj8j_0004.jpg,../images/test/data/Just_Images/Caucasian/Man/m.09fj8j_0001.jpg,0.8829673528671265,1
../images/test/data/Just_Images/Caucasian/Man/m.07_7fx_0002.jpg,../images/test/data/Just_Images/Caucasian/Man/m.07_7fx_0003.jpg,0.8258566856384277,1
../images/test/data/Just_Images/Caucasian/Man/m.02qpy0_0003.jpg,../images/test/data/Just_Images/Caucasian/Man/m.02qpy0_0002.jpg,0.9139856696128845,1
../images/test/data/Just_Images/Caucasian/Man/m.0n5vq6q_0003.jpg,../images/test/data/Just_Images/Caucasian/Man/m.0n5vq6q_0004.jpg,0.9093203544616699,1
../images/test/data/Just_Images/Caucasian/Man/m.01fr15_0002.jpg,../images/test/data/Just_Images/Caucasian/Man/m.01fr15_0003.jpg,0.8666678667068481,1
../images/test/data/Just_Images/Caucasian/Man/m.03mbjgj_0003.jpg,../images/test/data/Just_Images/Caucasian/Man/m.03mbjgj_0001.jpg,0.8224958181381226,1
../images/test/data/Just_Images/Caucasian/Man/m.061fnq_0003.jpg,../images/test/data/Just_Images/Caucasian/Man/m.061fnq_0002.jpg,0.8110114336013794,1
../images/test/data/Just_Images/Caucasian/Man/m.0585mx_0001.jpg,../images/test/data/Just_Images/Caucasian/Man/m.0585mx_0003.jpg,0.8742499351501465,1
../images/test/data/Just_Images/Caucasian/Man/m.048dmc_0001.jpg,../images/test/data/Just_Images/Caucasian/Man/m.048dmc_0003.jpg,0.9871110916137695,1
../images/test/data/Just_Images/Caucasian/Man/m.01q3jw_0002.jpg,../images/test/data/Just_Images/Caucasian/Man/m.01q3jw_0001.jpg,0.8021832704544067,1
../images/test/data/Just_Images/Caucasian/Man/m.0bwss61_0001.jpg,../images/test/data/Just_Images/Caucasian/Man/m.0bwss61_0002.jpg,0.9267125129699707,1
../images/test/data/Just_Images/Caucasian/Woman/m.06w49df_0003.jpg,../images/test/data/Just_Images/Caucasian/Woman/m.06w49df_0001.jpg,0.9437189102172852,1
../images/test/data/Just_Images/Caucasian/Man/m.02rb3_m_0003.jpg,../images/test/data/Just_Images/Caucasian/Man/m.02rb3_m_0001.jpg,0.8258852362632751,1
../images/test/data/Just_Images/Caucasian/Man/m.043n9t9_0001.jpg,../images/test/data/Just_Images/Caucasian/Man/m.043n9t9_0003.jpg,0.8397924900054932,1
../images/test/data/Just_Images/Caucasian/Woman/m.0rph7hp_0003.jpg,../images/test/data/Just_Images/Caucasian/Woman/m.0rph7hp_0001.jpg,0.9366559386253357,1
../images/test/data/Just_Images/Caucasian/Woman/m.027399m_0003.jpg,../images/test/data/Just_Images/Caucasian/Woman/m.027399m_0002.jpg,0.9303349256515503,1
../images/test/data/Just_Images/Caucasian/Man/m.0d3dsv_0003.jpg,../images/test/data/Just_Images/Caucasian/Man/m.0d3dsv_0001.jpg,0.9164531230926514,1
../images/test/data/Just_Images/Caucasian/Man/m.0fw91_0004.jpg,../images/test/data/Just_Images/Caucasian/Man/m.0fw91_0002.jpg,0.9256682395935059,1
../images/test/data/Just_Images/Caucasian/Man/m.09d8lv_0002.jpg,../images/test/data/Just_Images/Caucasian/Man/m.09d8lv_0001.jpg,0.9162357449531555,1
../images/test/data/Just_Images/Caucasian/Man/m.04c1g2_0003.jpg,../images/test/data/Just_Images/Caucasian/Man/m.04c1g2_0001.jpg,0.876677393913269,1
../images/test/data/Just_Images/Caucasian/Man/m.05x045_0002.jpg,../images/test/data/Just_Images/Caucasian/Man/m.05x045_0001.jpg,0.8745446801185608,1
../images/test/data/Just_Images/Caucasian/Man/m.01w1hsz_0002.jpg,../images/test/data/Just_Images/Caucasian/Man/m.01w1hsz_0001.jpg,0.9002519845962524,1
../images/test/data/Just_Images/Caucasian/Woman/m.05s28v_0003.jpg,../images/test/data/Just_Images/Caucasian/Woman/m.05s28v_0001.jpg,0.8754864931106567,1
../images/test/data/Just_Images/Caucasian/Woman/m.0gyr6nh_0001.jpg,../images/test/data/Just_Images/Caucasian/Woman/m.0gyr6nh_0002.jpg,0.9056475758552551,1
../images/test/data/Just_Images/Caucasian/Man/m.04grr30_0001.jpg,../images/test/data/Just_Images/Caucasian/Man/m.04grr30_0002.jpg,0.8116158843040466,1
../images/test/data/Just_Images/Caucasian/Man/m.0gwprg_0003.jpg,../images/test/data/Just_Images/Caucasian/Man/m.0gwprg_0002.jpg,0.8520982265472412,1
../images/test/data/Just_Images/Caucasian/Woman/m.0hn8c60_0002.jpg,../images/test/data/Just_Images/Caucasian/Woman/m.0hn8c60_0004.jpg,0.9023499488830566,1
../images/test/data/Just_Images/Caucasian/Woman/m.0d8_cf_0003.jpg,../images/test/data/Just_Images/Caucasian/Woman/m.0d8_cf_0004.jpg,0.9545418620109558,1
../images/test/data/Just_Images/Caucasian/Man/m.07h1f1_0003.jpg,../images/test/data/Just_Images/Caucasian/Man/m.07h1f1_0005.jpg,0.8841993808746338,1
../images/test/data/Just_Images/Caucasian/Man/m.03bptr_0004.jpg,../images/test/data/Just_Images/Caucasian/Man/m.03bptr_0003.jpg,0.8905672430992126,1
../images/test/data/Just_Images/Caucasian/Man/m.03p6dx_0003.jpg,../images/test/data/Just_Images/Caucasian/Man/m.03p6dx_0001.jpg,0.936344563961029,1
../images/test/data/Just_Images/Caucasian/Man/m.09z6mc_0004.jpg,../images/test/data/Just_Images/Caucasian/Man/m.09z6mc_0002.jpg,0.8744036555290222,1
../images/test/data/Just_Images/Caucasian/Man/m.0ch_0g_0001.jpg,../images/test/data/Just_Images/Caucasian/Man/m.0ch_0g_0002.jpg,0.8750896453857422,1
../images/test/data/Just_Images/Caucasian/Woman/m.06_vdvy_0001.jpg,../images/test/data/Just_Images/Caucasian/Woman/m.06_vdvy_0002.jpg,0.9283680319786072,1
../images/test/data/Just_Images/Caucasian/Man/m.0868nf_0001.jpg,../images/test/data/Just_Images/Caucasian/Man/m.0868nf_0002.jpg,0.7769339084625244,1
../images/test/data/Just_Images/Caucasian/Man/m.06m0g1_0001.jpg,../images/test/data/Just_Images/Caucasian/Man/m.06m0g1_0002.jpg,0.8939380049705505,1
../images/test/data/Just_Images/Caucasian/Man/m.0bbdtv_0003.jpg,../images/test/data/Just_Images/Caucasian/Man/m.0bbdtv_0002.jpg,0.8778162002563477,1
../images/test/data/Just_Images/Caucasian/Man/m.04ygg80_0002.jpg,../images/test/data/Just_Images/Caucasian/Man/m.04ygg80_0004.jpg,0.8536643981933594,1
../images/test/data/Just_Images/Caucasian/Man/m.01hlvhq_0002.jpg,../images/test/data/Just_Images/Caucasian/Man/m.01hlvhq_0003.jpg,0.933942437171936,1
../images/test/data/Just_Images/Caucasian/Man/m.0rpg459_0001.jpg,../images/test/data/Just_Images/Caucasian/Man/m.0rpg459_0002.jpg,0.887844979763031,1
../images/test/data/Just_Images/Caucasian/Man/m.050t68_0003.jpg,../images/test/data/Just_Images/Caucasian/Man/m.050t68_0002.jpg,0.8799203038215637,1
../images/test/data/Just_Images/Caucasian/Woman/m.0k2l97g_0004.jpg,../images/test/data/Just_Images/Caucasian/Woman/m.0k2l97g_0003.jpg,0.8561809062957764,1
../images/test/data/Just_Images/Caucasian/Man/m.0gx01vq_0002.jpg,../images/test/data/Just_Images/Caucasian/Man/m.0gx01vq_0003.jpg,0.9146407842636108,1
../images/test/data/Just_Images/Caucasian/Woman/m.0gty5sb_0002.jpg,../images/test/data/Just_Images/Caucasian/Woman/m.0gty5sb_0003.jpg,0.9342577457427979,1
../images/test/data/Just_Images/Caucasian/Man/m.09cdzd_0002.jpg,../images/test/data/Just_Images/Caucasian/Man/m.09cdzd_0001.jpg,0.89020836353302,1
../images/test/data/Just_Images/Caucasian/Man/m.01fg_t_0002.jpg,../images/test/data/Just_Images/Caucasian/Man/m.01fg_t_0001.jpg,0.8776822090148926,1
../images/test/data/Just_Images/Caucasian/Woman/m.027hk21_0001.jpg,../images/test/data/Just_Images/Caucasian/Woman/m.027hk21_0004.jpg,0.9770908355712891,1
../images/test/data/Just_Images/Caucasian/Woman/m.027_60q_0001.jpg,../images/test/data/Just_Images/Caucasian/Woman/m.027_60q_0002.jpg,0.9639867544174194,1
../images/test/data/Just_Images/Caucasian/Woman/m.01x3zd_0001.jpg,../images/test/data/Just_Images/Caucasian/Woman/m.01x3zd_0003.jpg,0.7441551089286804,1
../images/test/data/Just_Images/Caucasian/Man/m.02w20rn_0002.jpg,../images/test/data/Just_Images/Caucasian/Man/m.02w20rn_0003.jpg,0.9006879329681396,1
../images/test/data/Just_Images/Caucasian/Woman/m.0qfrvhq_0003.jpg,../images/test/data/Just_Images/Caucasian/Woman/m.0qfrvhq_0001.jpg,0.9293236136436462,1
../images/test/data/Just_Images/Caucasian/Man/m.07ddkz_0003.jpg,../images/test/data/Just_Images/Caucasian/Man/m.07ddkz_0001.jpg,0.8848085403442383,1
../images/test/data/Just_Images/Caucasian/Man/m.08y57s_0001.jpg,../images/test/data/Just_Images/Caucasian/Man/m.08y57s_0003.jpg,0.9271471500396729,1
../images/test/data/Just_Images/Caucasian/Man/m.066m4g_0001.jpg,../images/test/data/Just_Images/Caucasian/Man/m.066m4g_0002.jpg,0.9001986384391785,1
../images/test/data/Just_Images/Caucasian/Man/m.0bmyhb_0003.jpg,../images/test/data/Just_Images/Caucasian/Man/m.0bmyhb_0002.jpg,0.8992856740951538,1
../images/test/data/Just_Images/Caucasian/Woman/m.0d7vz4_0004.jpg,../images/test/data/Just_Images/Caucasian/Woman/m.0d7vz4_0003.jpg,0.9481081962585449,1
../images/test/data/Just_Images/Caucasian/Man/m.065_3s_0001.jpg,../images/test/data/Just_Images/Caucasian/Man/m.065_3s_0002.jpg,0.9034497737884521,1
../images/test/data/Just_Images/Caucasian/Woman/m.0c0skq_0003.jpg,../images/test/data/Just_Images/Caucasian/Woman/m.0c0skq_0002.jpg,0.8614612817764282,1
../images/test/data/Just_Images/Caucasian/Woman/m.06v8lr_0002.jpg,../images/test/data/Just_Images/Caucasian/Woman/m.06v8lr_0003.jpg,0.9001332521438599,1
../images/test/data/Just_Images/Caucasian/Woman/m.026w37k_0002.jpg,../images/test/data/Just_Images/Caucasian/Woman/m.026w37k_0001.jpg,0.9090306758880615,1
../images/test/data/Just_Images/Caucasian/Man/m.0j45j2t_0001.jpg,../images/test/data/Just_Images/Caucasian/Man/m.0j45j2t_0003.jpg,0.9115701913833618,1
../images/test/data/Just_Images/Caucasian/Man/m.03f5kpn_0004.jpg,../images/test/data/Just_Images/Caucasian/Man/m.03f5kpn_0005.jpg,0.8607468008995056,1
../images/test/data/Just_Images/Caucasian/Man/m.0274k36_0001.jpg,../images/test/data/Just_Images/Caucasian/Man/m.0274k36_0003.jpg,0.8965491056442261,1
../images/test/data/Just_Images/Caucasian/Man/m.026f9wk_0001.jpg,../images/test/data/Just_Images/Caucasian/Man/m.026f9wk_0002.jpg,0.9018498659133911,1
../images/test/data/Just_Images/Caucasian/Man/m.0j29vlm_0004.jpg,../images/test/data/Just_Images/Caucasian/Man/m.0j29vlm_0002.jpg,0.7836600542068481,1
../images/test/data/Just_Images/Caucasian/Man/m.07d4vm_0001.jpg,../images/test/data/Just_Images/Caucasian/Man/m.07d4vm_0002.jpg,0.9098484516143799,1
../images/test/data/Just_Images/Caucasian/Man/m.01bk4z_0001.jpg,../images/test/data/Just_Images/Caucasian/Man/m.01bk4z_0002.jpg,0.9537660479545593,1
../images/test/data/Just_Images/Caucasian/Man/m.03fqnx_0004.jpg,../images/test/data/Just_Images/Caucasian/Man/m.03fqnx_0005.jpg,0.8836455941200256,1
../images/test/data/Just_Images/Caucasian/Man/m.03yft79_0003.jpg,../images/test/data/Just_Images/Caucasian/Man/m.03yft79_0001.jpg,0.8611517548561096,1
../images/test/data/Just_Images/Caucasian/Man/m.01g00c_0001.jpg,../images/test/data/Just_Images/Caucasian/Man/m.01g00c_0002.jpg,0.8280045390129089,1
../images/test/data/Just_Images/Caucasian/Woman/m.043p916_0001.jpg,../images/test/data/Just_Images/Caucasian/Woman/m.043p916_0004.jpg,0.952515721321106,1
../images/test/data/Just_Images/Caucasian/Woman/m.0cxxn6_0004.jpg,../images/test/data/Just_Images/Caucasian/Woman/m.0cxxn6_0001.jpg,0.9132400751113892,1
../images/test/data/Just_Images/Caucasian/Man/m.01q6hm1_0001.jpg,../images/test/data/Just_Images/Caucasian/Man/m.01q6hm1_0002.jpg,0.8113369345664978,1
../images/test/data/Just_Images/Caucasian/Man/m.058kqy_0003.jpg,../images/test/data/Just_Images/Caucasian/Man/m.058kqy_0002.jpg,0.9378757476806641,1
../images/test/data/Just_Images/Caucasian/Man/m.095xcq_0004.jpg,../images/test/data/Just_Images/Caucasian/Man/m.095xcq_0001.jpg,0.8983566761016846,1
../images/test/data/Just_Images/Caucasian/Man/m.03d_8h_0001.jpg,../images/test/data/Just_Images/Caucasian/Man/m.03d_8h_0002.jpg,0.8303207755088806,1
../images/test/data/Just_Images/Caucasian/Man/m.02dtcr_0002.jpg,../images/test/data/Just_Images/Caucasian/Man/m.02dtcr_0003.jpg,0.8355649709701538,1
../images/test/data/Just_Images/Caucasian/Man/m.0g5r0xy_0004.jpg,../images/test/data/Just_Images/Caucasian/Man/m.0g5r0xy_0001.jpg,0.8902719616889954,1
../images/test/data/Just_Images/Caucasian/Man/m.06_mt7_0003.jpg,../images/test/data/Just_Images/Caucasian/Man/m.06_mt7_0002.jpg,0.9488873481750488,1
../images/test/data/Just_Images/Caucasian/Woman/m.01pp_b_0002.jpg,../images/test/data/Just_Images/Caucasian/Woman/m.01pp_b_0004.jpg,0.8390225172042847,1
../images/test/data/Just_Images/Caucasian/Man/m.0283gz5_0002.jpg,../images/test/data/Just_Images/Caucasian/Man/m.0283gz5_0003.jpg,0.6896848678588867,1
../images/test/data/Just_Images/Caucasian/Man/m.064n4dm_0002.jpg,../images/test/data/Just_Images/Caucasian/Man/m.064n4dm_0003.jpg,0.8220750093460083,1
../images/test/data/Just_Images/Caucasian/Woman/m.0b30qj_0003.jpg,../images/test/data/Just_Images/Caucasian/Woman/m.0b30qj_0001.jpg,0.9178736209869385,1
../images/test/data/Just_Images/Caucasian/Man/m.03f2lhd_0003.jpg,../images/test/data/Just_Images/Caucasian/Man/m.03f2lhd_0002.jpg,0.8272159099578857,1
../images/test/data/Just_Images/Caucasian/Man/m.07y23k_0002.jpg,../images/test/data/Just_Images/Caucasian/Man/m.07y23k_0004.jpg,0.8226779699325562,1
../images/test/data/Just_Images/Caucasian/Man/m.055ngt_0001.jpg,../images/test/data/Just_Images/Caucasian/Man/m.055ngt_0003.jpg,0.9027150869369507,1
../images/test/data/Just_Images/Caucasian/Man/m.0bl9bk_0003.jpg,../images/test/data/Just_Images/Caucasian/Man/m.0bl9bk_0001.jpg,0.9614598155021667,1
../images/test/data/Just_Images/Caucasian/Man/m.067fxy_0001.jpg,../images/test/data/Just_Images/Caucasian/Man/m.067fxy_0004.jpg,0.9276003241539001,1
../images/test/data/Just_Images/Caucasian/Man/m.028t39_0003.jpg,../images/test/data/Just_Images/Caucasian/Man/m.028t39_0001.jpg,0.9057580232620239,1
../images/test/data/Just_Images/Caucasian/Man/m.02317g_0002.jpg,../images/test/data/Just_Images/Caucasian/Man/m.02317g_0001.jpg,0.7471217513084412,1
../images/test/data/Just_Images/Caucasian/Woman/m.03j14t_0001.jpg,../images/test/data/Just_Images/Caucasian/Woman/m.03j14t_0002.jpg,0.8624017238616943,1
../images/test/data/Just_Images/Caucasian/Man/m.03m9twx_0001.jpg,../images/test/data/Just_Images/Caucasian/Man/m.03m9twx_0002.jpg,0.9107345938682556,1
../images/test/data/Just_Images/Caucasian/Man/m.066063m_0003.jpg,../images/test/data/Just_Images/Caucasian/Man/m.066063m_0001.jpg,0.8157259225845337,1
../images/test/data/Just_Images/Caucasian/Man/m.02mxsf_0004.jpg,../images/test/data/Just_Images/Caucasian/Man/m.02mxsf_0001.jpg,0.9120910167694092,1
../images/test/data/Just_Images/Caucasian/Man/m.076h5__0004.jpg,../images/test/data/Just_Images/Caucasian/Man/m.076h5__0003.jpg,0.8735687136650085,1
../images/test/data/Just_Images/Caucasian/Man/m.04gm4qm_0001.jpg,../images/test/data/Just_Images/Caucasian/Man/m.04gm4qm_0002.jpg,0.8089337348937988,1
../images/test/data/Just_Images/Caucasian/Man/m.0404x4p_0003.jpg,../images/test/data/Just_Images/Caucasian/Man/m.0404x4p_0002.jpg,0.8581439256668091,1
../images/test/data/Just_Images/Caucasian/Man/m.0f5lf8_0001.jpg,../images/test/data/Just_Images/Caucasian/Man/m.0f5lf8_0002.jpg,0.8219902515411377,1
../images/test/data/Just_Images/Caucasian/Woman/m.09mf3s_0002.jpg,../images/test/data/Just_Images/Caucasian/Woman/m.09mf3s_0003.jpg,0.8972604274749756,1
../images/test/data/Just_Images/Caucasian/Man/m.09v9q1w_0002.jpg,../images/test/data/Just_Images/Caucasian/Man/m.09v9q1w_0003.jpg,0.8699921369552612,1
../images/test/data/Just_Images/Caucasian/Man/m.0dd9pp_0002.jpg,../images/test/data/Just_Images/Caucasian/Man/m.0dd9pp_0003.jpg,0.9354703426361084,1
../images/test/data/Just_Images/Caucasian/Man/m.08d9qf_0001.jpg,../images/test/data/Just_Images/Caucasian/Man/m.08d9qf_0004.jpg,0.9084986448287964,1
../images/test/data/Just_Images/Caucasian/Man/m.090_wf_0001.jpg,../images/test/data/Just_Images/Caucasian/Man/m.090_wf_0003.jpg,0.932364821434021,1
../images/test/data/Just_Images/Caucasian/Man/m.084ws_0004.jpg,../images/test/data/Just_Images/Caucasian/Man/m.084ws_0002.jpg,0.9144584536552429,1
../images/test/data/Just_Images/Caucasian/Woman/m.09v5jqn_0002.jpg,../images/test/data/Just_Images/Caucasian/Woman/m.09v5jqn_0005.jpg,0.9294646382331848,1
../images/test/data/Just_Images/Caucasian/Man/m.059t6d_0003.jpg,../images/test/data/Just_Images/Caucasian/Man/m.059t6d_0001.jpg,0.921912431716919,1
../images/test/data/Just_Images/Caucasian/Man/m.076zjt_0001.jpg,../images/test/data/Just_Images/Caucasian/Man/m.076zjt_0003.jpg,0.8897968530654907,1
../images/test/data/Just_Images/Caucasian/Man/m.03w4sh_0001.jpg,../images/test/data/Just_Images/Caucasian/Man/m.03w4sh_0002.jpg,0.975963830947876,1
../images/test/data/Just_Images/Caucasian/Woman/m.088kzb_0003.jpg,../images/test/data/Just_Images/Caucasian/Woman/m.088kzb_0002.jpg,0.892052173614502,1
../images/test/data/Just_Images/Caucasian/Woman/m.02r9kxb_0002.jpg,../images/test/data/Just_Images/Caucasian/Woman/m.02r9kxb_0001.jpg,0.9220989942550659,1
../images/test/data/Just_Images/Caucasian/Woman/m.0dgmz7b_0004.jpg,../images/test/data/Just_Images/Caucasian/Woman/m.0dgmz7b_0002.jpg,0.9364234805107117,1
../images/test/data/Just_Images/Caucasian/Man/m.0pf6v_0001.jpg,../images/test/data/Just_Images/Caucasian/Man/m.0pf6v_0002.jpg,0.9313536882400513,1
../images/test/data/Just_Images/Caucasian/Man/m.068ys2_0003.jpg,../images/test/data/Just_Images/Caucasian/Man/m.068ys2_0002.jpg,0.8937374353408813,1
../images/test/data/Just_Images/Caucasian/Man/m.014dv4_0001.jpg,../images/test/data/Just_Images/Caucasian/Man/m.014dv4_0002.jpg,0.8185951709747314,1
../images/test/data/Just_Images/Caucasian/Woman/m.08jf6z_0001.jpg,../images/test/data/Just_Images/Caucasian/Woman/m.08jf6z_0002.jpg,0.9091114401817322,1
../images/test/data/Just_Images/Caucasian/Man/m.0q58blf_0001.jpg,../images/test/data/Just_Images/Caucasian/Man/m.0q58blf_0002.jpg,0.9088726043701172,1
../images/test/data/Just_Images/Caucasian/Woman/m.0g5jbl6_0001.jpg,../images/test/data/Just_Images/Caucasian/Woman/m.0g5jbl6_0002.jpg,0.8205848336219788,1
../images/test/data/Just_Images/Caucasian/Man/m.01mh7tb_0001.jpg,../images/test/data/Just_Images/Caucasian/Man/m.01mh7tb_0002.jpg,0.7802873849868774,1
../images/test/data/Just_Images/Caucasian/Man/m.048l20_0002.jpg,../images/test/data/Just_Images/Caucasian/Man/m.048l20_0001.jpg,0.9475897550582886,1
../images/test/data/Just_Images/Caucasian/Man/m.02r79x1_0001.jpg,../images/test/data/Just_Images/Caucasian/Man/m.02r79x1_0004.jpg,0.8991777300834656,1
../images/test/data/Just_Images/Caucasian/Man/m.0154s9_0001.jpg,../images/test/data/Just_Images/Caucasian/Man/m.0154s9_0002.jpg,0.8478736877441406,1
../images/test/data/Just_Images/Caucasian/Man/m.0kbfgk8_0004.jpg,../images/test/data/Just_Images/Caucasian/Man/m.0kbfgk8_0005.jpg,0.8954336047172546,1
../images/test/data/Just_Images/Caucasian/Man/m.03mc3p4_0002.jpg,../images/test/data/Just_Images/Caucasian/Man/m.03mc3p4_0003.jpg,0.8801813125610352,1
../images/test/data/Just_Images/Caucasian/Woman/m.0cj96t_0003.jpg,../images/test/data/Just_Images/Caucasian/Woman/m.0cj96t_0002.jpg,0.9233235120773315,1
../images/test/data/Just_Images/Caucasian/Man/m.01fnb2_0001.jpg,../images/test/data/Just_Images/Caucasian/Man/m.01fnb2_0002.jpg,0.8744591474533081,1
../images/test/data/Just_Images/Caucasian/Man/m.05zpzn__0001.jpg,../images/test/data/Just_Images/Caucasian/Man/m.05zpzn__0004.jpg,0.9294184446334839,1
../images/test/data/Just_Images/Caucasian/Man/m.036_rc_0002.jpg,../images/test/data/Just_Images/Caucasian/Man/m.036_rc_0001.jpg,0.9430232644081116,1
../images/test/data/Just_Images/Caucasian/Man/m.0bcvnb_0003.jpg,../images/test/data/Just_Images/Caucasian/Man/m.0bcvnb_0001.jpg,0.9234670996665955,1
../images/test/data/Just_Images/Caucasian/Man/m.0dtcq_0004.jpg,../images/test/data/Just_Images/Caucasian/Man/m.0dtcq_0003.jpg,0.9323699474334717,1
../images/test/data/Just_Images/Caucasian/Man/m.027n4zv_0003.jpg,../images/test/data/Just_Images/Caucasian/Man/m.027n4zv_0002.jpg,0.9326242208480835,1
../images/test/data/Just_Images/Caucasian/Man/m.03f14t3_0002.jpg,../images/test/data/Just_Images/Caucasian/Man/m.03f14t3_0003.jpg,0.8937215805053711,1
../images/test/data/Just_Images/Caucasian/Woman/m.09lpfq_0004.jpg,../images/test/data/Just_Images/Caucasian/Woman/m.09lpfq_0003.jpg,0.8944427371025085,1
../images/test/data/Just_Images/Caucasian/Man/m.06zktqf_0002.jpg,../images/test/data/Just_Images/Caucasian/Man/m.06zktqf_0001.jpg,0.8060306310653687,1
../images/test/data/Just_Images/Caucasian/Man/m.06_wwsd_0003.jpg,../images/test/data/Just_Images/Caucasian/Man/m.06_wwsd_0001.jpg,0.882973313331604,1
../images/test/data/Just_Images/Caucasian/Man/m.0jwzm11_0002.jpg,../images/test/data/Just_Images/Caucasian/Man/m.0jwzm11_0001.jpg,0.929476797580719,1
../images/test/data/Just_Images/Caucasian/Man/m.07xzc1_0002.jpg,../images/test/data/Just_Images/Caucasian/Man/m.07xzc1_0001.jpg,0.808292806148529,1
../images/test/data/Just_Images/Caucasian/Man/m.02wwm9w_0002.jpg,../images/test/data/Just_Images/Caucasian/Man/m.02wwm9w_0001.jpg,0.8896883726119995,1
../images/test/data/Just_Images/Caucasian/Man/m.031jqk_0002.jpg,../images/test/data/Just_Images/Caucasian/Man/m.031jqk_0005.jpg,0.8479175567626953,1
../images/test/data/Just_Images/Caucasian/Man/m.022s9n_0002.jpg,../images/test/data/Just_Images/Caucasian/Man/m.022s9n_0001.jpg,0.8815038800239563,1
../images/test/data/Just_Images/Caucasian/Woman/m.0300_r_0002.jpg,../images/test/data/Just_Images/Caucasian/Woman/m.0300_r_0005.jpg,0.8895957469940186,1
../images/test/data/Just_Images/Caucasian/Man/m.06p_9m_0001.jpg,../images/test/data/Just_Images/Caucasian/Man/m.06p_9m_0002.jpg,0.8756510019302368,1
../images/test/data/Just_Images/Caucasian/Man/m.0d3_94_0001.jpg,../images/test/data/Just_Images/Caucasian/Man/m.0d3_94_0003.jpg,0.7515654563903809,1
../images/test/data/Just_Images/Caucasian/Man/m.07vypw_0001.jpg,../images/test/data/Just_Images/Caucasian/Man/m.07vypw_0004.jpg,0.9208183288574219,1
../images/test/data/Just_Images/Caucasian/Man/m.0r3w8lh_0001.jpg,../images/test/data/Just_Images/Caucasian/Man/m.0r3w8lh_0002.jpg,0.8535315990447998,1
../images/test/data/Just_Images/Caucasian/Woman/m.02w9ctm_0001.jpg,../images/test/data/Just_Images/Caucasian/Woman/m.02w9ctm_0002.jpg,0.9218364357948303,1
../images/test/data/Just_Images/Caucasian/Man/m.02624t_0002.jpg,../images/test/data/Just_Images/Caucasian/Man/m.02624t_0003.jpg,0.9468618631362915,1
../images/test/data/Just_Images/Caucasian/Man/m.07jhh1_0001.jpg,../images/test/data/Just_Images/Caucasian/Man/m.07jhh1_0003.jpg,0.8339935541152954,1
../images/test/data/Just_Images/Caucasian/Man/m.03s5cc_0003.jpg,../images/test/data/Just_Images/Caucasian/Man/m.03s5cc_0001.jpg,0.9114992022514343,1
../images/test/data/Just_Images/Caucasian/Man/m.06tl2c_0006.jpg,../images/test/data/Just_Images/Caucasian/Man/m.06tl2c_0001.jpg,0.8780186772346497,1
../images/test/data/Just_Images/Caucasian/Man/m.0gfp99_0004.jpg,../images/test/data/Just_Images/Caucasian/Man/m.0gfp99_0003.jpg,0.8844412565231323,1
../images/test/data/Just_Images/Caucasian/Man/m.01h2n3_0001.jpg,../images/test/data/Just_Images/Caucasian/Man/m.01h2n3_0003.jpg,0.8925377130508423,1
../images/test/data/Just_Images/Caucasian/Man/m.06jp4q_0006.jpg,../images/test/data/Just_Images/Caucasian/Man/m.06jp4q_0005.jpg,0.7764910459518433,1
../images/test/data/Just_Images/Caucasian/Man/m.05vr5c_0004.jpg,../images/test/data/Just_Images/Caucasian/Man/m.05vr5c_0003.jpg,0.9069641828536987,1
../images/test/data/Just_Images/Caucasian/Woman/m.089hgp_0001.jpg,../images/test/data/Just_Images/Caucasian/Woman/m.089hgp_0002.jpg,0.9295093417167664,1
../images/test/data/Just_Images/Caucasian/Man/m.0732mp_0002.jpg,../images/test/data/Just_Images/Caucasian/Man/m.0732mp_0003.jpg,0.8302109241485596,1
../images/test/data/Just_Images/Caucasian/Woman/m.076_tb_0004.jpg,../images/test/data/Just_Images/Caucasian/Woman/m.076_tb_0002.jpg,0.7718741297721863,1
../images/test/data/Just_Images/Caucasian/Man/m.01ms1ty_0003.jpg,../images/test/data/Just_Images/Caucasian/Man/m.01ms1ty_0002.jpg,0.7353129982948303,1
../images/test/data/Just_Images/Caucasian/Woman/m.02r70k3_0002.jpg,../images/test/data/Just_Images/Caucasian/Woman/m.02r70k3_0003.jpg,0.8039058446884155,1
../images/test/data/Just_Images/Caucasian/Man/m.02ndbd_0002.jpg,../images/test/data/Just_Images/Caucasian/Man/m.02ndbd_0003.jpg,0.900252640247345,1
../images/test/data/Just_Images/Caucasian/Man/m.012s3y_0001.jpg,../images/test/data/Just_Images/Caucasian/Man/m.012s3y_0005.jpg,0.8005353808403015,1
../images/test/data/Just_Images/Caucasian/Man/m.08wpfw_0002.jpg,../images/test/data/Just_Images/Caucasian/Man/m.08wpfw_0001.jpg,0.9533453583717346,1
../images/test/data/Just_Images/Caucasian/Man/m.01v7fg_0001.jpg,../images/test/data/Just_Images/Caucasian/Man/m.01v7fg_0003.jpg,0.8502304553985596,1
../images/test/data/Just_Images/Caucasian/Man/m.0fn_s7_0003.jpg,../images/test/data/Just_Images/Caucasian/Man/m.0fn_s7_0001.jpg,0.8800331950187683,1
../images/test/data/Just_Images/Caucasian/Man/m.08qq05_0003.jpg,../images/test/data/Just_Images/Caucasian/Man/m.08qq05_0001.jpg,0.8720526695251465,1
../images/test/data/Just_Images/Caucasian/Man/m.02zhkm_0001.jpg,../images/test/data/Just_Images/Caucasian/Man/m.02zhkm_0003.jpg,0.8181434273719788,1
../images/test/data/Just_Images/Caucasian/Man/m.03vh2b_0003.jpg,../images/test/data/Just_Images/Caucasian/Man/m.03vh2b_0002.jpg,0.9459534883499146,1
../images/test/data/Just_Images/Caucasian/Woman/m.0fphssd_0001.jpg,../images/test/data/Just_Images/Caucasian/Woman/m.0fphssd_0003.jpg,0.8389027118682861,1
../images/test/data/Just_Images/Caucasian/Woman/m.04pdlf_0001.jpg,../images/test/data/Just_Images/Caucasian/Woman/m.04pdlf_0003.jpg,0.9646710753440857,1
../images/test/data/Just_Images/Caucasian/Woman/m.0h3wypc_0003.jpg,../images/test/data/Just_Images/Caucasian/Woman/m.0h3wypc_0001.jpg,0.8794878125190735,1
../images/test/data/Just_Images/Caucasian/Man/m.044s0d_0001.jpg,../images/test/data/Just_Images/Caucasian/Man/m.044s0d_0003.jpg,0.9302821159362793,1
../images/test/data/Just_Images/Caucasian/Man/m.0g9z94d_0002.jpg,../images/test/data/Just_Images/Caucasian/Man/m.0g9z94d_0003.jpg,0.8646769523620605,1
../images/test/data/Just_Images/Caucasian/Man/m.0cw8np_0003.jpg,../images/test/data/Just_Images/Caucasian/Man/m.0cw8np_0002.jpg,0.9552440643310547,1
../images/test/data/Just_Images/Caucasian/Man/m.01l3vf_0002.jpg,../images/test/data/Just_Images/Caucasian/Man/m.01l3vf_0001.jpg,0.8916023969650269,1
../images/test/data/Just_Images/Caucasian/Woman/m.02z13_l_0002.jpg,../images/test/data/Just_Images/Caucasian/Woman/m.02z13_l_0001.jpg,0.945602536201477,1
../images/test/data/Just_Images/Caucasian/Woman/m.0dv40h_0004.jpg,../images/test/data/Just_Images/Caucasian/Woman/m.0dv40h_0003.jpg,0.9453438520431519,1
../images/test/data/Just_Images/Caucasian/Man/m.056h0j_0001.jpg,../images/test/data/Just_Images/Caucasian/Man/m.056h0j_0003.jpg,0.8984342813491821,1
../images/test/data/Just_Images/Caucasian/Man/m.0b087y_0004.jpg,../images/test/data/Just_Images/Caucasian/Man/m.0b087y_0002.jpg,0.7852076292037964,1
../images/test/data/Just_Images/Caucasian/Woman/m.01jsz8_0002.jpg,../images/test/data/Just_Images/Caucasian/Woman/m.01jsz8_0001.jpg,0.951251745223999,1
../images/test/data/Just_Images/Caucasian/Man/m.0krz__0002.jpg,../images/test/data/Just_Images/Caucasian/Man/m.0krz__0003.jpg,0.9137929677963257,1
../images/test/data/Just_Images/Caucasian/Man/m.02tkxd_0002.jpg,../images/test/data/Just_Images/Caucasian/Man/m.02tkxd_0003.jpg,0.9266154766082764,1
../images/test/data/Just_Images/Caucasian/Man/m.0b6j3m_0001.jpg,../images/test/data/Just_Images/Caucasian/Man/m.0b6j3m_0004.jpg,0.7968040704727173,1
../images/test/data/Just_Images/Caucasian/Man/m.02b88j_0001.jpg,../images/test/data/Just_Images/Caucasian/Man/m.02b88j_0002.jpg,0.7844019532203674,1
../images/test/data/Just_Images/Caucasian/Man/m.09chpl_0005.jpg,../images/test/data/Just_Images/Caucasian/Man/m.09chpl_0001.jpg,0.9042377471923828,1
../images/test/data/Just_Images/Caucasian/Woman/m.060gwl_0004.jpg,../images/test/data/Just_Images/Caucasian/Woman/m.060gwl_0002.jpg,0.957371175289154,1
../images/test/data/Just_Images/Caucasian/Man/m.037t_h_0001.jpg,../images/test/data/Just_Images/Caucasian/Man/m.037t_h_0003.jpg,0.8336907029151917,1
../images/test/data/Just_Images/Caucasian/Woman/m.03xhdv_0004.jpg,../images/test/data/Just_Images/Caucasian/Woman/m.03xhdv_0003.jpg,0.8287779688835144,1
../images/test/data/Just_Images/Caucasian/Man/m.04l5hl_0001.jpg,../images/test/data/Just_Images/Caucasian/Man/m.04l5hl_0002.jpg,0.9272282123565674,1
../images/test/data/Just_Images/Caucasian/Man/m.05zj61_0002.jpg,../images/test/data/Just_Images/Caucasian/Man/m.05zj61_0001.jpg,0.9362115859985352,1
../images/test/data/Just_Images/Caucasian/Woman/m.0clh6c_0001.jpg,../images/test/data/Just_Images/Caucasian/Woman/m.0clh6c_0002.jpg,0.8932757377624512,1
../images/test/data/Just_Images/Caucasian/Man/m.08h9rp_0003.jpg,../images/test/data/Just_Images/Caucasian/Man/m.08h9rp_0002.jpg,0.8243615627288818,1
../images/test/data/Just_Images/Caucasian/Man/m.07zsbv_0002.jpg,../images/test/data/Just_Images/Caucasian/Man/m.07zsbv_0003.jpg,0.9304080605506897,1
../images/test/data/Just_Images/Caucasian/Man/m.08rswk_0001.jpg,../images/test/data/Just_Images/Caucasian/Man/m.08rswk_0004.jpg,0.8998600244522095,1
../images/test/data/Just_Images/Caucasian/Man/m.021kpl_0003.jpg,../images/test/data/Just_Images/Caucasian/Man/m.021kpl_0002.jpg,0.9484648108482361,1
../images/test/data/Just_Images/Caucasian/Man/m.09j7wl_0001.jpg,../images/test/data/Just_Images/Caucasian/Man/m.09j7wl_0004.jpg,0.885036289691925,1
../images/test/data/Just_Images/Caucasian/Man/m.0239qx_0001.jpg,../images/test/data/Just_Images/Caucasian/Man/m.0239qx_0003.jpg,0.9114960432052612,1
../images/test/data/Just_Images/Caucasian/Man/m.03d16t_0002.jpg,../images/test/data/Just_Images/Caucasian/Man/m.03d16t_0003.jpg,0.9187147617340088,1
../images/test/data/Just_Images/Caucasian/Woman/m.0ghybz_0004.jpg,../images/test/data/Just_Images/Caucasian/Woman/m.0ghybz_0003.jpg,0.9351241588592529,1
../images/test/data/Just_Images/Caucasian/Woman/m.0fcctd_0002.jpg,../images/test/data/Just_Images/Caucasian/Woman/m.0fcctd_0004.jpg,0.8394749760627747,1
../images/test/data/Just_Images/Caucasian/Man/m.02qhwqv_0003.jpg,../images/test/data/Just_Images/Caucasian/Man/m.02qhwqv_0001.jpg,0.9033318758010864,1
../images/test/data/Just_Images/Caucasian/Man/m.01lgg3s_0001.jpg,../images/test/data/Just_Images/Caucasian/Man/m.01lgg3s_0002.jpg,0.6730316281318665,1
../images/test/data/Just_Images/Caucasian/Man/m.058frd_0001.jpg,../images/test/data/Just_Images/Caucasian/Man/m.058frd_0003.jpg,0.9544327855110168,1
../images/test/data/Just_Images/Caucasian/Man/m.0ds9lws_0002.jpg,../images/test/data/Just_Images/Caucasian/Man/m.0ds9lws_0001.jpg,0.9520359039306641,1
../images/test/data/Just_Images/Caucasian/Man/m.027sw9f_0002.jpg,../images/test/data/Just_Images/Caucasian/Man/m.027sw9f_0003.jpg,0.9110250473022461,1
../images/test/data/Just_Images/Caucasian/Man/m.027ymx_0004.jpg,../images/test/data/Just_Images/Caucasian/Man/m.027ymx_0002.jpg,0.8291515111923218,1
../images/test/data/Just_Images/Caucasian/Man/m.058jbx_0002.jpg,../images/test/data/Just_Images/Caucasian/Man/m.058jbx_0003.jpg,0.8429690599441528,1
../images/test/data/Just_Images/Caucasian/Woman/m.018fwb_0002.jpg,../images/test/data/Just_Images/Caucasian/Woman/m.018fwb_0001.jpg,0.8358083963394165,1
../images/test/data/Just_Images/Caucasian/Man/m.03_4tl_0002.jpg,../images/test/data/Just_Images/Caucasian/Man/m.03_4tl_0003.jpg,0.9499108195304871,1
../images/test/data/Just_Images/Caucasian/Man/m.019s7b_0002.jpg,../images/test/data/Just_Images/Caucasian/Man/m.019s7b_0001.jpg,0.7940688729286194,1
../images/test/data/Just_Images/Caucasian/Woman/m.06zypt_0003.jpg,../images/test/data/Just_Images/Caucasian/Woman/m.06zypt_0002.jpg,0.939124584197998,1
../images/test/data/Just_Images/Caucasian/Man/m.04lqls_0004.jpg,../images/test/data/Just_Images/Caucasian/Man/m.04lqls_0002.jpg,0.8265721797943115,1
../images/test/data/Just_Images/Caucasian/Woman/m.06frb1_0004.jpg,../images/test/data/Just_Images/Caucasian/Woman/m.06frb1_0002.jpg,0.8654066324234009,1
../images/test/data/Just_Images/Caucasian/Man/m.05nz3b_0001.jpg,../images/test/data/Just_Images/Caucasian/Man/m.05nz3b_0003.jpg,0.8972562551498413,1
../images/test/data/Just_Images/Caucasian/Man/m.0lj6q_0003.jpg,../images/test/data/Just_Images/Caucasian/Man/m.0lj6q_0004.jpg,0.8607694506645203,1
../images/test/data/Just_Images/Caucasian/Man/m.02lyx4_0004.jpg,../images/test/data/Just_Images/Caucasian/Man/m.02lyx4_0003.jpg,0.8876857757568359,1
../images/test/data/Just_Images/Caucasian/Man/m.07fvt6_0002.jpg,../images/test/data/Just_Images/Caucasian/Man/m.07fvt6_0003.jpg,0.9274239540100098,1
../images/test/data/Just_Images/Caucasian/Woman/m.02w9v48_0003.jpg,../images/test/data/Just_Images/Caucasian/Woman/m.02w9v48_0002.jpg,0.8925445079803467,1
../images/test/data/Just_Images/Caucasian/Man/m.0177g_0001.jpg,../images/test/data/Just_Images/Caucasian/Man/m.0177g_0002.jpg,0.8601354956626892,1
../images/test/data/Just_Images/Caucasian/Man/m.02x8z__0002.jpg,../images/test/data/Just_Images/Caucasian/Man/m.02x8z__0003.jpg,0.8717881441116333,1
../images/test/data/Just_Images/Caucasian/Woman/m.05xrf6_0002.jpg,../images/test/data/Just_Images/Caucasian/Woman/m.05xrf6_0003.jpg,0.8367669582366943,1
../images/test/data/Just_Images/Caucasian/Woman/m.03bz3s8_0001.jpg,../images/test/data/Just_Images/Caucasian/Woman/m.03bz3s8_0003.jpg,0.8429497480392456,1
../images/test/data/Just_Images/Caucasian/Woman/m.0l5h2_0003.jpg,../images/test/data/Just_Images/Caucasian/Woman/m.0l5h2_0001.jpg,0.9474227428436279,1
../images/test/data/Just_Images/Caucasian/Woman/m.05c4f94_0003.jpg,../images/test/data/Just_Images/Caucasian/Woman/m.05c4f94_0002.jpg,0.9372533559799194,1
../images/test/data/Just_Images/Caucasian/Woman/m.092fmj_0001.jpg,../images/test/data/Just_Images/Caucasian/Woman/m.092fmj_0004.jpg,0.9193007946014404,1
../images/test/data/Just_Images/Caucasian/Man/m.0642gkc_0004.jpg,../images/test/data/Just_Images/Caucasian/Man/m.0642gkc_0002.jpg,0.8404451608657837,1
../images/test/data/Just_Images/Caucasian/Man/m.06zpl8x_0002.jpg,../images/test/data/Just_Images/Caucasian/Man/m.06zpl8x_0004.jpg,0.8464291095733643,1
../images/test/data/Just_Images/Caucasian/Man/m.0c6vjs_0003.jpg,../images/test/data/Just_Images/Caucasian/Man/m.0c6vjs_0001.jpg,0.8298122882843018,1
../images/test/data/Just_Images/Caucasian/Woman/m.04ybxxh_0002.jpg,../images/test/data/Just_Images/Caucasian/Woman/m.04ybxxh_0001.jpg,0.8316754102706909,1
../images/test/data/Just_Images/Caucasian/Man/m.0641fzk_0003.jpg,../images/test/data/Just_Images/Caucasian/Man/m.0641fzk_0002.jpg,0.950305700302124,1
../images/test/data/Just_Images/Caucasian/Woman/m.0fsb1r6_0002.jpg,../images/test/data/Just_Images/Caucasian/Woman/m.0fsb1r6_0003.jpg,0.8671706914901733,1
../images/test/data/Just_Images/Caucasian/Man/m.02t__3_0003.jpg,../images/test/data/Just_Images/Caucasian/Man/m.02t__3_0002.jpg,0.9425785541534424,1
../images/test/data/Just_Images/Caucasian/Man/m.01k98nm_0002.jpg,../images/test/data/Just_Images/Caucasian/Man/m.01k98nm_0003.jpg,0.7528892755508423,1
../images/test/data/Just_Images/Caucasian/Man/m.01h_3z_0002.jpg,../images/test/data/Just_Images/Caucasian/Man/m.01h_3z_0005.jpg,0.9264582395553589,1
../images/test/data/Just_Images/Caucasian/Man/m.095805_0001.jpg,../images/test/data/Just_Images/Caucasian/Man/m.095805_0002.jpg,0.9062954783439636,1
../images/test/data/Just_Images/Caucasian/Woman/m.046k2j_0002.jpg,../images/test/data/Just_Images/Caucasian/Woman/m.046k2j_0001.jpg,0.9090025424957275,1
../images/test/data/Just_Images/Caucasian/Man/m.09rc___0002.jpg,../images/test/data/Just_Images/Caucasian/Man/m.09rc___0003.jpg,0.9097334742546082,1
../images/test/data/Just_Images/Caucasian/Woman/m.0g8k46_0002.jpg,../images/test/data/Just_Images/Caucasian/Woman/m.0g8k46_0001.jpg,0.8193510174751282,1
../images/test/data/Just_Images/Caucasian/Woman/m.0drwqtn_0002.jpg,../images/test/data/Just_Images/Caucasian/Woman/m.0drwqtn_0001.jpg,0.7690393924713135,1
../images/test/data/Just_Images/Caucasian/Woman/m.0ddy2l_0004.jpg,../images/test/data/Just_Images/Caucasian/Woman/m.0ddy2l_0003.jpg,0.8756223917007446,1
../images/test/data/Just_Images/Caucasian/Man/m.055pfp_0005.jpg,../images/test/data/Just_Images/Caucasian/Man/m.055pfp_0004.jpg,0.9113613367080688,1
../images/test/data/Just_Images/Caucasian/Woman/m.027ff1c_0001.jpg,../images/test/data/Just_Images/Caucasian/Woman/m.027ff1c_0003.jpg,0.9721505641937256,1
../images/test/data/Just_Images/Caucasian/Man/m.02h2my_0003.jpg,../images/test/data/Just_Images/Caucasian/Man/m.02h2my_0002.jpg,0.9419392943382263,1
../images/test/data/Just_Images/Caucasian/Man/m.03c12w__0001.jpg,../images/test/data/Just_Images/Caucasian/Man/m.03c12w__0003.jpg,0.8993232250213623,1
../images/test/data/Just_Images/Caucasian/Man/m.01rmlmn_0002.jpg,../images/test/data/Just_Images/Caucasian/Man/m.01rmlmn_0001.jpg,0.892797589302063,1
../images/test/data/Just_Images/Caucasian/Woman/m.0n49yh5_0003.jpg,../images/test/data/Just_Images/Caucasian/Woman/m.0n49yh5_0001.jpg,0.8880350589752197,1
../images/test/data/Just_Images/Caucasian/Man/m.04n4b2d_0001.jpg,../images/test/data/Just_Images/Caucasian/Man/m.04n4b2d_0002.jpg,0.8723044395446777,1
../images/test/data/Just_Images/Caucasian/Man/m.03qkbj6_0002.jpg,../images/test/data/Just_Images/Caucasian/Man/m.03qkbj6_0001.jpg,0.877113938331604,1
../images/test/data/Just_Images/Caucasian/Man/m.0j43r59_0001.jpg,../images/test/data/Just_Images/Caucasian/Man/m.0j43r59_0003.jpg,0.9471149444580078,1
../images/test/data/Just_Images/Caucasian/Man/m.05r9x4_0002.jpg,../images/test/data/Just_Images/Caucasian/Man/m.05r9x4_0001.jpg,0.8268369436264038,1
../images/test/data/Just_Images/Caucasian/Woman/m.0fq84j_0001.jpg,../images/test/data/Just_Images/Caucasian/Woman/m.0fq84j_0003.jpg,0.8871553540229797,1
../images/test/data/Just_Images/Caucasian/Man/m.023cf9_0001.jpg,../images/test/data/Just_Images/Caucasian/Man/m.023cf9_0002.jpg,0.9073019623756409,1
../images/test/data/Just_Images/Caucasian/Man/m.05z_hdm_0001.jpg,../images/test/data/Just_Images/Caucasian/Man/m.05z_hdm_0002.jpg,0.907707691192627,1
../images/test/data/Just_Images/Caucasian/Man/m.04162zr_0003.jpg,../images/test/data/Just_Images/Caucasian/Man/m.04162zr_0001.jpg,0.8279739618301392,1
../images/test/data/Just_Images/Caucasian/Man/m.03fcgz_0001.jpg,../images/test/data/Just_Images/Caucasian/Man/m.03fcgz_0003.jpg,0.9055770635604858,1
../images/test/data/Just_Images/Caucasian/Man/m.02m0x0_0003.jpg,../images/test/data/Just_Images/Caucasian/Man/m.02m0x0_0002.jpg,0.8737176656723022,1
../images/test/data/Just_Images/Caucasian/Man/m.0b4y2g_0001.jpg,../images/test/data/Just_Images/Caucasian/Man/m.0b4y2g_0003.jpg,0.908467710018158,1
../images/test/data/Just_Images/Caucasian/Man/m.064ksl__0003.jpg,../images/test/data/Just_Images/Caucasian/Man/m.064ksl__0002.jpg,0.8096694350242615,1
../images/test/data/Just_Images/Caucasian/Woman/m.0fpvzv_0003.jpg,../images/test/data/Just_Images/Caucasian/Woman/m.0fpvzv_0002.jpg,0.87574303150177,1
../images/test/data/Just_Images/Caucasian/Man/m.01ny3c_0001.jpg,../images/test/data/Just_Images/Caucasian/Man/m.01ny3c_0004.jpg,0.9251352548599243,1
../images/test/data/Just_Images/Caucasian/Man/m.08c0_0_0002.jpg,../images/test/data/Just_Images/Caucasian/Man/m.08c0_0_0004.jpg,0.8887928128242493,1
../images/test/data/Just_Images/Caucasian/Man/m.0fclbq_0002.jpg,../images/test/data/Just_Images/Caucasian/Man/m.0fclbq_0001.jpg,0.8352492451667786,1
../images/test/data/Just_Images/Caucasian/Man/m.0cg2l6_0003.jpg,../images/test/data/Just_Images/Caucasian/Man/m.0cg2l6_0004.jpg,0.9500839710235596,1
../images/test/data/Just_Images/Caucasian/Man/m.03thw4_0002.jpg,../images/test/data/Just_Images/Caucasian/Man/m.03thw4_0001.jpg,0.9065954685211182,1
../images/test/data/Just_Images/Caucasian/Woman/m.03d9sf_0001.jpg,../images/test/data/Just_Images/Caucasian/Woman/m.03d9sf_0003.jpg,0.9683623313903809,1
../images/test/data/Just_Images/Caucasian/Man/m.0ch929y_0001.jpg,../images/test/data/Just_Images/Caucasian/Man/m.0ch929y_0002.jpg,0.8281846046447754,1
../images/test/data/Just_Images/Caucasian/Man/m.02dqfv_0003.jpg,../images/test/data/Just_Images/Caucasian/Man/m.02dqfv_0002.jpg,0.6850754022598267,1
../images/test/data/Just_Images/Caucasian/Man/m.01w7x3p_0001.jpg,../images/test/data/Just_Images/Caucasian/Man/m.01w7x3p_0003.jpg,0.9191846251487732,1
../images/test/data/Just_Images/Caucasian/Man/m.025_jlx_0001.jpg,../images/test/data/Just_Images/Caucasian/Man/m.025_jlx_0002.jpg,0.8055371046066284,1
../images/test/data/Just_Images/Caucasian/Man/m.043qy01_0001.jpg,../images/test/data/Just_Images/Caucasian/Man/m.043qy01_0003.jpg,0.9593918323516846,1
../images/test/data/Just_Images/Caucasian/Man/m.071n_9_0003.jpg,../images/test/data/Just_Images/Caucasian/Man/m.071n_9_0002.jpg,0.9002357125282288,1
../images/test/data/Just_Images/Caucasian/Man/m.01vm3rs_0004.jpg,../images/test/data/Just_Images/Caucasian/Man/m.01vm3rs_0003.jpg,0.8351632356643677,1
../images/test/data/Just_Images/Caucasian/Man/m.03nttym_0003.jpg,../images/test/data/Just_Images/Caucasian/Man/m.03nttym_0001.jpg,0.9149366617202759,1
../images/test/data/Just_Images/Caucasian/Woman/m.0k0qwd8_0002.jpg,../images/test/data/Just_Images/Caucasian/Woman/m.0k0qwd8_0004.jpg,0.8941518068313599,1
../images/test/data/Just_Images/Caucasian/Man/m.05l369_0002.jpg,../images/test/data/Just_Images/Caucasian/Man/m.05l369_0003.jpg,0.8578569889068604,1
../images/test/data/Just_Images/Caucasian/Man/m.015myc_0004.jpg,../images/test/data/Just_Images/Caucasian/Man/m.015myc_0001.jpg,0.8820621967315674,1
../images/test/data/Just_Images/Caucasian/Woman/m.01z_g6_0003.jpg,../images/test/data/Just_Images/Caucasian/Woman/m.01z_g6_0002.jpg,0.9030816555023193,1
../images/test/data/Just_Images/Caucasian/Man/m.09sxc1_0002.jpg,../images/test/data/Just_Images/Caucasian/Man/m.09sxc1_0003.jpg,0.7371394038200378,1
../images/test/data/Just_Images/Caucasian/Man/m.069ml2_0001.jpg,../images/test/data/Just_Images/Caucasian/Man/m.069ml2_0002.jpg,0.8573838472366333,1
../images/test/data/Just_Images/Caucasian/Man/m.080c20_0002.jpg,../images/test/data/Just_Images/Caucasian/Man/m.080c20_0003.jpg,0.9728971719741821,1
../images/test/data/Just_Images/Caucasian/Man/m.0bbw9s9_0001.jpg,../images/test/data/Just_Images/Caucasian/Man/m.0bbw9s9_0003.jpg,0.8671784400939941,1
../images/test/data/Just_Images/Caucasian/Man/m.027jq2_0003.jpg,../images/test/data/Just_Images/Caucasian/Man/m.027jq2_0001.jpg,0.8940741419792175,1
../images/test/data/Just_Images/Caucasian/Man/m.02cms2_0003.jpg,../images/test/data/Just_Images/Caucasian/Man/m.02cms2_0002.jpg,0.808692216873169,1
../images/test/data/Just_Images/Caucasian/Man/m.02p_9kj_0001.jpg,../images/test/data/Just_Images/Caucasian/Man/m.02p_9kj_0003.jpg,0.8267059922218323,1
../images/test/data/Just_Images/Caucasian/Man/m.0n_h8_0001.jpg,../images/test/data/Just_Images/Caucasian/Man/m.0n_h8_0002.jpg,0.8972316384315491,1
../images/test/data/Just_Images/Caucasian/Woman/m.04n3skk_0003.jpg,../images/test/data/Just_Images/Caucasian/Woman/m.04n3skk_0004.jpg,0.8169099688529968,1
../images/test/data/Just_Images/Caucasian/Man/m.0bt_8_0003.jpg,../images/test/data/Just_Images/Caucasian/Man/m.0bt_8_0001.jpg,0.9404446482658386,1
../images/test/data/Just_Images/Caucasian/Man/m.02qwg_9_0002.jpg,../images/test/data/Just_Images/Caucasian/Man/m.02qwg_9_0003.jpg,0.8975344896316528,1
../images/test/data/Just_Images/Caucasian/Man/m.06dm8s_0001.jpg,../images/test/data/Just_Images/Caucasian/Man/m.06dm8s_0002.jpg,0.8515484929084778,1
../images/test/data/Just_Images/Caucasian/Woman/m.031rth_0002.jpg,../images/test/data/Just_Images/Caucasian/Woman/m.031rth_0001.jpg,0.8729153275489807,1
../images/test/data/Just_Images/Caucasian/Man/m.0287_4p_0002.jpg,../images/test/data/Just_Images/Caucasian/Man/m.0qb5h83_0001.jpg,0.9415035247802734,0
../images/test/data/Just_Images/Caucasian/Man/m.0d0mf2_0002.jpg,../images/test/data/Just_Images/Caucasian/Man/m.03tg3x_0004.jpg,0.87656569480896,0
../images/test/data/Just_Images/Caucasian/Woman/m.06mmb_0001.jpg,../images/test/data/Just_Images/Caucasian/Woman/m.04w9ky_0004.jpg,0.884406328201294,0
../images/test/data/Just_Images/Caucasian/Man/m.03004v_0004.jpg,../images/test/data/Just_Images/Caucasian/Man/m.05y4f__0002.jpg,0.9205238819122314,0
../images/test/data/Just_Images/Caucasian/Man/m.01gpm2_0002.jpg,../images/test/data/Just_Images/Caucasian/Man/m.03qcd6h_0006.jpg,0.7395555973052979,0
../images/test/data/Just_Images/Caucasian/Man/m.03hj_vm_0004.jpg,../images/test/data/Just_Images/Caucasian/Man/m.09d8lv_0005.jpg,0.8823961019515991,0
../images/test/data/Just_Images/Caucasian/Woman/m.075ms__0003.jpg,../images/test/data/Just_Images/Caucasian/Man/m.0fvcl4_0001.jpg,0.8946812152862549,0
../images/test/data/Just_Images/Caucasian/Man/m.09y58j_0002.jpg,../images/test/data/Just_Images/Caucasian/Man/m.06zq52_0003.jpg,0.7840137481689453,0
../images/test/data/Just_Images/Caucasian/Woman/m.0cjyjg_0002.jpg,../images/test/data/Just_Images/Caucasian/Man/m.04mx___0001.jpg,0.9088384509086609,0
../images/test/data/Just_Images/Caucasian/Man/m.0f307d_0001.jpg,../images/test/data/Just_Images/Caucasian/Man/m.07vypw_0002.jpg,0.8294185400009155,0
../images/test/data/Just_Images/Caucasian/Man/m.0csgdr_0003.jpg,../images/test/data/Just_Images/Caucasian/Man/m.0dmxm__0003.jpg,0.7589506506919861,0
../images/test/data/Just_Images/Caucasian/Man/m.0j29vlm_0001.jpg,../images/test/data/Just_Images/Caucasian/Man/m.0gmfwp8_0001.jpg,0.8939407467842102,0
../images/test/data/Just_Images/Caucasian/Man/m.0469sp_0001.jpg,../images/test/data/Just_Images/Caucasian/Man/m.05zkd3_0001.jpg,0.8466275334358215,0
../images/test/data/Just_Images/Caucasian/Woman/m.07vw7z_0003.jpg,../images/test/data/Just_Images/Caucasian/Woman/m.0n8z150_0001.jpg,0.9198694229125977,0
../images/test/data/Just_Images/Caucasian/Man/m.0883zh_0001.jpg,../images/test/data/Just_Images/Caucasian/Man/m.052_qn_0003.jpg,0.8411887884140015,0
../images/test/data/Just_Images/Caucasian/Man/m.0bgk78g_0002.jpg,../images/test/data/Just_Images/Caucasian/Man/m.01387g_0002.jpg,0.7411025166511536,0
../images/test/data/Just_Images/Caucasian/Man/m.03byycz_0001.jpg,../images/test/data/Just_Images/Caucasian/Man/m.0c_zxg_0004.jpg,0.9074415564537048,0
../images/test/data/Just_Images/Caucasian/Man/m.04l13q_0003.jpg,../images/test/data/Just_Images/Caucasian/Woman/m.08mrr0_0001.jpg,0.9457989931106567,0
../images/test/data/Just_Images/Caucasian/Man/m.05c07wb_0003.jpg,../images/test/data/Just_Images/Caucasian/Woman/m.0gchs9h_0002.jpg,0.9044058322906494,0
../images/test/data/Just_Images/Caucasian/Man/m.01r7yg_0002.jpg,../images/test/data/Just_Images/Caucasian/Man/m.046x73_0002.jpg,0.8897544145584106,0
../images/test/data/Just_Images/Caucasian/Man/m.01s4f1_0003.jpg,../images/test/data/Just_Images/Caucasian/Man/m.09zzhh_0001.jpg,0.8130034804344177,0
../images/test/data/Just_Images/Caucasian/Man/m.02q288g_0003.jpg,../images/test/data/Just_Images/Caucasian/Man/m.065_bw6_0003.jpg,0.8312511444091797,0
../images/test/data/Just_Images/Caucasian/Man/m.06d4rj_0001.jpg,../images/test/data/Just_Images/Caucasian/Woman/m.03bz0xh_0003.jpg,0.8643337488174438,0
../images/test/data/Just_Images/Caucasian/Man/m.02qg_hr_0003.jpg,../images/test/data/Just_Images/Caucasian/Woman/m.05mgqb_0002.jpg,0.874829888343811,0
../images/test/data/Just_Images/Caucasian/Man/m.06w5yn_0001.jpg,../images/test/data/Just_Images/Caucasian/Man/m.02w20rn_0001.jpg,0.9518312811851501,0
../images/test/data/Just_Images/Caucasian/Man/m.0k3p4c2_0004.jpg,../images/test/data/Just_Images/Caucasian/Man/m.0n4bn92_0003.jpg,0.8290650844573975,0
../images/test/data/Just_Images/Caucasian/Man/m.03hb45_0003.jpg,../images/test/data/Just_Images/Caucasian/Man/m.04526z_0001.jpg,0.7990020513534546,0
../images/test/data/Just_Images/Caucasian/Woman/m.035lj4_0001.jpg,../images/test/data/Just_Images/Caucasian/Woman/m.014nfw_0005.jpg,0.9352390766143799,0
../images/test/data/Just_Images/Caucasian/Man/m.03gryny_0004.jpg,../images/test/data/Just_Images/Caucasian/Man/m.017bcv_0002.jpg,0.86316978931427,0
../images/test/data/Just_Images/Caucasian/Man/m.0b775g9_0002.jpg,../images/test/data/Just_Images/Caucasian/Man/m.0djvkmb_0003.jpg,0.8868945837020874,0
../images/test/data/Just_Images/Caucasian/Man/m.0gvvrm_0002.jpg,../images/test/data/Just_Images/Caucasian/Woman/m.0bk1gm_0001.jpg,0.9337931275367737,0
../images/test/data/Just_Images/Caucasian/Man/m.06tvw7_0004.jpg,../images/test/data/Just_Images/Caucasian/Man/m.01t91vg_0005.jpg,0.8700354695320129,0
../images/test/data/Just_Images/Caucasian/Man/m.06t59s_0002.jpg,../images/test/data/Just_Images/Caucasian/Man/m.026wmgd_0003.jpg,0.7484792470932007,0
../images/test/data/Just_Images/Caucasian/Man/m.05p82y5_0001.jpg,../images/test/data/Just_Images/Caucasian/Man/m.0bbtgy9_0003.jpg,0.8036775588989258,0
../images/test/data/Just_Images/Caucasian/Man/m.01y7m1_0001.jpg,../images/test/data/Just_Images/Caucasian/Man/m.03yh86_0001.jpg,0.9358487725257874,0
../images/test/data/Just_Images/Caucasian/Man/m.0nfvbjw_0002.jpg,../images/test/data/Just_Images/Caucasian/Man/m.027ymx_0002.jpg,0.9324741959571838,0
../images/test/data/Just_Images/Caucasian/Man/m.0g1js6_0002.jpg,../images/test/data/Just_Images/Caucasian/Man/m.01wmdh_0002.jpg,0.911905825138092,0
../images/test/data/Just_Images/Caucasian/Man/m.03tn2x_0001.jpg,../images/test/data/Just_Images/Caucasian/Man/m.0gprt0_0001.jpg,0.9173790216445923,0
../images/test/data/Just_Images/Caucasian/Woman/m.09mf3s_0001.jpg,../images/test/data/Just_Images/Caucasian/Man/m.03_4tl_0001.jpg,0.9141840934753418,0
../images/test/data/Just_Images/Caucasian/Man/m.01pn28c_0001.jpg,../images/test/data/Just_Images/Caucasian/Man/m.02nbxw_0001.jpg,0.789941668510437,0
../images/test/data/Just_Images/Caucasian/Man/m.02pk2cm_0002.jpg,../images/test/data/Just_Images/Caucasian/Man/m.04jx1g_0004.jpg,0.8060724139213562,0
../images/test/data/Just_Images/Caucasian/Man/m.01r8wg_0001.jpg,../images/test/data/Just_Images/Caucasian/Woman/m.082vy3_0004.jpg,0.8962235450744629,0
../images/test/data/Just_Images/Caucasian/Man/m.05yqrl_0003.jpg,../images/test/data/Just_Images/Caucasian/Man/m.07h1f1_0004.jpg,0.8244256973266602,0
../images/test/data/Just_Images/Caucasian/Man/m.0cj2qb_0001.jpg,../images/test/data/Just_Images/Caucasian/Man/m.0bwlqxy_0002.jpg,0.8419950008392334,0
../images/test/data/Just_Images/Caucasian/Man/m.05nfmz_0004.jpg,../images/test/data/Just_Images/Caucasian/Man/m.01n2_7_0001.jpg,0.8105565905570984,0
../images/test/data/Just_Images/Caucasian/Man/m.07y50t_0003.jpg,../images/test/data/Just_Images/Caucasian/Man/m.019s7b_0001.jpg,0.7804940938949585,0
../images/test/data/Just_Images/Caucasian/Man/m.0jwzm11_0002.jpg,../images/test/data/Just_Images/Caucasian/Woman/m.0bgwxt_0004.jpg,0.9344927072525024,0
../images/test/data/Just_Images/Caucasian/Woman/m.0chlpf_0004.jpg,../images/test/data/Just_Images/Caucasian/Woman/m.03bz0xh_0002.jpg,0.9024658203125,0
../images/test/data/Just_Images/Caucasian/Man/m.05446h_0003.jpg,../images/test/data/Just_Images/Caucasian/Man/m.02qywzd_0002.jpg,0.8602697849273682,0
../images/test/data/Just_Images/Caucasian/Man/m.02nqdy_0003.jpg,../images/test/data/Just_Images/Caucasian/Man/m.01nq1bn_0002.jpg,0.8052763938903809,0
../images/test/data/Just_Images/Caucasian/Woman/m.01w5wf7_0002.jpg,../images/test/data/Just_Images/Caucasian/Man/m.0kbfgk8_0003.jpg,0.8227455615997314,0
../images/test/data/Just_Images/Caucasian/Man/m.0b47ns_0003.jpg,../images/test/data/Just_Images/Caucasian/Man/m.034v5x_0003.jpg,0.8921388387680054,0
../images/test/data/Just_Images/Caucasian/Man/m.0k5gl5_0001.jpg,../images/test/data/Just_Images/Caucasian/Woman/m.0856f6_0001.jpg,0.8222327828407288,0
../images/test/data/Just_Images/Caucasian/Woman/m.027vhm0_0001.jpg,../images/test/data/Just_Images/Caucasian/Woman/m.0gbmd2h_0002.jpg,0.8391097187995911,0
../images/test/data/Just_Images/Caucasian/Man/m.0gvsj1b_0004.jpg,../images/test/data/Just_Images/Caucasian/Man/m.028bnll_0005.jpg,0.7842298150062561,0
../images/test/data/Just_Images/Caucasian/Man/m.01l03w2_0001.jpg,../images/test/data/Just_Images/Caucasian/Man/m.02flt3_0003.jpg,0.8848776817321777,0
../images/test/data/Just_Images/Caucasian/Woman/m.04zzzw0_0003.jpg,../images/test/data/Just_Images/Caucasian/Woman/m.06f8p0_0005.jpg,0.863252580165863,0
../images/test/data/Just_Images/Caucasian/Man/m.01rptr_0003.jpg,../images/test/data/Just_Images/Caucasian/Man/m.07drk5_0002.jpg,0.7772291898727417,0
../images/test/data/Just_Images/Caucasian/Man/m.060x66_0003.jpg,../images/test/data/Just_Images/Caucasian/Man/m.09xg8_0002.jpg,0.850588321685791,0
../images/test/data/Just_Images/Caucasian/Man/m.04cdb__0003.jpg,../images/test/data/Just_Images/Caucasian/Woman/m.02qxh28_0004.jpg,0.8673168420791626,0
../images/test/data/Just_Images/Caucasian/Woman/m.0bmbpsc_0001.jpg,../images/test/data/Just_Images/Caucasian/Man/m.039rwf_0003.jpg,0.9220559597015381,0
../images/test/data/Just_Images/Caucasian/Man/m.09pj82_0001.jpg,../images/test/data/Just_Images/Caucasian/Woman/m.0884pg_0002.jpg,0.8054233193397522,0
../images/test/data/Just_Images/Caucasian/Man/m.06z9m2_0002.jpg,../images/test/data/Just_Images/Caucasian/Man/m.04xb3k_0004.jpg,0.9318317770957947,0
../images/test/data/Just_Images/Caucasian/Woman/m.02r4w2g_0001.jpg,../images/test/data/Just_Images/Caucasian/Man/m.02qywzd_0002.jpg,0.8841204643249512,0
../images/test/data/Just_Images/Caucasian/Woman/m.070_kf_0002.jpg,../images/test/data/Just_Images/Caucasian/Woman/m.0278nmt_0002.jpg,0.9269774556159973,0
../images/test/data/Just_Images/Caucasian/Man/m.055ngt_0002.jpg,../images/test/data/Just_Images/Caucasian/Man/m.05wfmg_0003.jpg,0.900538444519043,0
../images/test/data/Just_Images/Caucasian/Man/m.04m2zj_0003.jpg,../images/test/data/Just_Images/Caucasian/Man/m.047mvxn_0002.jpg,0.9121130704879761,0
../images/test/data/Just_Images/Caucasian/Woman/m.04mn7m_0003.jpg,../images/test/data/Just_Images/Caucasian/Man/m.07129q_0002.jpg,0.9172587990760803,0
../images/test/data/Just_Images/Caucasian/Man/m.0bbw9s9_0003.jpg,../images/test/data/Just_Images/Caucasian/Man/m.05m73f_0003.jpg,0.8543157577514648,0
../images/test/data/Just_Images/Caucasian/Man/m.04ff85_0003.jpg,../images/test/data/Just_Images/Caucasian/Man/m.01nt7bh_0001.jpg,0.817943811416626,0
../images/test/data/Just_Images/Caucasian/Man/m.0cqh0q_0004.jpg,../images/test/data/Just_Images/Caucasian/Man/m.0gfc_5__0004.jpg,0.8772622346878052,0
../images/test/data/Just_Images/Caucasian/Woman/m.0cb3hq_0001.jpg,../images/test/data/Just_Images/Caucasian/Man/m.06w2rl_0002.jpg,0.9258257150650024,0
../images/test/data/Just_Images/Caucasian/Man/m.0f9861_0003.jpg,../images/test/data/Just_Images/Caucasian/Man/m.0h97pfs_0004.jpg,0.8966242074966431,0
../images/test/data/Just_Images/Caucasian/Man/m.07pt8c_0003.jpg,../images/test/data/Just_Images/Caucasian/Man/m.036lz0_0001.jpg,0.8589788675308228,0
../images/test/data/Just_Images/Caucasian/Woman/m.0fvw5gg_0001.jpg,../images/test/data/Just_Images/Caucasian/Man/m.027qqd2_0003.jpg,0.8072395324707031,0
../images/test/data/Just_Images/Caucasian/Man/m.018wgp_0003.jpg,../images/test/data/Just_Images/Caucasian/Man/m.027d4p_0003.jpg,0.9347743391990662,0
../images/test/data/Just_Images/Caucasian/Man/m.0b1f8v_0002.jpg,../images/test/data/Just_Images/Caucasian/Man/m.02pstft_0005.jpg,0.8741403222084045,0
../images/test/data/Just_Images/Caucasian/Man/m.02fx3c_0001.jpg,../images/test/data/Just_Images/Caucasian/Man/m.03ms85_0002.jpg,0.906037449836731,0
../images/test/data/Just_Images/Caucasian/Woman/m.02l9t8_0001.jpg,../images/test/data/Just_Images/Caucasian/Man/m.047by6p_0005.jpg,0.8604741096496582,0
../images/test/data/Just_Images/Caucasian/Man/m.09ryb3_0001.jpg,../images/test/data/Just_Images/Caucasian/Man/m.01t6yw_0004.jpg,0.8548786044120789,0
../images/test/data/Just_Images/Caucasian/Man/m.01l4syf_0001.jpg,../images/test/data/Just_Images/Caucasian/Man/m.03hj_2f_0001.jpg,0.8243793249130249,0
../images/test/data/Just_Images/Caucasian/Woman/m.03qcfw8_0003.jpg,../images/test/data/Just_Images/Caucasian/Woman/m.0gbmd2h_0002.jpg,0.8955235481262207,0
../images/test/data/Just_Images/Caucasian/Man/m.04bt9q_0004.jpg,../images/test/data/Just_Images/Caucasian/Man/m.06lng_0004.jpg,0.8980792760848999,0
../images/test/data/Just_Images/Caucasian/Man/m.0hl3d_0002.jpg,../images/test/data/Just_Images/Caucasian/Man/m.0bm3tc_0002.jpg,0.7375781536102295,0
../images/test/data/Just_Images/Caucasian/Man/m.0c2d0__0002.jpg,../images/test/data/Just_Images/Caucasian/Woman/m.089vl5_0001.jpg,0.8645296096801758,0
../images/test/data/Just_Images/Caucasian/Man/m.06qv4y_0002.jpg,../images/test/data/Just_Images/Caucasian/Man/m.01ny3c_0001.jpg,0.8837758302688599,0
../images/test/data/Just_Images/Caucasian/Man/m.0416x13_0003.jpg,../images/test/data/Just_Images/Caucasian/Man/m.07k8vcv_0003.jpg,0.7998773455619812,0
../images/test/data/Just_Images/Caucasian/Man/m.0g4xv9_0002.jpg,../images/test/data/Just_Images/Caucasian/Woman/m.02pn4z4_0003.jpg,0.914778470993042,0
../images/test/data/Just_Images/Caucasian/Woman/m.03czp1v_0003.jpg,../images/test/data/Just_Images/Caucasian/Man/m.09y69s_0002.jpg,0.77683025598526,0
../images/test/data/Just_Images/Caucasian/Woman/m.0bct0h_0002.jpg,../images/test/data/Just_Images/Caucasian/Man/m.04jdsqt_0004.jpg,0.7111561298370361,0
../images/test/data/Just_Images/Caucasian/Man/m.023v6k_0001.jpg,../images/test/data/Just_Images/Caucasian/Man/m.02mhdv_0001.jpg,0.893726646900177,0
../images/test/data/Just_Images/Caucasian/Woman/m.05ry0p_0004.jpg,../images/test/data/Just_Images/Caucasian/Man/m.09csnn_0005.jpg,0.9303735494613647,0
../images/test/data/Just_Images/Caucasian/Woman/m.027399m_0001.jpg,../images/test/data/Just_Images/Caucasian/Woman/m.0l5h2_0002.jpg,0.9329640865325928,0
../images/test/data/Just_Images/Caucasian/Man/m.02s__b_0001.jpg,../images/test/data/Just_Images/Caucasian/Man/m.03d69__0003.jpg,0.9078530073165894,0
../images/test/data/Just_Images/Caucasian/Woman/m.07xn8s_0001.jpg,../images/test/data/Just_Images/Caucasian/Woman/m.043n3r3_0004.jpg,0.8335314393043518,0
../images/test/data/Just_Images/Caucasian/Man/m.0403y4q_0003.jpg,../images/test/data/Just_Images/Caucasian/Man/m.01q6hm1_0002.jpg,0.9224525690078735,0
../images/test/data/Just_Images/Caucasian/Man/m.07_k3f_0003.jpg,../images/test/data/Just_Images/Caucasian/Man/m.0dgp20w_0004.jpg,0.7710540294647217,0
../images/test/data/Just_Images/Caucasian/Man/m.02rm8qb_0004.jpg,../images/test/data/Just_Images/Caucasian/Woman/m.0f_j41_0002.jpg,0.8084757328033447,0
../images/test/data/Just_Images/Caucasian/Woman/m.0dwhy_0004.jpg,../images/test/data/Just_Images/Caucasian/Man/m.0bs1f1l_0005.jpg,0.8979636430740356,0
../images/test/data/Just_Images/Caucasian/Man/m.09l2xs_0002.jpg,../images/test/data/Just_Images/Caucasian/Man/m.03ckdyn_0002.jpg,0.7542210817337036,0
../images/test/data/Just_Images/Caucasian/Man/m.03ds6q_0001.jpg,../images/test/data/Just_Images/Caucasian/Man/m.0h2ftf_0001.jpg,0.8943225145339966,0
../images/test/data/Just_Images/Caucasian/Woman/m.0g4rhg_0001.jpg,../images/test/data/Just_Images/Caucasian/Man/m.03c12w__0002.jpg,0.8414226770401001,0
../images/test/data/Just_Images/Caucasian/Woman/m.027__w1_0002.jpg,../images/test/data/Just_Images/Caucasian/Woman/m.07xhz6_0005.jpg,0.8371627330780029,0
../images/test/data/Just_Images/Caucasian/Man/m.02_4qt_0003.jpg,../images/test/data/Just_Images/Caucasian/Man/m.060x66_0002.jpg,0.854894757270813,0
../images/test/data/Just_Images/Caucasian/Woman/m.03f7pd9_0001.jpg,../images/test/data/Just_Images/Caucasian/Woman/m.0465pkb_0002.jpg,0.8799291849136353,0
../images/test/data/Just_Images/Caucasian/Man/m.05nhmn_0003.jpg,../images/test/data/Just_Images/Caucasian/Man/m.0qfsjx0_0002.jpg,0.833318293094635,0
../images/test/data/Just_Images/Caucasian/Man/m.050phc_0003.jpg,../images/test/data/Just_Images/Caucasian/Man/m.037t_h_0002.jpg,0.8917975425720215,0
../images/test/data/Just_Images/Caucasian/Man/m.036cp4_0002.jpg,../images/test/data/Just_Images/Caucasian/Man/m.0c6vjs_0004.jpg,0.905768871307373,0
../images/test/data/Just_Images/Caucasian/Man/m.043qvg1_0001.jpg,../images/test/data/Just_Images/Caucasian/Man/m.097810_0004.jpg,0.8476964831352234,0
../images/test/data/Just_Images/Caucasian/Man/m.0cbxht3_0002.jpg,../images/test/data/Just_Images/Caucasian/Woman/m.0b8s5f_0002.jpg,0.8500953912734985,0
../images/test/data/Just_Images/Caucasian/Woman/m.01p7yb_0003.jpg,../images/test/data/Just_Images/Caucasian/Man/m.0h7r_j_0002.jpg,0.8956940770149231,0
../images/test/data/Just_Images/Caucasian/Woman/m.05fwmt_0001.jpg,../images/test/data/Just_Images/Caucasian/Man/m.07yz7f_0001.jpg,0.8958896994590759,0
../images/test/data/Just_Images/Caucasian/Man/m.087x6z_0004.jpg,../images/test/data/Just_Images/Caucasian/Man/m.08rswk_0003.jpg,0.845457911491394,0
../images/test/data/Just_Images/Caucasian/Man/m.06_mt7_0001.jpg,../images/test/data/Just_Images/Caucasian/Man/m.01_gcy_0003.jpg,0.8752439022064209,0
../images/test/data/Just_Images/Caucasian/Man/m.01mz41_0002.jpg,../images/test/data/Just_Images/Caucasian/Man/m.07csqp_0002.jpg,0.8526616096496582,0
../images/test/data/Just_Images/Caucasian/Man/m.036f7k_0002.jpg,../images/test/data/Just_Images/Caucasian/Man/m.05n8ln_0003.jpg,0.9164524674415588,0
../images/test/data/Just_Images/Caucasian/Man/m.044nz5_0003.jpg,../images/test/data/Just_Images/Caucasian/Man/m.062xtx_0003.jpg,0.8625196814537048,0
../images/test/data/Just_Images/Caucasian/Woman/m.0cmdjp2_0002.jpg,../images/test/data/Just_Images/Caucasian/Man/m.0gfc_5__0002.jpg,0.8785568475723267,0
../images/test/data/Just_Images/Caucasian/Man/m.0793_r_0001.jpg,../images/test/data/Just_Images/Caucasian/Man/m.04rv1f_0002.jpg,0.9212876558303833,0
../images/test/data/Just_Images/Caucasian/Man/m.06916x_0005.jpg,../images/test/data/Just_Images/Caucasian/Man/m.0b47ns_0001.jpg,0.9316490888595581,0
../images/test/data/Just_Images/Caucasian/Man/m.08lgdv_0001.jpg,../images/test/data/Just_Images/Caucasian/Man/m.06p_x9_0003.jpg,0.8828972578048706,0
../images/test/data/Just_Images/Caucasian/Man/m.0262hk9_0004.jpg,../images/test/data/Just_Images/Caucasian/Woman/m.019l9q_0002.jpg,0.8472470641136169,0
../images/test/data/Just_Images/Caucasian/Woman/m.0r8l0k9_0003.jpg,../images/test/data/Just_Images/Caucasian/Man/m.017bcv_0005.jpg,0.9155400395393372,0
../images/test/data/Just_Images/Caucasian/Man/m.08c0_0_0002.jpg,../images/test/data/Just_Images/Caucasian/Man/m.03n68w_0004.jpg,0.9335293769836426,0
../images/test/data/Just_Images/Caucasian/Man/m.07xxb5_0003.jpg,../images/test/data/Just_Images/Caucasian/Man/m.02psq9c_0001.jpg,0.8074010014533997,0
../images/test/data/Just_Images/Caucasian/Man/m.08q94v_0003.jpg,../images/test/data/Just_Images/Caucasian/Man/m.0pcnkdy_0002.jpg,0.8776415586471558,0
../images/test/data/Just_Images/Caucasian/Man/m.0c3tyb_0002.jpg,../images/test/data/Just_Images/Caucasian/Man/m.01xy8p_0001.jpg,0.911909818649292,0
../images/test/data/Just_Images/Caucasian/Woman/m.04f07rj_0003.jpg,../images/test/data/Just_Images/Caucasian/Woman/m.03f0bnm_0001.jpg,0.8097541332244873,0
../images/test/data/Just_Images/Caucasian/Man/m.0239qx_0002.jpg,../images/test/data/Just_Images/Caucasian/Man/m.01h_3z_0001.jpg,0.9234364032745361,0
../images/test/data/Just_Images/Caucasian/Man/m.0261ywc_0004.jpg,../images/test/data/Just_Images/Caucasian/Woman/m.047tfjl_0004.jpg,0.8698422908782959,0
../images/test/data/Just_Images/Caucasian/Man/m.039f2k_0001.jpg,../images/test/data/Just_Images/Caucasian/Man/m.01ppr3c_0001.jpg,0.9100915193557739,0
../images/test/data/Just_Images/Caucasian/Man/m.0k2m0kq_0002.jpg,../images/test/data/Just_Images/Caucasian/Man/m.01rkzk_0003.jpg,0.8677833676338196,0
../images/test/data/Just_Images/Caucasian/Man/m.011_2h_0003.jpg,../images/test/data/Just_Images/Caucasian/Man/m.0g2pgl_0005.jpg,0.768809974193573,0
../images/test/data/Just_Images/Caucasian/Man/m.0c2213_0001.jpg,../images/test/data/Just_Images/Caucasian/Man/m.01s440l_0002.jpg,0.8827570676803589,0
../images/test/data/Just_Images/Caucasian/Man/m.05s_nf0_0001.jpg,../images/test/data/Just_Images/Caucasian/Man/m.05v9zns_0004.jpg,0.928589940071106,0
../images/test/data/Just_Images/Caucasian/Woman/m.05c459x_0003.jpg,../images/test/data/Just_Images/Caucasian/Woman/m.03h1xrn_0005.jpg,0.8389210104942322,0
../images/test/data/Just_Images/Caucasian/Man/m.0210d5_0005.jpg,../images/test/data/Just_Images/Caucasian/Man/m.08gpnw_0001.jpg,0.9384262561798096,0
../images/test/data/Just_Images/Caucasian/Man/m.0521jq1_0003.jpg,../images/test/data/Just_Images/Caucasian/Man/m.04grl4l_0002.jpg,0.912589967250824,0
../images/test/data/Just_Images/Caucasian/Man/m.0c7c5b_0001.jpg,../images/test/data/Just_Images/Caucasian/Woman/m.01cy59_0003.jpg,0.8892079591751099,0
../images/test/data/Just_Images/Caucasian/Man/m.0dk0s6_0001.jpg,../images/test/data/Just_Images/Caucasian/Man/m.021d_0_0002.jpg,0.7697261571884155,0
../images/test/data/Just_Images/Caucasian/Man/m.07939s_0003.jpg,../images/test/data/Just_Images/Caucasian/Man/m.02ctg7_0002.jpg,0.9319299459457397,0
../images/test/data/Just_Images/Caucasian/Woman/m.02r70k3_0002.jpg,../images/test/data/Just_Images/Caucasian/Man/m.04vzp3_0001.jpg,0.7786235213279724,0
../images/test/data/Just_Images/Caucasian/Man/m.0bwss61_0004.jpg,../images/test/data/Just_Images/Caucasian/Woman/m.0845nn_0003.jpg,0.7877238988876343,0
../images/test/data/Just_Images/Caucasian/Man/m.02qtdjx_0003.jpg,../images/test/data/Just_Images/Caucasian/Man/m.04bhjx_0004.jpg,0.9097858667373657,0
../images/test/data/Just_Images/Caucasian/Man/m.04z8sv_0004.jpg,../images/test/data/Just_Images/Caucasian/Man/m.01v7fg_0002.jpg,0.8199406266212463,0
../images/test/data/Just_Images/Caucasian/Man/m.027h0r_0004.jpg,../images/test/data/Just_Images/Caucasian/Man/m.05bmz1_0003.jpg,0.9238123893737793,0
../images/test/data/Just_Images/Caucasian/Man/m.04vwzj3_0004.jpg,../images/test/data/Just_Images/Caucasian/Woman/m.01mqgf_0004.jpg,0.9153856635093689,0
../images/test/data/Just_Images/Caucasian/Man/m.03wffhs_0002.jpg,../images/test/data/Just_Images/Caucasian/Man/m.0cl9kh_0004.jpg,0.8871798515319824,0
../images/test/data/Just_Images/Caucasian/Man/m.01qhmft_0002.jpg,../images/test/data/Just_Images/Caucasian/Woman/m.050s4k_0002.jpg,0.7862485647201538,0
../images/test/data/Just_Images/Caucasian/Woman/m.0ds9hhq_0002.jpg,../images/test/data/Just_Images/Caucasian/Man/m.0czb0m0_0001.jpg,0.7438533902168274,0
../images/test/data/Just_Images/Caucasian/Man/m.04d52g_0001.jpg,../images/test/data/Just_Images/Caucasian/Man/m.03f1nh9_0003.jpg,0.8626527786254883,0
../images/test/data/Just_Images/Caucasian/Man/m.0dflym_0004.jpg,../images/test/data/Just_Images/Caucasian/Man/m.09mrbq_0001.jpg,0.819330632686615,0
../images/test/data/Just_Images/Caucasian/Man/m.01wvtmw_0002.jpg,../images/test/data/Just_Images/Caucasian/Man/m.07lj0y_0002.jpg,0.8108081817626953,0
../images/test/data/Just_Images/Caucasian/Man/m.01nq1bn_0004.jpg,../images/test/data/Just_Images/Caucasian/Man/m.08bzjq_0003.jpg,0.8617534041404724,0
../images/test/data/Just_Images/Caucasian/Man/m.027d4p_0002.jpg,../images/test/data/Just_Images/Caucasian/Man/m.03wbs6t_0001.jpg,0.8526120781898499,0
../images/test/data/Just_Images/Caucasian/Woman/m.0bwfnnj_0001.jpg,../images/test/data/Just_Images/Caucasian/Man/m.0g_00_0003.jpg,0.9074945449829102,0
../images/test/data/Just_Images/Caucasian/Man/m.0h7nkvj_0003.jpg,../images/test/data/Just_Images/Caucasian/Woman/m.07kc_pq_0002.jpg,0.6610214710235596,0
../images/test/data/Just_Images/Caucasian/Woman/m.0bryrk4_0001.jpg,../images/test/data/Just_Images/Caucasian/Man/m.02wxh8_0003.jpg,0.7658330202102661,0
../images/test/data/Just_Images/Caucasian/Man/m.0qc5cv8_0002.jpg,../images/test/data/Just_Images/Caucasian/Man/m.037gr7_0002.jpg,0.7888656258583069,0
../images/test/data/Just_Images/Caucasian/Man/m.03h304l_0001.jpg,../images/test/data/Just_Images/Caucasian/Woman/m.03bz0xh_0001.jpg,0.7382745742797852,0
../images/test/data/Just_Images/Caucasian/Man/m.0g2skl_0001.jpg,../images/test/data/Just_Images/Caucasian/Man/m.06w6ydl_0005.jpg,0.9310042262077332,0
../images/test/data/Just_Images/Caucasian/Man/m.05q95w1_0002.jpg,../images/test/data/Just_Images/Caucasian/Woman/m.0575w4_0001.jpg,0.8195692300796509,0
../images/test/data/Just_Images/Caucasian/Woman/m.0661321_0001.jpg,../images/test/data/Just_Images/Caucasian/Woman/m.082vy3_0002.jpg,0.8393455743789673,0
../images/test/data/Just_Images/Caucasian/Man/m.0271yq_0001.jpg,../images/test/data/Just_Images/Caucasian/Man/m.0234bw_0001.jpg,0.7947958111763,0
../images/test/data/Just_Images/Caucasian/Man/m.03d69__0001.jpg,../images/test/data/Just_Images/Caucasian/Man/m.0bwlqxy_0005.jpg,0.8171469569206238,0
../images/test/data/Just_Images/Caucasian/Man/m.094ydp_0002.jpg,../images/test/data/Just_Images/Caucasian/Man/m.027qctq_0004.jpg,0.9363243579864502,0
../images/test/data/Just_Images/Caucasian/Woman/m.02r3g5z_0002.jpg,../images/test/data/Just_Images/Caucasian/Man/m.01vrpnp_0003.jpg,0.7722115516662598,0
../images/test/data/Just_Images/Caucasian/Man/m.0glh8m_0003.jpg,../images/test/data/Just_Images/Caucasian/Woman/m.03h4yg2_0003.jpg,0.8895167112350464,0
../images/test/data/Just_Images/Caucasian/Man/m.02yf3x_0002.jpg,../images/test/data/Just_Images/Caucasian/Man/m.08xkdn_0002.jpg,0.791276216506958,0
../images/test/data/Just_Images/Caucasian/Man/m.0b087y_0001.jpg,../images/test/data/Just_Images/Caucasian/Woman/m.05mgqb_0003.jpg,0.9393690824508667,0
../images/test/data/Just_Images/Caucasian/Man/m.04b2l__0002.jpg,../images/test/data/Just_Images/Caucasian/Man/m.0j45msp_0004.jpg,0.9283808469772339,0
../images/test/data/Just_Images/Caucasian/Man/m.09xrfm_0004.jpg,../images/test/data/Just_Images/Caucasian/Man/m.0fqmjr4_0003.jpg,0.810288667678833,0
../images/test/data/Just_Images/Caucasian/Woman/m.01jy8c0_0001.jpg,../images/test/data/Just_Images/Caucasian/Woman/m.094xh_0002.jpg,0.8712615966796875,0
../images/test/data/Just_Images/Caucasian/Man/m.03fcmm_0002.jpg,../images/test/data/Just_Images/Caucasian/Man/m.02pk2cm_0003.jpg,0.87028968334198,0
../images/test/data/Just_Images/Caucasian/Man/m.0bqytm_0002.jpg,../images/test/data/Just_Images/Caucasian/Man/m.02q484d_0001.jpg,0.7826091051101685,0
../images/test/data/Just_Images/Caucasian/Man/m.05vr5c_0002.jpg,../images/test/data/Just_Images/Caucasian/Man/m.019s7b_0003.jpg,0.8116351366043091,0
../images/test/data/Just_Images/Caucasian/Man/m.07h1f1_0001.jpg,../images/test/data/Just_Images/Caucasian/Man/m.0crcjd9_0002.jpg,0.9102631211280823,0
../images/test/data/Just_Images/Caucasian/Woman/m.02w9ctm_0003.jpg,../images/test/data/Just_Images/Caucasian/Woman/m.06jlcl_0004.jpg,0.9268937110900879,0
../images/test/data/Just_Images/Caucasian/Man/m.04m_0r7_0003.jpg,../images/test/data/Just_Images/Caucasian/Man/m.08prq0_0001.jpg,0.8461329936981201,0
../images/test/data/Just_Images/Caucasian/Woman/m.04mx2rw_0004.jpg,../images/test/data/Just_Images/Caucasian/Man/m.01wmlss_0002.jpg,0.9089973568916321,0
../images/test/data/Just_Images/Caucasian/Man/m.02llzy_0002.jpg,../images/test/data/Just_Images/Caucasian/Man/m.039vj4_0002.jpg,0.6981768608093262,0
../images/test/data/Just_Images/Caucasian/Man/m.0b6gv7_0003.jpg,../images/test/data/Just_Images/Caucasian/Man/m.026tp3f_0003.jpg,0.8048243522644043,0
../images/test/data/Just_Images/Caucasian/Man/m.0919vb_0002.jpg,../images/test/data/Just_Images/Caucasian/Man/m.04n12ty_0004.jpg,0.9376969337463379,0
../images/test/data/Just_Images/Caucasian/Man/m.05vv58n_0001.jpg,../images/test/data/Just_Images/Caucasian/Man/m.066063m_0002.jpg,0.8947959542274475,0
../images/test/data/Just_Images/Caucasian/Woman/m.06bhxw_0002.jpg,../images/test/data/Just_Images/Caucasian/Woman/m.04mx2rw_0003.jpg,0.891411542892456,0
../images/test/data/Just_Images/Caucasian/Man/m.089hm6_0001.jpg,../images/test/data/Just_Images/Caucasian/Man/m.0919vb_0001.jpg,0.8645879030227661,0
../images/test/data/Just_Images/Caucasian/Woman/m.0264lqm_0001.jpg,../images/test/data/Just_Images/Caucasian/Woman/m.0j44svx_0004.jpg,0.9251507520675659,0
../images/test/data/Just_Images/Caucasian/Man/m.0cc7z18_0003.jpg,../images/test/data/Just_Images/Caucasian/Woman/m.04j77yz_0005.jpg,0.7967190146446228,0
../images/test/data/Just_Images/Caucasian/Woman/m.01cy59_0005.jpg,../images/test/data/Just_Images/Caucasian/Woman/m.063fdv_0001.jpg,0.932714581489563,0
../images/test/data/Just_Images/Caucasian/Man/m.04y1b_0002.jpg,../images/test/data/Just_Images/Caucasian/Woman/m.047tfjl_0003.jpg,0.90273118019104,0
../images/test/data/Just_Images/Caucasian/Woman/m.080z1t_0003.jpg,../images/test/data/Just_Images/Caucasian/Woman/m.0d25py_0003.jpg,0.8993436694145203,0
../images/test/data/Just_Images/Caucasian/Man/m.012prx_0001.jpg,../images/test/data/Just_Images/Caucasian/Man/m.0911kl_0002.jpg,0.9307237863540649,0
../images/test/data/Just_Images/Caucasian/Man/m.0c2qjg_0003.jpg,../images/test/data/Just_Images/Caucasian/Man/m.04bt9q_0001.jpg,0.8978053331375122,0
../images/test/data/Just_Images/Caucasian/Man/m.0391n1_0001.jpg,../images/test/data/Just_Images/Caucasian/Man/m.04f1wxr_0004.jpg,0.8655787706375122,0
../images/test/data/Just_Images/Caucasian/Man/m.04k7yy_0002.jpg,../images/test/data/Just_Images/Caucasian/Man/m.03q8_j_0002.jpg,0.7920598387718201,0
../images/test/data/Just_Images/Caucasian/Man/m.01gm43_0002.jpg,../images/test/data/Just_Images/Caucasian/Man/m.040539_0004.jpg,0.8681479692459106,0
../images/test/data/Just_Images/Caucasian/Woman/m.026j3gs_0001.jpg,../images/test/data/Just_Images/Caucasian/Woman/m.0r4ps4l_0004.jpg,0.8496703505516052,0
../images/test/data/Just_Images/Caucasian/Man/m.09chpl_0004.jpg,../images/test/data/Just_Images/Caucasian/Man/m.01nwty_0003.jpg,0.900759756565094,0
../images/test/data/Just_Images/Caucasian/Man/m.01l1sq_0005.jpg,../images/test/data/Just_Images/Caucasian/Man/m.025xdfy_0003.jpg,0.7244744896888733,0
../images/test/data/Just_Images/Caucasian/Man/m.062j_j_0001.jpg,../images/test/data/Just_Images/Caucasian/Man/m.0b0j19_0003.jpg,0.8784489035606384,0
../images/test/data/Just_Images/Caucasian/Man/m.03vq05_0002.jpg,../images/test/data/Just_Images/Caucasian/Man/m.057y36c_0002.jpg,0.8354395031929016,0
../images/test/data/Just_Images/Caucasian/Man/m.08324h_0002.jpg,../images/test/data/Just_Images/Caucasian/Man/m.01v349_0003.jpg,0.8717657923698425,0
../images/test/data/Just_Images/Caucasian/Woman/m.0521wcd_0001.jpg,../images/test/data/Just_Images/Caucasian/Man/m.015khm_0002.jpg,0.8662751317024231,0
../images/test/data/Just_Images/Caucasian/Man/m.04shwf_0001.jpg,../images/test/data/Just_Images/Caucasian/Man/m.01sb98_0001.jpg,0.9436919689178467,0
../images/test/data/Just_Images/Caucasian/Man/m.0lylw_0003.jpg,../images/test/data/Just_Images/Caucasian/Man/m.0dtbs0_0003.jpg,0.6623661518096924,0
../images/test/data/Just_Images/Caucasian/Man/m.02qywzd_0002.jpg,../images/test/data/Just_Images/Caucasian/Man/m.04r20t_0001.jpg,0.7610129117965698,0
../images/test/data/Just_Images/Caucasian/Man/m.02sh8y_0001.jpg,../images/test/data/Just_Images/Caucasian/Man/m.01qtvnk_0004.jpg,0.9380043745040894,0
../images/test/data/Just_Images/Caucasian/Man/m.05zmfwc_0002.jpg,../images/test/data/Just_Images/Caucasian/Man/m.03vh2b_0002.jpg,0.9369297027587891,0
../images/test/data/Just_Images/Caucasian/Man/m.02qwxhj_0003.jpg,../images/test/data/Just_Images/Caucasian/Man/m.05h3r4_0001.jpg,0.8903439044952393,0
../images/test/data/Just_Images/Caucasian/Woman/m.09t4lp_0002.jpg,../images/test/data/Just_Images/Caucasian/Man/m.05txc4_0001.jpg,0.9020859599113464,0
../images/test/data/Just_Images/Caucasian/Man/m.0gtxs5f_0001.jpg,../images/test/data/Just_Images/Caucasian/Woman/m.043p916_0003.jpg,0.8552683591842651,0
../images/test/data/Just_Images/Caucasian/Man/m.07ddkz_0004.jpg,../images/test/data/Just_Images/Caucasian/Man/m.09s2q1_0001.jpg,0.8898242712020874,0
../images/test/data/Just_Images/Caucasian/Man/m.01w923_0002.jpg,../images/test/data/Just_Images/Caucasian/Man/m.0dbxj_0003.jpg,0.7708977460861206,0
../images/test/data/Just_Images/Caucasian/Man/m.046zj3_0003.jpg,../images/test/data/Just_Images/Caucasian/Man/m.09c2bf_0001.jpg,0.9128812551498413,0
../images/test/data/Just_Images/Caucasian/Man/m.02fs2c_0003.jpg,../images/test/data/Just_Images/Caucasian/Man/m.03067p_0003.jpg,0.9158412218093872,0
../images/test/data/Just_Images/Caucasian/Man/m.03t8w8_0003.jpg,../images/test/data/Just_Images/Caucasian/Man/m.09xbcv_0002.jpg,0.9016688466072083,0
../images/test/data/Just_Images/Caucasian/Man/m.02pj3kl_0004.jpg,../images/test/data/Just_Images/Caucasian/Man/m.0dc6nt_0001.jpg,0.8938292264938354,0
../images/test/data/Just_Images/Caucasian/Woman/m.0fqrpxz_0003.jpg,../images/test/data/Just_Images/Caucasian/Man/m.02rp9ly_0003.jpg,0.7654739618301392,0
../images/test/data/Just_Images/Caucasian/Man/m.0bt_8_0002.jpg,../images/test/data/Just_Images/Caucasian/Man/m.0g2skl_0003.jpg,0.8670816421508789,0
../images/test/data/Just_Images/Caucasian/Man/m.07bblg_0004.jpg,../images/test/data/Just_Images/Caucasian/Man/m.0bs1f1l_0001.jpg,0.834996223449707,0
../images/test/data/Just_Images/Caucasian/Man/m.073bb_0001.jpg,../images/test/data/Just_Images/Caucasian/Man/m.09gk4md_0001.jpg,0.862924337387085,0
../images/test/data/Just_Images/Caucasian/Man/m.0g6j2p0_0002.jpg,../images/test/data/Just_Images/Caucasian/Man/m.0cqh0q_0003.jpg,0.8734737634658813,0
../images/test/data/Just_Images/Caucasian/Man/m.02n10z_0003.jpg,../images/test/data/Just_Images/Caucasian/Man/m.01thjy9_0002.jpg,0.827298641204834,0
../images/test/data/Just_Images/Caucasian/Man/m.01b588_0001.jpg,../images/test/data/Just_Images/Caucasian/Man/m.04vzp3_0003.jpg,0.9077306389808655,0
../images/test/data/Just_Images/Caucasian/Woman/m.06y7t6_0002.jpg,../images/test/data/Just_Images/Caucasian/Woman/m.0k2l97g_0002.jpg,0.8846403360366821,0
../images/test/data/Just_Images/Caucasian/Woman/m.027n6t8_0001.jpg,../images/test/data/Just_Images/Caucasian/Man/m.069s6h_0004.jpg,0.9138633608818054,0
../images/test/data/Just_Images/Caucasian/Man/m.098gx8_0003.jpg,../images/test/data/Just_Images/Caucasian/Woman/m.04n3skk_0002.jpg,0.8112708926200867,0
../images/test/data/Just_Images/Caucasian/Man/m.08rc1l_0001.jpg,../images/test/data/Just_Images/Caucasian/Man/m.03hp0xm_0002.jpg,0.8902456760406494,0
../images/test/data/Just_Images/Caucasian/Man/m.03rs5f_0002.jpg,../images/test/data/Just_Images/Caucasian/Woman/m.03f7pd9_0004.jpg,0.8922038078308105,0
../images/test/data/Just_Images/Caucasian/Woman/m.01ztqk_0001.jpg,../images/test/data/Just_Images/Caucasian/Man/m.07t25k_0003.jpg,0.8217459321022034,0
../images/test/data/Just_Images/Caucasian/Man/m.0gls7mb_0003.jpg,../images/test/data/Just_Images/Caucasian/Man/m.0f8kb8_0004.jpg,0.9241635203361511,0
../images/test/data/Just_Images/Caucasian/Woman/m.073djs_0001.jpg,../images/test/data/Just_Images/Caucasian/Woman/m.05h2n7l_0003.jpg,0.9221969842910767,0
../images/test/data/Just_Images/Caucasian/Man/m.065_6vy_0002.jpg,../images/test/data/Just_Images/Caucasian/Man/m.039n2g_0001.jpg,0.9135262966156006,0
../images/test/data/Just_Images/Caucasian/Man/m.022s9n_0002.jpg,../images/test/data/Just_Images/Caucasian/Man/m.0fb7hp_0003.jpg,0.9314090013504028,0
../images/test/data/Just_Images/Caucasian/Man/m.0g595cq_0002.jpg,../images/test/data/Just_Images/Caucasian/Man/m.02pwbf1_0004.jpg,0.9137428402900696,0
../images/test/data/Just_Images/Caucasian/Man/m.06lng_0003.jpg,../images/test/data/Just_Images/Caucasian/Man/m.024qdq_0004.jpg,0.8225187659263611,0
../images/test/data/Just_Images/Caucasian/Man/m.01ww_7h_0003.jpg,../images/test/data/Just_Images/Caucasian/Man/m.05bd3h_0001.jpg,0.8925166726112366,0
../images/test/data/Just_Images/Caucasian/Man/m.08nkwt_0001.jpg,../images/test/data/Just_Images/Caucasian/Man/m.09pgdh_0001.jpg,0.8813341856002808,0
../images/test/data/Just_Images/Caucasian/Man/m.076zjt_0002.jpg,../images/test/data/Just_Images/Caucasian/Woman/m.0d_3hq_0002.jpg,0.9389330148696899,0
../images/test/data/Just_Images/Caucasian/Man/m.026cs2p_0001.jpg,../images/test/data/Just_Images/Caucasian/Woman/m.09v5jqn_0003.jpg,0.890202522277832,0
../images/test/data/Just_Images/Caucasian/Woman/m.0dv40h_0001.jpg,../images/test/data/Just_Images/Caucasian/Man/m.07_k77_0002.jpg,0.9028328061103821,0
../images/test/data/Just_Images/Caucasian/Woman/m.02wcl9z_0001.jpg,../images/test/data/Just_Images/Caucasian/Man/m.02flt3_0002.jpg,0.8092219829559326,0
../images/test/data/Just_Images/Caucasian/Woman/m.0f2ybq_0002.jpg,../images/test/data/Just_Images/Caucasian/Man/m.03qgk5p_0002.jpg,0.8835288286209106,0
../images/test/data/Just_Images/Caucasian/Man/m.065ypz_0001.jpg,../images/test/data/Just_Images/Caucasian/Man/m.02708x3_0004.jpg,0.862994909286499,0
../images/test/data/Just_Images/Caucasian/Woman/m.0n_kftf_0001.jpg,../images/test/data/Just_Images/Caucasian/Woman/m.01l3mk3_0001.jpg,0.8881591558456421,0
../images/test/data/Just_Images/Caucasian/Man/m.0266lyf_0003.jpg,../images/test/data/Just_Images/Caucasian/Man/m.0d5lk_0003.jpg,0.8943382501602173,0
../images/test/data/Just_Images/Caucasian/Woman/m.025xbbg_0003.jpg,../images/test/data/Just_Images/Caucasian/Woman/m.02j6cs_0003.jpg,0.9460844397544861,0
../images/test/data/Just_Images/Caucasian/Man/m.0d5lk_0004.jpg,../images/test/data/Just_Images/Caucasian/Man/m.02651pm_0002.jpg,0.7946637868881226,0
../images/test/data/Just_Images/Caucasian/Woman/m.01v9gds_0001.jpg,../images/test/data/Just_Images/Caucasian/Man/m.05985b_0001.jpg,0.8610695600509644,0
../images/test/data/Just_Images/Caucasian/Man/m.0jwtm6r_0001.jpg,../images/test/data/Just_Images/Caucasian/Man/m.0q3_h32_0001.jpg,0.8932286500930786,0
../images/test/data/Just_Images/Caucasian/Man/m.01wmlss_0002.jpg,../images/test/data/Just_Images/Caucasian/Man/m.0gqrzn_0001.jpg,0.8808866143226624,0
../images/test/data/Just_Images/Caucasian/Woman/m.075z3n_0001.jpg,../images/test/data/Just_Images/Caucasian/Man/m.01pn28c_0002.jpg,0.9386774897575378,0
../images/test/data/Just_Images/Caucasian/Man/m.09mrbq_0002.jpg,../images/test/data/Just_Images/Caucasian/Man/m.0p_jc_0001.jpg,0.8492821455001831,0
../images/test/data/Just_Images/Caucasian/Man/m.04f98b_0001.jpg,../images/test/data/Just_Images/Caucasian/Man/m.0h3n0bb_0002.jpg,0.9016022682189941,0
../images/test/data/Just_Images/Caucasian/Woman/m.01pw4x1_0003.jpg,../images/test/data/Just_Images/Caucasian/Man/m.036_rc_0002.jpg,0.920922040939331,0
../images/test/data/Just_Images/Caucasian/Woman/m.03mcwq3_0001.jpg,../images/test/data/Just_Images/Caucasian/Woman/m.0h49z4_0003.jpg,0.8853471279144287,0
../images/test/data/Just_Images/Caucasian/Man/m.060ckn_0003.jpg,../images/test/data/Just_Images/Caucasian/Woman/m.02q6t6j_0001.jpg,0.9246278405189514,0
../images/test/data/Just_Images/Caucasian/Man/m.0bbtgy9_0003.jpg,../images/test/data/Just_Images/Caucasian/Woman/m.05tbrg_0003.jpg,0.8435531854629517,0
../images/test/data/Just_Images/Caucasian/Man/m.0bn6gg_0003.jpg,../images/test/data/Just_Images/Caucasian/Man/m.04q8md6_0002.jpg,0.833401083946228,0
../images/test/data/Just_Images/Caucasian/Man/m.06ntyq_0002.jpg,../images/test/data/Just_Images/Caucasian/Man/m.0lylw_0001.jpg,0.9253700971603394,0
../images/test/data/Just_Images/Caucasian/Man/m.028t39_0002.jpg,../images/test/data/Just_Images/Caucasian/Woman/m.0fvw5gg_0001.jpg,0.8836959004402161,0
../images/test/data/Just_Images/Caucasian/Man/m.0bl9bk_0002.jpg,../images/test/data/Just_Images/Caucasian/Woman/m.0j_6nsk_0002.jpg,0.945797860622406,0
../images/test/data/Just_Images/Caucasian/Woman/m.0384pc_0002.jpg,../images/test/data/Just_Images/Caucasian/Man/m.01f817_0002.jpg,0.8823082447052002,0
../images/test/data/Just_Images/Caucasian/Man/m.0b3lbw_0003.jpg,../images/test/data/Just_Images/Caucasian/Man/m.08wbph_0002.jpg,0.7812895178794861,0
../images/test/data/Just_Images/Caucasian/Man/m.01l4g5_0003.jpg,../images/test/data/Just_Images/Caucasian/Woman/m.09zmys_0001.jpg,0.9593343734741211,0
../images/test/data/Just_Images/Caucasian/Man/m.065fg7_0004.jpg,../images/test/data/Just_Images/Caucasian/Man/m.0261ywc_0001.jpg,0.90550696849823,0
../images/test/data/Just_Images/Caucasian/Man/m.0btr9_0002.jpg,../images/test/data/Just_Images/Caucasian/Woman/m.03f6_jr_0001.jpg,0.8722811937332153,0
../images/test/data/Just_Images/Caucasian/Man/m.0g_00_0003.jpg,../images/test/data/Just_Images/Caucasian/Man/m.06jnnf_0001.jpg,0.9029579162597656,0
../images/test/data/Just_Images/Caucasian/Man/m.0gh6vf1_0002.jpg,../images/test/data/Just_Images/Caucasian/Man/m.07y23k_0003.jpg,0.907885730266571,0
../images/test/data/Just_Images/Caucasian/Man/m.029d7w_0004.jpg,../images/test/data/Just_Images/Caucasian/Man/m.040rjq_0002.jpg,0.8669507503509521,0
../images/test/data/Just_Images/Caucasian/Man/m.0hpz8_0001.jpg,../images/test/data/Just_Images/Caucasian/Man/m.01pr4bl_0002.jpg,0.8923081159591675,0
../images/test/data/Just_Images/Caucasian/Man/m.0j28l3q_0003.jpg,../images/test/data/Just_Images/Caucasian/Man/m.02zljk_0004.jpg,0.869098961353302,0
../images/test/data/Just_Images/Caucasian/Man/m.09kgh_0001.jpg,../images/test/data/Just_Images/Caucasian/Woman/m.0cj96t_0004.jpg,0.7275036573410034,0
../images/test/data/Just_Images/Caucasian/Woman/m.0pmg8f8_0003.jpg,../images/test/data/Just_Images/Caucasian/Man/m.01451j_0001.jpg,0.9260388612747192,0
../images/test/data/Just_Images/Caucasian/Man/m.066063m_0004.jpg,../images/test/data/Just_Images/Caucasian/Woman/m.02b_dr_0003.jpg,0.8664408326148987,0
../images/test/data/Just_Images/Caucasian/Man/m.076pcx_0002.jpg,../images/test/data/Just_Images/Caucasian/Man/m.02_jkq_0005.jpg,0.7763524055480957,0
../images/test/data/Just_Images/Caucasian/Man/m.0dr_lg_0002.jpg,../images/test/data/Just_Images/Caucasian/Man/m.036f7k_0001.jpg,0.9437528252601624,0
../images/test/data/Just_Images/Caucasian/Man/m.04j3x1_0002.jpg,../images/test/data/Just_Images/Caucasian/Man/m.0f5lf8_0003.jpg,0.9110757112503052,0
../images/test/data/Just_Images/Caucasian/Woman/m.0jhtk_0001.jpg,../images/test/data/Just_Images/Caucasian/Man/m.02vsjy0_0004.jpg,0.927200198173523,0
../images/test/data/Just_Images/Caucasian/Man/m.06rvvl_0002.jpg,../images/test/data/Just_Images/Caucasian/Man/m.0fqqcz_0003.jpg,0.8541445136070251,0
../images/test/data/Just_Images/Caucasian/Man/m.0d4k4y_0002.jpg,../images/test/data/Just_Images/Caucasian/Woman/m.08mrr0_0003.jpg,0.8753949999809265,0
../images/test/data/Just_Images/Caucasian/Man/m.0hhs8vq_0002.jpg,../images/test/data/Just_Images/Caucasian/Man/m.0bs1f1l_0001.jpg,0.8791966438293457,0
../images/test/data/Just_Images/Caucasian/Man/m.0g4y2x_0002.jpg,../images/test/data/Just_Images/Caucasian/Man/m.01hf4p_0004.jpg,0.8254079818725586,0
../images/test/data/Just_Images/Caucasian/Man/m.04q6ml4_0003.jpg,../images/test/data/Just_Images/Caucasian/Man/m.07bblg_0004.jpg,0.8718150854110718,0
../images/test/data/Just_Images/Caucasian/Man/m.086n_m_0003.jpg,../images/test/data/Just_Images/Caucasian/Woman/m.02729k2_0006.jpg,0.8883335590362549,0
../images/test/data/Just_Images/Caucasian/Man/m.03vh2b_0004.jpg,../images/test/data/Just_Images/Caucasian/Man/m.050phc_0001.jpg,0.9503136277198792,0
../images/test/data/Just_Images/Caucasian/Woman/m.0bby2hk_0003.jpg,../images/test/data/Just_Images/Caucasian/Man/m.07qckf_0003.jpg,0.8481064438819885,0
../images/test/data/Just_Images/Caucasian/Woman/m.06f8p0_0003.jpg,../images/test/data/Just_Images/Caucasian/Man/m.0c00n_1_0002.jpg,0.8153020143508911,0
../images/test/data/Just_Images/Caucasian/Man/m.0kfykm1_0003.jpg,../images/test/data/Just_Images/Caucasian/Man/m.0fzspf_0003.jpg,0.8236739039421082,0
../images/test/data/Just_Images/Caucasian/Man/m.02wwm9w_0001.jpg,../images/test/data/Just_Images/Caucasian/Man/m.07rzfx_0004.jpg,0.9102444648742676,0
../images/test/data/Just_Images/Caucasian/Woman/m.071jvk_0002.jpg,../images/test/data/Just_Images/Caucasian/Man/m.039591_0001.jpg,0.8992564678192139,0
../images/test/data/Just_Images/Caucasian/Man/m.02r114v_0002.jpg,../images/test/data/Just_Images/Caucasian/Man/m.076xrvt_0001.jpg,0.9177665710449219,0
../images/test/data/Just_Images/Caucasian/Man/m.08_qhp_0001.jpg,../images/test/data/Just_Images/Caucasian/Man/m.082857_0002.jpg,0.8151504397392273,0
../images/test/data/Just_Images/Caucasian/Man/m.0gn4mc_0004.jpg,../images/test/data/Just_Images/Caucasian/Woman/m.0fphssd_0004.jpg,0.9209891557693481,0
../images/test/data/Just_Images/Caucasian/Woman/m.0660zg_0001.jpg,../images/test/data/Just_Images/Caucasian/Woman/m.05gnfp_0005.jpg,0.9201160669326782,0
../images/test/data/Just_Images/Caucasian/Man/m.01vx08v_0002.jpg,../images/test/data/Just_Images/Caucasian/Man/m.03fqnx_0003.jpg,0.8799059391021729,0
../images/test/data/Just_Images/Caucasian/Woman/m.0465pkb_0003.jpg,../images/test/data/Just_Images/Caucasian/Man/m.01wmdx5_0001.jpg,0.8708195686340332,0
../images/test/data/Just_Images/Caucasian/Woman/m.04crbhv_0004.jpg,../images/test/data/Just_Images/Caucasian/Man/m.023v6k_0003.jpg,0.8865213394165039,0
../images/test/data/Just_Images/Caucasian/Man/m.0fb7hp_0002.jpg,../images/test/data/Just_Images/Caucasian/Woman/m.0k4015_0001.jpg,0.9361201524734497,0
../images/test/data/Just_Images/Caucasian/Man/m.05p90qj_0001.jpg,../images/test/data/Just_Images/Caucasian/Man/m.03j0h4_0001.jpg,0.8940844535827637,0
../images/test/data/Just_Images/Caucasian/Man/m.0402tg_0002.jpg,../images/test/data/Just_Images/Caucasian/Man/m.0402tg_0003.jpg,0.9000393152236938,1
../images/test/data/Just_Images/Caucasian/Man/m.03jvyx_0003.jpg,../images/test/data/Just_Images/Caucasian/Man/m.03jvyx_0002.jpg,0.9016561508178711,1
../images/test/data/Just_Images/Caucasian/Man/m.04y8w4r_0004.jpg,../images/test/data/Just_Images/Caucasian/Man/m.04y8w4r_0001.jpg,0.796573281288147,1
../images/test/data/Just_Images/Caucasian/Man/m.08t1xp_0002.jpg,../images/test/data/Just_Images/Caucasian/Man/m.08t1xp_0003.jpg,0.9066239595413208,1
../images/test/data/Just_Images/Caucasian/Man/m.05fbpt_0003.jpg,../images/test/data/Just_Images/Caucasian/Man/m.05fbpt_0002.jpg,0.8738937377929688,1
../images/test/data/Just_Images/Caucasian/Woman/m.0dwhy_0001.jpg,../images/test/data/Just_Images/Caucasian/Woman/m.0dwhy_0003.jpg,0.8294616341590881,1
../images/test/data/Just_Images/Caucasian/Man/m.0gfc_5__0003.jpg,../images/test/data/Just_Images/Caucasian/Man/m.0gfc_5__0001.jpg,0.8696432113647461,1
../images/test/data/Just_Images/Caucasian/Man/m.05nf15d_0003.jpg,../images/test/data/Just_Images/Caucasian/Man/m.05nf15d_0001.jpg,0.926366925239563,1
../images/test/data/Just_Images/Caucasian/Man/m.05zx1f_0004.jpg,../images/test/data/Just_Images/Caucasian/Man/m.05zx1f_0003.jpg,0.8789645433425903,1
../images/test/data/Just_Images/Caucasian/Man/m.01h3b9_0002.jpg,../images/test/data/Just_Images/Caucasian/Man/m.01h3b9_0003.jpg,0.9249120950698853,1
../images/test/data/Just_Images/Caucasian/Man/m.0dw37f_0001.jpg,../images/test/data/Just_Images/Caucasian/Man/m.0dw37f_0002.jpg,0.9154258370399475,1
../images/test/data/Just_Images/Caucasian/Man/m.02t__l_0002.jpg,../images/test/data/Just_Images/Caucasian/Man/m.02t__l_0003.jpg,0.9755530953407288,1
../images/test/data/Just_Images/Caucasian/Man/m.05hpnm_0002.jpg,../images/test/data/Just_Images/Caucasian/Man/m.05hpnm_0004.jpg,0.9448115825653076,1
../images/test/data/Just_Images/Caucasian/Man/m.05xrzmj_0001.jpg,../images/test/data/Just_Images/Caucasian/Man/m.05xrzmj_0002.jpg,0.8868287205696106,1
../images/test/data/Just_Images/Caucasian/Woman/m.0hzpkcs_0002.jpg,../images/test/data/Just_Images/Caucasian/Woman/m.0hzpkcs_0004.jpg,0.9390941858291626,1
../images/test/data/Just_Images/Caucasian/Man/m.06zktqf_0003.jpg,../images/test/data/Just_Images/Caucasian/Man/m.06zktqf_0001.jpg,0.7026734352111816,1
../images/test/data/Just_Images/Caucasian/Man/m.02qkhs1_0004.jpg,../images/test/data/Just_Images/Caucasian/Man/m.02qkhs1_0003.jpg,0.8205761909484863,1
../images/test/data/Just_Images/Caucasian/Woman/m.027__w1_0005.jpg,../images/test/data/Just_Images/Caucasian/Woman/m.027__w1_0001.jpg,0.8842406272888184,1
../images/test/data/Just_Images/Caucasian/Man/m.056_zn_0002.jpg,../images/test/data/Just_Images/Caucasian/Man/m.056_zn_0001.jpg,0.9261166453361511,1
../images/test/data/Just_Images/Caucasian/Woman/m.06ctmv_0002.jpg,../images/test/data/Just_Images/Caucasian/Woman/m.06ctmv_0001.jpg,0.8348365426063538,1
../images/test/data/Just_Images/Caucasian/Man/m.047rs3_0001.jpg,../images/test/data/Just_Images/Caucasian/Man/m.047rs3_0003.jpg,0.9035574793815613,1
../images/test/data/Just_Images/Caucasian/Woman/m.01svyr_0001.jpg,../images/test/data/Just_Images/Caucasian/Woman/m.01svyr_0003.jpg,0.8736529350280762,1
../images/test/data/Just_Images/Caucasian/Woman/m.02prtnq_0003.jpg,../images/test/data/Just_Images/Caucasian/Woman/m.02prtnq_0002.jpg,0.8756959438323975,1
../images/test/data/Just_Images/Caucasian/Man/m.04zydc7_0002.jpg,../images/test/data/Just_Images/Caucasian/Man/m.04zydc7_0001.jpg,0.7788872718811035,1
../images/test/data/Just_Images/Caucasian/Man/m.025wqb8_0003.jpg,../images/test/data/Just_Images/Caucasian/Man/m.025wqb8_0001.jpg,0.9294637441635132,1
../images/test/data/Just_Images/Caucasian/Man/m.08qp4k_0003.jpg,../images/test/data/Just_Images/Caucasian/Man/m.08qp4k_0001.jpg,0.8373395204544067,1
../images/test/data/Just_Images/Caucasian/Man/m.06_yvq_0003.jpg,../images/test/data/Just_Images/Caucasian/Man/m.06_yvq_0001.jpg,0.937248706817627,1
../images/test/data/Just_Images/Caucasian/Man/m.03sq9g_0003.jpg,../images/test/data/Just_Images/Caucasian/Man/m.03sq9g_0002.jpg,0.8515726923942566,1
../images/test/data/Just_Images/Caucasian/Man/m.0qkrj_0004.jpg,../images/test/data/Just_Images/Caucasian/Man/m.0qkrj_0001.jpg,0.9105899333953857,1
../images/test/data/Just_Images/Caucasian/Man/m.07_v16_0002.jpg,../images/test/data/Just_Images/Caucasian/Man/m.07_v16_0003.jpg,0.80921471118927,1
../images/test/data/Just_Images/Caucasian/Man/m.028cfp_0001.jpg,../images/test/data/Just_Images/Caucasian/Man/m.028cfp_0003.jpg,0.8916423320770264,1
../images/test/data/Just_Images/Caucasian/Woman/m.06bxdf_0003.jpg,../images/test/data/Just_Images/Caucasian/Woman/m.06bxdf_0004.jpg,0.8964090347290039,1
../images/test/data/Just_Images/Caucasian/Man/m.0bn9lt_0001.jpg,../images/test/data/Just_Images/Caucasian/Man/m.0bn9lt_0003.jpg,0.8893274068832397,1
../images/test/data/Just_Images/Caucasian/Woman/m.0287_p_0001.jpg,../images/test/data/Just_Images/Caucasian/Woman/m.0287_p_0002.jpg,0.9412499666213989,1
../images/test/data/Just_Images/Caucasian/Man/m.06l0f_0001.jpg,../images/test/data/Just_Images/Caucasian/Man/m.06l0f_0003.jpg,0.9040209054946899,1
../images/test/data/Just_Images/Caucasian/Man/m.0j45msp_0002.jpg,../images/test/data/Just_Images/Caucasian/Man/m.0j45msp_0001.jpg,0.9556166529655457,1
../images/test/data/Just_Images/Caucasian/Man/m.06qv4y_0003.jpg,../images/test/data/Just_Images/Caucasian/Man/m.06qv4y_0001.jpg,0.8507699966430664,1
../images/test/data/Just_Images/Caucasian/Man/m.0h3n0bb_0001.jpg,../images/test/data/Just_Images/Caucasian/Man/m.0h3n0bb_0005.jpg,0.8130834698677063,1
../images/test/data/Just_Images/Caucasian/Man/m.06zq5g2_0003.jpg,../images/test/data/Just_Images/Caucasian/Man/m.06zq5g2_0001.jpg,0.9065349698066711,1
../images/test/data/Just_Images/Caucasian/Woman/m.08mrr0_0005.jpg,../images/test/data/Just_Images/Caucasian/Woman/m.08mrr0_0001.jpg,0.9571313261985779,1
../images/test/data/Just_Images/Caucasian/Woman/m.03cm86_0002.jpg,../images/test/data/Just_Images/Caucasian/Woman/m.03cm86_0001.jpg,0.9206397533416748,1
../images/test/data/Just_Images/Caucasian/Man/m.05r751_0002.jpg,../images/test/data/Just_Images/Caucasian/Man/m.05r751_0003.jpg,0.8960094451904297,1
../images/test/data/Just_Images/Caucasian/Man/m.06_plk_0002.jpg,../images/test/data/Just_Images/Caucasian/Man/m.06_plk_0003.jpg,0.7467266321182251,1
../images/test/data/Just_Images/Caucasian/Woman/m.0lq75yc_0001.jpg,../images/test/data/Just_Images/Caucasian/Woman/m.0lq75yc_0002.jpg,0.9219181537628174,1
../images/test/data/Just_Images/Caucasian/Woman/m.0jhtk_0002.jpg,../images/test/data/Just_Images/Caucasian/Woman/m.0jhtk_0003.jpg,0.9271630048751831,1
../images/test/data/Just_Images/Caucasian/Man/m.07kd18r_0001.jpg,../images/test/data/Just_Images/Caucasian/Man/m.07kd18r_0002.jpg,0.8617740869522095,1
../images/test/data/Just_Images/Caucasian/Man/m.04xws4_0003.jpg,../images/test/data/Just_Images/Caucasian/Man/m.04xws4_0002.jpg,0.8597607612609863,1
../images/test/data/Just_Images/Caucasian/Man/m.06xtd__0001.jpg,../images/test/data/Just_Images/Caucasian/Man/m.06xtd__0003.jpg,0.8691853284835815,1
../images/test/data/Just_Images/Caucasian/Man/m.01nb19j_0002.jpg,../images/test/data/Just_Images/Caucasian/Man/m.01nb19j_0001.jpg,0.8567157983779907,1
../images/test/data/Just_Images/Caucasian/Man/m.024vc__0001.jpg,../images/test/data/Just_Images/Caucasian/Man/m.024vc__0002.jpg,0.8912776708602905,1
../images/test/data/Just_Images/Caucasian/Woman/m.03n4mk_0003.jpg,../images/test/data/Just_Images/Caucasian/Woman/m.03n4mk_0001.jpg,0.9347836971282959,1
../images/test/data/Just_Images/Caucasian/Man/m.03crrg_0002.jpg,../images/test/data/Just_Images/Caucasian/Man/m.03crrg_0003.jpg,0.8747493028640747,1
../images/test/data/Just_Images/Caucasian/Woman/m.06w1sv1_0002.jpg,../images/test/data/Just_Images/Caucasian/Woman/m.06w1sv1_0001.jpg,0.8675144910812378,1
../images/test/data/Just_Images/Caucasian/Man/m.06jrhz_0003.jpg,../images/test/data/Just_Images/Caucasian/Man/m.06jrhz_0002.jpg,0.8013103008270264,1
../images/test/data/Just_Images/Caucasian/Man/m.09v7fm8_0002.jpg,../images/test/data/Just_Images/Caucasian/Man/m.09v7fm8_0001.jpg,0.8467777967453003,1
../images/test/data/Just_Images/Caucasian/Woman/m.0ggb0pb_0001.jpg,../images/test/data/Just_Images/Caucasian/Woman/m.0ggb0pb_0002.jpg,0.9596511125564575,1
../images/test/data/Just_Images/Caucasian/Man/m.01p9wc__0001.jpg,../images/test/data/Just_Images/Caucasian/Man/m.01p9wc__0003.jpg,0.8490170240402222,1
../images/test/data/Just_Images/Caucasian/Man/m.01whj0__0006.jpg,../images/test/data/Just_Images/Caucasian/Man/m.01whj0__0005.jpg,0.9442596435546875,1
../images/test/data/Just_Images/Caucasian/Woman/m.0cn_6bk_0001.jpg,../images/test/data/Just_Images/Caucasian/Woman/m.0cn_6bk_0002.jpg,0.9233859777450562,1
../images/test/data/Just_Images/Caucasian/Man/m.03gvmcq_0002.jpg,../images/test/data/Just_Images/Caucasian/Man/m.03gvmcq_0001.jpg,0.8403642773628235,1
../images/test/data/Just_Images/Caucasian/Man/m.01vgcd6_0003.jpg,../images/test/data/Just_Images/Caucasian/Man/m.01vgcd6_0002.jpg,0.8642528057098389,1
../images/test/data/Just_Images/Caucasian/Man/m.01jrbc1_0001.jpg,../images/test/data/Just_Images/Caucasian/Man/m.01jrbc1_0002.jpg,0.8320884108543396,1
../images/test/data/Just_Images/Caucasian/Woman/m.0884pg_0005.jpg,../images/test/data/Just_Images/Caucasian/Woman/m.0884pg_0001.jpg,0.883669376373291,1
../images/test/data/Just_Images/Caucasian/Man/m.055113_0001.jpg,../images/test/data/Just_Images/Caucasian/Man/m.055113_0002.jpg,0.6102803945541382,1
../images/test/data/Just_Images/Caucasian/Man/m.03d3mg_0001.jpg,../images/test/data/Just_Images/Caucasian/Man/m.03d3mg_0002.jpg,0.9240184426307678,1
../images/test/data/Just_Images/Caucasian/Man/m.0czd17k_0002.jpg,../images/test/data/Just_Images/Caucasian/Man/m.0czd17k_0003.jpg,0.9356232285499573,1
../images/test/data/Just_Images/Caucasian/Man/m.0dtbs0_0002.jpg,../images/test/data/Just_Images/Caucasian/Man/m.0dtbs0_0003.jpg,0.9015708565711975,1
../images/test/data/Just_Images/Caucasian/Man/m.030jg0_0001.jpg,../images/test/data/Just_Images/Caucasian/Man/m.030jg0_0003.jpg,0.9100845456123352,1
../images/test/data/Just_Images/Caucasian/Woman/m.03qv8j_0001.jpg,../images/test/data/Just_Images/Caucasian/Woman/m.03qv8j_0004.jpg,0.8095587491989136,1
../images/test/data/Just_Images/Caucasian/Man/m.05n8v3_0001.jpg,../images/test/data/Just_Images/Caucasian/Man/m.05n8v3_0002.jpg,0.8257076144218445,1
../images/test/data/Just_Images/Caucasian/Man/m.0dyhsl_0002.jpg,../images/test/data/Just_Images/Caucasian/Man/m.0dyhsl_0003.jpg,0.8992856740951538,1
../images/test/data/Just_Images/Caucasian/Woman/m.063fdv_0002.jpg,../images/test/data/Just_Images/Caucasian/Woman/m.063fdv_0003.jpg,0.8038206100463867,1
../images/test/data/Just_Images/Caucasian/Woman/m.01fp68_0002.jpg,../images/test/data/Just_Images/Caucasian/Woman/m.01fp68_0001.jpg,0.8965479135513306,1
../images/test/data/Just_Images/Caucasian/Man/m.074ltg_0003.jpg,../images/test/data/Just_Images/Caucasian/Man/m.074ltg_0002.jpg,0.8953999876976013,1
../images/test/data/Just_Images/Caucasian/Woman/m.0bbx48l_0003.jpg,../images/test/data/Just_Images/Caucasian/Woman/m.0bbx48l_0002.jpg,0.9152964949607849,1
../images/test/data/Just_Images/Caucasian/Man/m.05p9w4v_0001.jpg,../images/test/data/Just_Images/Caucasian/Man/m.05p9w4v_0003.jpg,0.9029879570007324,1
../images/test/data/Just_Images/Caucasian/Woman/m.05c459x_0002.jpg,../images/test/data/Just_Images/Caucasian/Woman/m.05c459x_0001.jpg,0.9346622228622437,1
../images/test/data/Just_Images/Caucasian/Man/m.0gh6vf1_0001.jpg,../images/test/data/Just_Images/Caucasian/Man/m.0gh6vf1_0003.jpg,0.8844668865203857,1
../images/test/data/Just_Images/Caucasian/Man/m.01gm43_0003.jpg,../images/test/data/Just_Images/Caucasian/Man/m.01gm43_0001.jpg,0.9379048347473145,1
../images/test/data/Just_Images/Caucasian/Man/m.0cbxht3_0003.jpg,../images/test/data/Just_Images/Caucasian/Man/m.0cbxht3_0004.jpg,0.8358181715011597,1
../images/test/data/Just_Images/Caucasian/Woman/m.02r3g5z_0003.jpg,../images/test/data/Just_Images/Caucasian/Woman/m.02r3g5z_0001.jpg,0.9241828918457031,1
../images/test/data/Just_Images/Caucasian/Woman/m.0djlqh_0002.jpg,../images/test/data/Just_Images/Caucasian/Woman/m.0djlqh_0001.jpg,0.8189975023269653,1
../images/test/data/Just_Images/Caucasian/Man/m.025yv1m_0004.jpg,../images/test/data/Just_Images/Caucasian/Man/m.025yv1m_0003.jpg,0.8827680945396423,1
../images/test/data/Just_Images/Caucasian/Man/m.06n7m8_0002.jpg,../images/test/data/Just_Images/Caucasian/Man/m.06n7m8_0001.jpg,0.9258719682693481,1
../images/test/data/Just_Images/Caucasian/Man/m.076m3j_0001.jpg,../images/test/data/Just_Images/Caucasian/Man/m.076m3j_0003.jpg,0.7963978052139282,1
../images/test/data/Just_Images/Caucasian/Man/m.01451__0002.jpg,../images/test/data/Just_Images/Caucasian/Man/m.01451__0004.jpg,0.9088805913925171,1
../images/test/data/Just_Images/Caucasian/Woman/m.08_m2x_0001.jpg,../images/test/data/Just_Images/Caucasian/Woman/m.08_m2x_0004.jpg,0.9630753993988037,1
../images/test/data/Just_Images/Caucasian/Man/m.0jwtm6r_0002.jpg,../images/test/data/Just_Images/Caucasian/Man/m.0jwtm6r_0003.jpg,0.8916043043136597,1
../images/test/data/Just_Images/Caucasian/Man/m.05nj7n_0003.jpg,../images/test/data/Just_Images/Caucasian/Man/m.05nj7n_0002.jpg,0.8900789618492126,1
../images/test/data/Just_Images/Caucasian/Woman/m.0fqrpxz_0004.jpg,../images/test/data/Just_Images/Caucasian/Woman/m.0fqrpxz_0002.jpg,0.9142268896102905,1
../images/test/data/Just_Images/Caucasian/Man/m.0ds2zpy_0003.jpg,../images/test/data/Just_Images/Caucasian/Man/m.0ds2zpy_0001.jpg,0.8456670045852661,1
../images/test/data/Just_Images/Caucasian/Woman/m.0crm6l_0003.jpg,../images/test/data/Just_Images/Caucasian/Woman/m.0crm6l_0001.jpg,0.9082788825035095,1
../images/test/data/Just_Images/Caucasian/Woman/m.047c4t_0001.jpg,../images/test/data/Just_Images/Caucasian/Woman/m.047c4t_0004.jpg,0.8425334692001343,1
../images/test/data/Just_Images/Caucasian/Man/m.047g0g_0001.jpg,../images/test/data/Just_Images/Caucasian/Man/m.047g0g_0003.jpg,0.855398416519165,1
../images/test/data/Just_Images/Caucasian/Man/m.0dl5zt_0002.jpg,../images/test/data/Just_Images/Caucasian/Man/m.0dl5zt_0001.jpg,0.84740149974823,1
../images/test/data/Just_Images/Caucasian/Woman/m.06znxl0_0002.jpg,../images/test/data/Just_Images/Caucasian/Woman/m.06znxl0_0003.jpg,0.8959413766860962,1
../images/test/data/Just_Images/Caucasian/Woman/m.06f8p0_0002.jpg,../images/test/data/Just_Images/Caucasian/Woman/m.06f8p0_0004.jpg,0.7322468757629395,1
../images/test/data/Just_Images/Caucasian/Man/m.027m0ky_0001.jpg,../images/test/data/Just_Images/Caucasian/Man/m.027m0ky_0002.jpg,0.8845925331115723,1
../images/test/data/Just_Images/Caucasian/Woman/m.02qxh28_0002.jpg,../images/test/data/Just_Images/Caucasian/Woman/m.02qxh28_0003.jpg,0.8425086736679077,1
../images/test/data/Just_Images/Caucasian/Man/m.030xd_0002.jpg,../images/test/data/Just_Images/Caucasian/Man/m.030xd_0003.jpg,0.827250599861145,1
../images/test/data/Just_Images/Caucasian/Man/m.07gb0p_0002.jpg,../images/test/data/Just_Images/Caucasian/Man/m.07gb0p_0001.jpg,0.8190671801567078,1
../images/test/data/Just_Images/Caucasian/Man/m.0mdz2_0003.jpg,../images/test/data/Just_Images/Caucasian/Man/m.0mdz2_0002.jpg,0.9527180194854736,1
../images/test/data/Just_Images/Caucasian/Man/m.0j28kl9_0002.jpg,../images/test/data/Just_Images/Caucasian/Man/m.0j28kl9_0004.jpg,0.9460737109184265,1
../images/test/data/Just_Images/Caucasian/Man/m.0d8p3__0002.jpg,../images/test/data/Just_Images/Caucasian/Man/m.0d8p3__0003.jpg,0.9221205711364746,1
../images/test/data/Just_Images/Caucasian/Woman/m.0bzpc2_0002.jpg,../images/test/data/Just_Images/Caucasian/Woman/m.0bzpc2_0001.jpg,0.8824745416641235,1
../images/test/data/Just_Images/Caucasian/Man/m.05b3gw_0004.jpg,../images/test/data/Just_Images/Caucasian/Man/m.05b3gw_0001.jpg,0.8132418394088745,1
../images/test/data/Just_Images/Caucasian/Man/m.07s82r_0001.jpg,../images/test/data/Just_Images/Caucasian/Man/m.07s82r_0003.jpg,0.796150267124176,1
../images/test/data/Just_Images/Caucasian/Man/m.02f6sj_0001.jpg,../images/test/data/Just_Images/Caucasian/Man/m.02f6sj_0002.jpg,0.9191203713417053,1
../images/test/data/Just_Images/Caucasian/Man/m.0919vb_0003.jpg,../images/test/data/Just_Images/Caucasian/Man/m.0919vb_0005.jpg,0.888831615447998,1
../images/test/data/Just_Images/Caucasian/Man/m.053ymk_0002.jpg,../images/test/data/Just_Images/Caucasian/Man/m.053ymk_0003.jpg,0.7232761979103088,1
../images/test/data/Just_Images/Caucasian/Man/m.0fp0z4_0003.jpg,../images/test/data/Just_Images/Caucasian/Man/m.0fp0z4_0001.jpg,0.9432604312896729,1
../images/test/data/Just_Images/Caucasian/Man/m.0d63g8_0001.jpg,../images/test/data/Just_Images/Caucasian/Man/m.0d63g8_0002.jpg,0.7993618249893188,1
../images/test/data/Just_Images/Caucasian/Man/m.0g9sw4q_0002.jpg,../images/test/data/Just_Images/Caucasian/Man/m.0g9sw4q_0001.jpg,0.8322811126708984,1
../images/test/data/Just_Images/Caucasian/Woman/m.03dzj__0001.jpg,../images/test/data/Just_Images/Caucasian/Woman/m.03dzj__0002.jpg,0.9118067026138306,1
../images/test/data/Just_Images/Caucasian/Man/m.0g3f1p_0001.jpg,../images/test/data/Just_Images/Caucasian/Man/m.0g3f1p_0003.jpg,0.8354036211967468,1
../images/test/data/Just_Images/Caucasian/Man/m.0ccx4b_0003.jpg,../images/test/data/Just_Images/Caucasian/Man/m.0ccx4b_0001.jpg,0.8317915201187134,1
../images/test/data/Just_Images/Caucasian/Woman/m.04k334_0002.jpg,../images/test/data/Just_Images/Caucasian/Woman/m.04k334_0003.jpg,0.9843375086784363,1
../images/test/data/Just_Images/Caucasian/Man/m.0bmxpb_0004.jpg,../images/test/data/Just_Images/Caucasian/Man/m.0bmxpb_0003.jpg,0.8915047645568848,1
../images/test/data/Just_Images/Caucasian/Man/m.07bblg_0003.jpg,../images/test/data/Just_Images/Caucasian/Man/m.07bblg_0001.jpg,0.8909263014793396,1
../images/test/data/Just_Images/Caucasian/Man/m.02q288g_0003.jpg,../images/test/data/Just_Images/Caucasian/Man/m.02q288g_0004.jpg,0.8630662560462952,1
../images/test/data/Just_Images/Caucasian/Man/m.02sx1n_0001.jpg,../images/test/data/Just_Images/Caucasian/Man/m.02sx1n_0002.jpg,0.7730861902236938,1
../images/test/data/Just_Images/Caucasian/Man/m.08sv66_0001.jpg,../images/test/data/Just_Images/Caucasian/Man/m.08sv66_0002.jpg,0.9442465305328369,1
../images/test/data/Just_Images/Caucasian/Man/m.03yz7n6_0001.jpg,../images/test/data/Just_Images/Caucasian/Man/m.03yz7n6_0003.jpg,0.934934139251709,1
../images/test/data/Just_Images/Caucasian/Man/m.030hcs_0002.jpg,../images/test/data/Just_Images/Caucasian/Man/m.030hcs_0001.jpg,0.9286529421806335,1
../images/test/data/Just_Images/Caucasian/Man/m.07rny4_0002.jpg,../images/test/data/Just_Images/Caucasian/Man/m.07rny4_0003.jpg,0.8591264486312866,1
../images/test/data/Just_Images/Caucasian/Woman/m.05zt0d4_0002.jpg,../images/test/data/Just_Images/Caucasian/Woman/m.05zt0d4_0004.jpg,0.8912132382392883,1
../images/test/data/Just_Images/Caucasian/Man/m.0gqrzn_0002.jpg,../images/test/data/Just_Images/Caucasian/Man/m.0gqrzn_0003.jpg,0.8792695999145508,1
../images/test/data/Just_Images/Caucasian/Man/m.04b6lj_0007.jpg,../images/test/data/Just_Images/Caucasian/Man/m.04b6lj_0001.jpg,0.7965176105499268,1
../images/test/data/Just_Images/Caucasian/Man/m.02r77ks_0002.jpg,../images/test/data/Just_Images/Caucasian/Man/m.02r77ks_0003.jpg,0.913108229637146,1
../images/test/data/Just_Images/Caucasian/Woman/m.0668hy_0001.jpg,../images/test/data/Just_Images/Caucasian/Woman/m.0668hy_0003.jpg,0.9275941848754883,1
../images/test/data/Just_Images/Caucasian/Man/m.06zf83_0003.jpg,../images/test/data/Just_Images/Caucasian/Man/m.06zf83_0001.jpg,0.9458323121070862,1
../images/test/data/Just_Images/Caucasian/Woman/m.02x47y6_0003.jpg,../images/test/data/Just_Images/Caucasian/Woman/m.02x47y6_0001.jpg,0.9149236083030701,1
../images/test/data/Just_Images/Caucasian/Man/m.05v9zns_0003.jpg,../images/test/data/Just_Images/Caucasian/Man/m.05v9zns_0005.jpg,0.875893235206604,1
../images/test/data/Just_Images/Caucasian/Man/m.01s4f1_0002.jpg,../images/test/data/Just_Images/Caucasian/Man/m.01s4f1_0001.jpg,0.8551313877105713,1
../images/test/data/Just_Images/Caucasian/Man/m.05bmg8_0003.jpg,../images/test/data/Just_Images/Caucasian/Man/m.05bmg8_0001.jpg,0.9463649392127991,1
../images/test/data/Just_Images/Caucasian/Man/m.09gwd7_0001.jpg,../images/test/data/Just_Images/Caucasian/Man/m.09gwd7_0002.jpg,0.9020795822143555,1
../images/test/data/Just_Images/Caucasian/Man/m.02k21g_0005.jpg,../images/test/data/Just_Images/Caucasian/Man/m.02k21g_0003.jpg,0.9068548083305359,1
../images/test/data/Just_Images/Caucasian/Woman/m.03f0bnm_0003.jpg,../images/test/data/Just_Images/Caucasian/Woman/m.03f0bnm_0004.jpg,0.8517647385597229,1
../images/test/data/Just_Images/Caucasian/Woman/m.07kh022_0002.jpg,../images/test/data/Just_Images/Caucasian/Woman/m.07kh022_0001.jpg,0.9494212865829468,1
../images/test/data/Just_Images/Caucasian/Man/m.0dm21t_0002.jpg,../images/test/data/Just_Images/Caucasian/Man/m.0dm21t_0001.jpg,0.7888083457946777,1
../images/test/data/Just_Images/Caucasian/Man/m.08gyz8_0002.jpg,../images/test/data/Just_Images/Caucasian/Man/m.08gyz8_0004.jpg,0.8754510283470154,1
../images/test/data/Just_Images/Caucasian/Man/m.01sv0c_0002.jpg,../images/test/data/Just_Images/Caucasian/Man/m.01sv0c_0001.jpg,0.9557069540023804,1
../images/test/data/Just_Images/Caucasian/Woman/m.05gnfp_0003.jpg,../images/test/data/Just_Images/Caucasian/Woman/m.05gnfp_0001.jpg,0.9174357652664185,1
../images/test/data/Just_Images/Caucasian/Man/m.0fy1gx_0001.jpg,../images/test/data/Just_Images/Caucasian/Man/m.0fy1gx_0002.jpg,0.831142783164978,1
../images/test/data/Just_Images/Caucasian/Man/m.0538g4_0003.jpg,../images/test/data/Just_Images/Caucasian/Man/m.0538g4_0001.jpg,0.8280162811279297,1
../images/test/data/Just_Images/Caucasian/Man/m.0py378y_0003.jpg,../images/test/data/Just_Images/Caucasian/Man/m.0py378y_0002.jpg,0.8207052946090698,1
../images/test/data/Just_Images/Caucasian/Man/m.01fc08_0001.jpg,../images/test/data/Just_Images/Caucasian/Man/m.01fc08_0003.jpg,0.9645720720291138,1
../images/test/data/Just_Images/Caucasian/Man/m.0db2mq_0002.jpg,../images/test/data/Just_Images/Caucasian/Man/m.0db2mq_0003.jpg,0.8335402011871338,1
../images/test/data/Just_Images/Caucasian/Man/m.05mt786_0001.jpg,../images/test/data/Just_Images/Caucasian/Man/m.05mt786_0002.jpg,0.9074631929397583,1
../images/test/data/Just_Images/Caucasian/Man/m.03ft8_0001.jpg,../images/test/data/Just_Images/Caucasian/Man/m.03ft8_0002.jpg,0.9049269556999207,1
../images/test/data/Just_Images/Caucasian/Man/m.047cc9b_0003.jpg,../images/test/data/Just_Images/Caucasian/Man/m.047cc9b_0002.jpg,0.7788503766059875,1
../images/test/data/Just_Images/Caucasian/Man/m.05s_nf0_0003.jpg,../images/test/data/Just_Images/Caucasian/Man/m.05s_nf0_0002.jpg,0.8644897937774658,1
../images/test/data/Just_Images/Caucasian/Man/m.01nf051_0003.jpg,../images/test/data/Just_Images/Caucasian/Man/m.01nf051_0002.jpg,0.8196548223495483,1
../images/test/data/Just_Images/Caucasian/Man/m.04rcgd_0002.jpg,../images/test/data/Just_Images/Caucasian/Man/m.04rcgd_0001.jpg,0.9473246335983276,1
../images/test/data/Just_Images/Caucasian/Man/m.04smc9_0004.jpg,../images/test/data/Just_Images/Caucasian/Man/m.04smc9_0002.jpg,0.8962748646736145,1
../images/test/data/Just_Images/Caucasian/Woman/m.05h2n7l_0002.jpg,../images/test/data/Just_Images/Caucasian/Woman/m.05h2n7l_0004.jpg,0.9521863460540771,1
../images/test/data/Just_Images/Caucasian/Man/m.0fp05l_0002.jpg,../images/test/data/Just_Images/Caucasian/Man/m.0fp05l_0001.jpg,0.8439388275146484,1
../images/test/data/Just_Images/Caucasian/Man/m.0c7bmj_0003.jpg,../images/test/data/Just_Images/Caucasian/Man/m.0c7bmj_0001.jpg,0.9189624786376953,1
../images/test/data/Just_Images/Caucasian/Man/m.08cs1q_0002.jpg,../images/test/data/Just_Images/Caucasian/Man/m.08cs1q_0003.jpg,0.8852559924125671,1
../images/test/data/Just_Images/Caucasian/Man/m.02z3x16_0002.jpg,../images/test/data/Just_Images/Caucasian/Man/m.02z3x16_0001.jpg,0.8660624027252197,1
../images/test/data/Just_Images/Caucasian/Man/m.0q3_h32_0001.jpg,../images/test/data/Just_Images/Caucasian/Man/m.0q3_h32_0002.jpg,0.8751857280731201,1
../images/test/data/Just_Images/Caucasian/Man/m.05p36x1_0001.jpg,../images/test/data/Just_Images/Caucasian/Man/m.05p36x1_0002.jpg,0.8658877015113831,1
../images/test/data/Just_Images/Caucasian/Man/m.015076_0002.jpg,../images/test/data/Just_Images/Caucasian/Man/m.015076_0001.jpg,0.8531484603881836,1
../images/test/data/Just_Images/Caucasian/Man/m.03ckdyn_0004.jpg,../images/test/data/Just_Images/Caucasian/Man/m.03ckdyn_0003.jpg,0.8675245046615601,1
../images/test/data/Just_Images/Caucasian/Man/m.021d_0_0003.jpg,../images/test/data/Just_Images/Caucasian/Man/m.021d_0_0002.jpg,0.7864577770233154,1
../images/test/data/Just_Images/Caucasian/Woman/m.0389h7_0001.jpg,../images/test/data/Just_Images/Caucasian/Woman/m.0389h7_0003.jpg,0.8486765623092651,1
../images/test/data/Just_Images/Caucasian/Man/m.0jsfs9k_0003.jpg,../images/test/data/Just_Images/Caucasian/Man/m.0jsfs9k_0004.jpg,0.8180208206176758,1
../images/test/data/Just_Images/Caucasian/Woman/m.0dczsx_0005.jpg,../images/test/data/Just_Images/Caucasian/Woman/m.0dczsx_0004.jpg,0.8022140264511108,1
../images/test/data/Just_Images/Caucasian/Man/m.048d6f_0003.jpg,../images/test/data/Just_Images/Caucasian/Man/m.048d6f_0001.jpg,0.8957160711288452,1
../images/test/data/Just_Images/Caucasian/Man/m.04f_555_0001.jpg,../images/test/data/Just_Images/Caucasian/Man/m.04f_555_0003.jpg,0.8574165105819702,1
../images/test/data/Just_Images/Caucasian/Woman/m.08fsy0_0001.jpg,../images/test/data/Just_Images/Caucasian/Woman/m.08fsy0_0004.jpg,0.9382503032684326,1
../images/test/data/Just_Images/Caucasian/Man/m.02q_nsj_0001.jpg,../images/test/data/Just_Images/Caucasian/Man/m.02q_nsj_0003.jpg,0.8239632844924927,1
../images/test/data/Just_Images/Caucasian/Man/m.025grm_0003.jpg,../images/test/data/Just_Images/Caucasian/Man/m.025grm_0001.jpg,0.9091936349868774,1
../images/test/data/Just_Images/Caucasian/Man/m.01c8x_0003.jpg,../images/test/data/Just_Images/Caucasian/Man/m.01c8x_0001.jpg,0.9073082804679871,1
../images/test/data/Just_Images/Caucasian/Man/m.0grjs__0003.jpg,../images/test/data/Just_Images/Caucasian/Man/m.0grjs__0002.jpg,0.7875486612319946,1
../images/test/data/Just_Images/Caucasian/Woman/m.03hnw8t_0002.jpg,../images/test/data/Just_Images/Caucasian/Woman/m.03hnw8t_0001.jpg,0.8777168989181519,1
../images/test/data/Just_Images/Caucasian/Man/m.03jygk_0003.jpg,../images/test/data/Just_Images/Caucasian/Man/m.03jygk_0001.jpg,0.8404385447502136,1
../images/test/data/Just_Images/Caucasian/Man/m.0bh9r4h_0001.jpg,../images/test/data/Just_Images/Caucasian/Man/m.0bh9r4h_0003.jpg,0.8676706552505493,1
../images/test/data/Just_Images/Caucasian/Man/m.055lvl_0003.jpg,../images/test/data/Just_Images/Caucasian/Man/m.055lvl_0001.jpg,0.9488884210586548,1
../images/test/data/Just_Images/Caucasian/Woman/m.06b4j5_0003.jpg,../images/test/data/Just_Images/Caucasian/Woman/m.06b4j5_0001.jpg,0.829310417175293,1
../images/test/data/Just_Images/Caucasian/Man/m.0c7c5b_0002.jpg,../images/test/data/Just_Images/Caucasian/Man/m.0c7c5b_0003.jpg,0.8023269772529602,1
../images/test/data/Just_Images/Caucasian/Man/m.09gjlfs_0003.jpg,../images/test/data/Just_Images/Caucasian/Man/m.09gjlfs_0002.jpg,0.8843952417373657,1
../images/test/data/Just_Images/Caucasian/Woman/m.07kd1h0_0002.jpg,../images/test/data/Just_Images/Caucasian/Woman/m.07kd1h0_0001.jpg,0.8524483442306519,1
../images/test/data/Just_Images/Caucasian/Man/m.0d033h_0003.jpg,../images/test/data/Just_Images/Caucasian/Man/m.0d033h_0002.jpg,0.8678662776947021,1
../images/test/data/Just_Images/Caucasian/Woman/m.03ghnx_0001.jpg,../images/test/data/Just_Images/Caucasian/Woman/m.03ghnx_0003.jpg,0.8813931941986084,1
../images/test/data/Just_Images/Caucasian/Man/m.05_qxl_0001.jpg,../images/test/data/Just_Images/Caucasian/Man/m.05_qxl_0003.jpg,0.9397057294845581,1
../images/test/data/Just_Images/Caucasian/Man/m.062srm_0003.jpg,../images/test/data/Just_Images/Caucasian/Man/m.062srm_0002.jpg,0.9162281155586243,1
../images/test/data/Just_Images/Caucasian/Man/m.02gx7d_0001.jpg,../images/test/data/Just_Images/Caucasian/Man/m.02gx7d_0002.jpg,0.934738278388977,1
../images/test/data/Just_Images/Caucasian/Man/m.0bbz862_0001.jpg,../images/test/data/Just_Images/Caucasian/Man/m.0bbz862_0002.jpg,0.7329944372177124,1
../images/test/data/Just_Images/Caucasian/Man/m.0c92y_0002.jpg,../images/test/data/Just_Images/Caucasian/Man/m.0c92y_0001.jpg,0.8888235092163086,1
../images/test/data/Just_Images/Caucasian/Man/m.01rkzk_0004.jpg,../images/test/data/Just_Images/Caucasian/Man/m.01rkzk_0002.jpg,0.9087367057800293,1
../images/test/data/Just_Images/Caucasian/Woman/m.06h508_0003.jpg,../images/test/data/Just_Images/Caucasian/Woman/m.06h508_0002.jpg,0.7897979021072388,1
../images/test/data/Just_Images/Caucasian/Woman/m.01xm6k_0003.jpg,../images/test/data/Just_Images/Caucasian/Woman/m.01xm6k_0002.jpg,0.9493721723556519,1
../images/test/data/Just_Images/Caucasian/Man/m.05zp1qt_0005.jpg,../images/test/data/Just_Images/Caucasian/Man/m.05zp1qt_0002.jpg,0.8247264623641968,1
../images/test/data/Just_Images/Caucasian/Woman/m.0h1c9v6_0003.jpg,../images/test/data/Just_Images/Caucasian/Woman/m.0h1c9v6_0004.jpg,0.966895341873169,1
../images/test/data/Just_Images/Caucasian/Woman/m.05cgsr_0002.jpg,../images/test/data/Just_Images/Caucasian/Woman/m.05cgsr_0001.jpg,0.9492174983024597,1
../images/test/data/Just_Images/Caucasian/Woman/m.0ft3dj_0001.jpg,../images/test/data/Just_Images/Caucasian/Woman/m.0ft3dj_0003.jpg,0.8686503171920776,1
../images/test/data/Just_Images/Caucasian/Man/m.026nvj5_0001.jpg,../images/test/data/Just_Images/Caucasian/Man/m.026nvj5_0004.jpg,0.7769041061401367,1
../images/test/data/Just_Images/Caucasian/Man/m.088vv6_0003.jpg,../images/test/data/Just_Images/Caucasian/Man/m.088vv6_0002.jpg,0.8272768259048462,1
../images/test/data/Just_Images/Caucasian/Man/m.01479s_0002.jpg,../images/test/data/Just_Images/Caucasian/Man/m.01479s_0005.jpg,0.8784708380699158,1
../images/test/data/Just_Images/Caucasian/Woman/m.0g577f5_0003.jpg,../images/test/data/Just_Images/Caucasian/Woman/m.0g577f5_0002.jpg,0.9419806003570557,1
../images/test/data/Just_Images/Caucasian/Man/m.07s4njk_0001.jpg,../images/test/data/Just_Images/Caucasian/Man/m.07s4njk_0002.jpg,0.9225078821182251,1
../images/test/data/Just_Images/Caucasian/Man/m.05wqr1_0003.jpg,../images/test/data/Just_Images/Caucasian/Man/m.05wqr1_0001.jpg,0.7910672426223755,1
../images/test/data/Just_Images/Caucasian/Man/m.09pj82_0003.jpg,../images/test/data/Just_Images/Caucasian/Man/m.09pj82_0002.jpg,0.8179267048835754,1
../images/test/data/Just_Images/Caucasian/Man/m.067k19_0002.jpg,../images/test/data/Just_Images/Caucasian/Man/m.067k19_0003.jpg,0.9149569869041443,1
../images/test/data/Just_Images/Caucasian/Man/m.0865xp_0002.jpg,../images/test/data/Just_Images/Caucasian/Man/m.0865xp_0001.jpg,0.9265945553779602,1
../images/test/data/Just_Images/Caucasian/Man/m.01h7h0_0004.jpg,../images/test/data/Just_Images/Caucasian/Man/m.01h7h0_0003.jpg,0.917147159576416,1
../images/test/data/Just_Images/Caucasian/Man/m.03qfqy8_0003.jpg,../images/test/data/Just_Images/Caucasian/Man/m.03qfqy8_0001.jpg,0.8954164981842041,1
../images/test/data/Just_Images/Caucasian/Man/m.02651pm_0003.jpg,../images/test/data/Just_Images/Caucasian/Man/m.02651pm_0001.jpg,0.4808874726295471,1
../images/test/data/Just_Images/Caucasian/Man/m.02238b_0002.jpg,../images/test/data/Just_Images/Caucasian/Man/m.02238b_0001.jpg,0.9148787260055542,1
../images/test/data/Just_Images/Caucasian/Woman/m.03qg_h5_0002.jpg,../images/test/data/Just_Images/Caucasian/Woman/m.03qg_h5_0003.jpg,0.8816930055618286,1
../images/test/data/Just_Images/Caucasian/Man/m.06jvj7_0003.jpg,../images/test/data/Just_Images/Caucasian/Man/m.06jvj7_0002.jpg,0.9067379236221313,1
../images/test/data/Just_Images/Caucasian/Man/m.0288yd_0001.jpg,../images/test/data/Just_Images/Caucasian/Man/m.0288yd_0002.jpg,0.8452428579330444,1
../images/test/data/Just_Images/Caucasian/Woman/m.025wgh2_0002.jpg,../images/test/data/Just_Images/Caucasian/Woman/m.025wgh2_0001.jpg,0.9261944890022278,1
../images/test/data/Just_Images/Caucasian/Man/m.086vll_0001.jpg,../images/test/data/Just_Images/Caucasian/Man/m.086vll_0002.jpg,0.9298862218856812,1
../images/test/data/Just_Images/Caucasian/Man/m.04lvjw_0001.jpg,../images/test/data/Just_Images/Caucasian/Man/m.04lvjw_0003.jpg,0.9462191462516785,1
../images/test/data/Just_Images/Caucasian/Woman/m.08v3yc_0002.jpg,../images/test/data/Just_Images/Caucasian/Woman/m.08v3yc_0003.jpg,0.932252049446106,1
../images/test/data/Just_Images/Caucasian/Woman/m.075ms__0002.jpg,../images/test/data/Just_Images/Caucasian/Woman/m.075ms__0003.jpg,0.9314154982566833,1
../images/test/data/Just_Images/Caucasian/Man/m.026_dq6_0003.jpg,../images/test/data/Just_Images/Caucasian/Man/m.026_dq6_0002.jpg,0.8863654732704163,1
../images/test/data/Just_Images/Caucasian/Man/m.0h_bsq6_0002.jpg,../images/test/data/Just_Images/Caucasian/Man/m.0h_bsq6_0003.jpg,0.9279510974884033,1
../images/test/data/Just_Images/Caucasian/Man/m.01hf4p_0004.jpg,../images/test/data/Just_Images/Caucasian/Man/m.01hf4p_0001.jpg,0.7420809864997864,1
../images/test/data/Just_Images/Caucasian/Man/m.026_pp4_0003.jpg,../images/test/data/Just_Images/Caucasian/Man/m.026_pp4_0002.jpg,0.777510941028595,1
../images/test/data/Just_Images/Caucasian/Woman/m.09zmys_0002.jpg,../images/test/data/Just_Images/Caucasian/Woman/m.09zmys_0003.jpg,0.8658922910690308,1
../images/test/data/Just_Images/Caucasian/Man/m.0r4pmym_0003.jpg,../images/test/data/Just_Images/Caucasian/Man/m.0r4pmym_0001.jpg,0.8345026969909668,1
../images/test/data/Just_Images/Caucasian/Man/m.0cbkw_0001.jpg,../images/test/data/Just_Images/Caucasian/Man/m.0cbkw_0004.jpg,0.8476704359054565,1
../images/test/data/Just_Images/Caucasian/Man/m.02dtfm_0002.jpg,../images/test/data/Just_Images/Caucasian/Man/m.02dtfm_0003.jpg,0.9551073908805847,1
../images/test/data/Just_Images/Caucasian/Man/m.01ppqx6_0001.jpg,../images/test/data/Just_Images/Caucasian/Man/m.01ppqx6_0003.jpg,0.9036928415298462,1
../images/test/data/Just_Images/Caucasian/Man/m.05_m3z_0001.jpg,../images/test/data/Just_Images/Caucasian/Man/m.05_m3z_0003.jpg,0.8905949592590332,1
../images/test/data/Just_Images/Caucasian/Man/m.0c3v046_0003.jpg,../images/test/data/Just_Images/Caucasian/Man/m.0c3v046_0001.jpg,0.8688738346099854,1
../images/test/data/Just_Images/Caucasian/Man/m.05p81kq_0002.jpg,../images/test/data/Just_Images/Caucasian/Man/m.05p81kq_0001.jpg,0.8018214106559753,1
../images/test/data/Just_Images/Caucasian/Man/m.0dlk_jr_0002.jpg,../images/test/data/Just_Images/Caucasian/Man/m.0dlk_jr_0003.jpg,0.83690345287323,1
../images/test/data/Just_Images/Caucasian/Woman/m.01pw4x1_0001.jpg,../images/test/data/Just_Images/Caucasian/Woman/m.01pw4x1_0002.jpg,0.9438730478286743,1
../images/test/data/Just_Images/Caucasian/Man/m.0bx1cr_0002.jpg,../images/test/data/Just_Images/Caucasian/Man/m.0bx1cr_0003.jpg,0.7934607863426208,1
../images/test/data/Just_Images/Caucasian/Man/m.0cy32b_0001.jpg,../images/test/data/Just_Images/Caucasian/Man/m.0cy32b_0003.jpg,0.9093267917633057,1
../images/test/data/Just_Images/Caucasian/Man/m.08s2ff_0001.jpg,../images/test/data/Just_Images/Caucasian/Man/m.08s2ff_0004.jpg,0.6982793211936951,1
../images/test/data/Just_Images/Caucasian/Woman/m.0g53f8w_0001.jpg,../images/test/data/Just_Images/Caucasian/Woman/m.0g53f8w_0003.jpg,0.9290652275085449,1
../images/test/data/Just_Images/Caucasian/Man/m.04k7yy_0001.jpg,../images/test/data/Just_Images/Caucasian/Man/m.04k7yy_0002.jpg,0.8646504878997803,1
../images/test/data/Just_Images/Caucasian/Man/m.07g7kn_0002.jpg,../images/test/data/Just_Images/Caucasian/Man/m.07g7kn_0001.jpg,0.851631760597229,1
../images/test/data/Just_Images/Caucasian/Man/m.0cqh0q_0002.jpg,../images/test/data/Just_Images/Caucasian/Man/m.0cqh0q_0001.jpg,0.9092450141906738,1
../images/test/data/Just_Images/Caucasian/Woman/m.04060hl_0002.jpg,../images/test/data/Just_Images/Caucasian/Woman/m.04060hl_0003.jpg,0.9101889729499817,1
../images/test/data/Just_Images/Caucasian/Man/m.02y174_0003.jpg,../images/test/data/Just_Images/Caucasian/Man/m.02y174_0004.jpg,0.9464636445045471,1
../images/test/data/Just_Images/Caucasian/Man/m.07zj6v_0001.jpg,../images/test/data/Just_Images/Caucasian/Man/m.07zj6v_0003.jpg,0.851606011390686,1
../images/test/data/Just_Images/Caucasian/Man/m.027gf69_0002.jpg,../images/test/data/Just_Images/Caucasian/Man/m.027gf69_0003.jpg,0.9269829988479614,1
../images/test/data/Just_Images/Caucasian/Man/m.070cmt_0003.jpg,../images/test/data/Just_Images/Caucasian/Man/m.070cmt_0004.jpg,0.9167770743370056,1
../images/test/data/Just_Images/Caucasian/Man/m.07sbb8n_0001.jpg,../images/test/data/Just_Images/Caucasian/Man/m.07sbb8n_0002.jpg,0.9103401303291321,1
../images/test/data/Just_Images/Caucasian/Man/m.03b_tkw_0002.jpg,../images/test/data/Just_Images/Caucasian/Man/m.03b_tkw_0001.jpg,0.8280425071716309,1
../images/test/data/Just_Images/Caucasian/Man/m.01kd57_0001.jpg,../images/test/data/Just_Images/Caucasian/Man/m.01kd57_0002.jpg,0.8193441033363342,1
../images/test/data/Just_Images/Caucasian/Man/m.0lngf_0003.jpg,../images/test/data/Just_Images/Caucasian/Man/m.0lngf_0004.jpg,0.8186941146850586,1
../images/test/data/Just_Images/Caucasian/Man/m.03g_94z_0003.jpg,../images/test/data/Just_Images/Caucasian/Man/m.03g_94z_0001.jpg,0.9110124111175537,1
../images/test/data/Just_Images/Caucasian/Man/m.01m_xk_0002.jpg,../images/test/data/Just_Images/Caucasian/Man/m.01m_xk_0003.jpg,0.9644244313240051,1
../images/test/data/Just_Images/Caucasian/Woman/m.08vff9_0002.jpg,../images/test/data/Just_Images/Caucasian/Woman/m.08vff9_0003.jpg,0.9115797281265259,1
../images/test/data/Just_Images/Caucasian/Man/m.030xfx_0002.jpg,../images/test/data/Just_Images/Caucasian/Man/m.030xfx_0004.jpg,0.9260826110839844,1
../images/test/data/Just_Images/Caucasian/Man/m.02gt9t_0002.jpg,../images/test/data/Just_Images/Caucasian/Man/m.02gt9t_0003.jpg,0.8494096398353577,1
../images/test/data/Just_Images/Caucasian/Man/m.04ff85_0004.jpg,../images/test/data/Just_Images/Caucasian/Man/m.04ff85_0001.jpg,0.8593047857284546,1
../images/test/data/Just_Images/Caucasian/Man/m.0fn9m8_0001.jpg,../images/test/data/Just_Images/Caucasian/Man/m.0fn9m8_0003.jpg,0.8074823617935181,1
../images/test/data/Just_Images/Caucasian/Man/m.04526z_0001.jpg,../images/test/data/Just_Images/Caucasian/Man/m.04526z_0002.jpg,0.8672630786895752,1
../images/test/data/Just_Images/Caucasian/Man/m.07xzc1_0002.jpg,../images/test/data/Just_Images/Caucasian/Man/m.07xzc1_0003.jpg,0.8152357935905457,1
../images/test/data/Just_Images/Caucasian/Woman/m.05gm41_0002.jpg,../images/test/data/Just_Images/Caucasian/Woman/m.05gm41_0003.jpg,0.9230539202690125,1
../images/test/data/Just_Images/Caucasian/Man/m.0ktddf_0001.jpg,../images/test/data/Just_Images/Caucasian/Man/m.0ktddf_0003.jpg,0.8470675945281982,1
../images/test/data/Just_Images/Caucasian/Man/m.03m8xys_0002.jpg,../images/test/data/Just_Images/Caucasian/Man/m.03m8xys_0003.jpg,0.90350341796875,1
../images/test/data/Just_Images/Caucasian/Man/m.07wfzm_0002.jpg,../images/test/data/Just_Images/Caucasian/Man/m.07wfzm_0003.jpg,0.8725507855415344,1
../images/test/data/Just_Images/Caucasian/Man/m.03hmb3v_0001.jpg,../images/test/data/Just_Images/Caucasian/Man/m.03hmb3v_0002.jpg,0.9352532029151917,1
../images/test/data/Just_Images/Caucasian/Man/m.01s4ss_0001.jpg,../images/test/data/Just_Images/Caucasian/Man/m.01s4ss_0002.jpg,0.9290552139282227,1
../images/test/data/Just_Images/Caucasian/Man/m.0705mg_0002.jpg,../images/test/data/Just_Images/Caucasian/Man/m.0705mg_0003.jpg,0.9489567279815674,1
../images/test/data/Just_Images/Caucasian/Man/m.026clqp_0002.jpg,../images/test/data/Just_Images/Caucasian/Man/m.026clqp_0003.jpg,0.9365251660346985,1
../images/test/data/Just_Images/Caucasian/Man/m.07fx1f_0001.jpg,../images/test/data/Just_Images/Caucasian/Man/m.07fx1f_0003.jpg,0.8203763961791992,1
../images/test/data/Just_Images/Caucasian/Man/m.06zjnfc_0002.jpg,../images/test/data/Just_Images/Caucasian/Man/m.06zjnfc_0003.jpg,0.8538329005241394,1
../images/test/data/Just_Images/Caucasian/Man/m.05pbbnj_0001.jpg,../images/test/data/Just_Images/Caucasian/Man/m.05pbbnj_0002.jpg,0.8708927631378174,1
../images/test/data/Just_Images/Caucasian/Man/m.0qfsjx0_0001.jpg,../images/test/data/Just_Images/Caucasian/Man/m.0qfsjx0_0004.jpg,0.9066917896270752,1
../images/test/data/Just_Images/Caucasian/Woman/m.030w0v_0001.jpg,../images/test/data/Just_Images/Caucasian/Woman/m.030w0v_0002.jpg,0.8478931188583374,1
../images/test/data/Just_Images/Caucasian/Man/m.0j_6fkt_0001.jpg,../images/test/data/Just_Images/Caucasian/Man/m.0j_6fkt_0002.jpg,0.8468749523162842,1
../images/test/data/Just_Images/Caucasian/Woman/m.0g58p5d_0002.jpg,../images/test/data/Just_Images/Caucasian/Woman/m.0g58p5d_0003.jpg,0.9074670076370239,1
../images/test/data/Just_Images/Caucasian/Man/m.04g4s3_0003.jpg,../images/test/data/Just_Images/Caucasian/Man/m.04g4s3_0002.jpg,0.8960648775100708,1
../images/test/data/Just_Images/Caucasian/Man/m.026_cgm_0002.jpg,../images/test/data/Just_Images/Caucasian/Man/m.026_cgm_0001.jpg,0.9465954899787903,1
../images/test/data/Just_Images/Caucasian/Man/m.027_z7s_0001.jpg,../images/test/data/Just_Images/Caucasian/Man/m.027_z7s_0003.jpg,0.7658161520957947,1
../images/test/data/Just_Images/Caucasian/Woman/m.05b9wcq_0001.jpg,../images/test/data/Just_Images/Caucasian/Woman/m.05b9wcq_0003.jpg,0.852470874786377,1
../images/test/data/Just_Images/Caucasian/Woman/m.0hnbhj4_0001.jpg,../images/test/data/Just_Images/Caucasian/Woman/m.0hnbhj4_0002.jpg,0.8955974578857422,1
../images/test/data/Just_Images/Caucasian/Man/m.07kdmj3_0004.jpg,../images/test/data/Just_Images/Caucasian/Man/m.07kdmj3_0003.jpg,0.855771541595459,1
../images/test/data/Just_Images/Caucasian/Man/m.013r6h_0001.jpg,../images/test/data/Just_Images/Caucasian/Man/m.013r6h_0002.jpg,0.891966700553894,1
../images/test/data/Just_Images/Caucasian/Man/m.0kchtv8_0001.jpg,../images/test/data/Just_Images/Caucasian/Man/m.0kchtv8_0003.jpg,0.9371430277824402,1
../images/test/data/Just_Images/Caucasian/Man/m.023g9f_0002.jpg,../images/test/data/Just_Images/Caucasian/Man/m.023g9f_0004.jpg,0.892515242099762,1
../images/test/data/Just_Images/Caucasian/Man/m.049150_0003.jpg,../images/test/data/Just_Images/Caucasian/Man/m.049150_0001.jpg,0.8950026631355286,1
../images/test/data/Just_Images/Caucasian/Woman/m.0661321_0003.jpg,../images/test/data/Just_Images/Caucasian/Woman/m.0661321_0002.jpg,0.920627236366272,1
../images/test/data/Just_Images/Caucasian/Man/m.05_hcg_0001.jpg,../images/test/data/Just_Images/Caucasian/Man/m.05_hcg_0002.jpg,0.9451671242713928,1
../images/test/data/Just_Images/Caucasian/Man/m.0jjr6g7_0001.jpg,../images/test/data/Just_Images/Caucasian/Man/m.0jjr6g7_0002.jpg,0.8788896799087524,1
../images/test/data/Just_Images/Caucasian/Man/m.0903yz_0001.jpg,../images/test/data/Just_Images/Caucasian/Man/m.0903yz_0003.jpg,0.9035316109657288,1
../images/test/data/Just_Images/Caucasian/Man/m.02708x3_0002.jpg,../images/test/data/Just_Images/Caucasian/Man/m.02708x3_0001.jpg,0.9153562784194946,1
../images/test/data/Just_Images/Caucasian/Woman/m.0j_6nsk_0003.jpg,../images/test/data/Just_Images/Caucasian/Woman/m.0j_6nsk_0004.jpg,0.8847213983535767,1
../images/test/data/Just_Images/Caucasian/Man/m.07zjy5_0002.jpg,../images/test/data/Just_Images/Caucasian/Man/m.07zjy5_0004.jpg,0.9273122549057007,1
../images/test/data/Just_Images/Caucasian/Man/m.0dz861_0006.jpg,../images/test/data/Just_Images/Caucasian/Man/m.0dz861_0005.jpg,0.9484637975692749,1
../images/test/data/Just_Images/Caucasian/Man/m.015qty_0002.jpg,../images/test/data/Just_Images/Caucasian/Man/m.015qty_0001.jpg,0.9008129835128784,1
../images/test/data/Just_Images/Caucasian/Man/m.01thjy9_0004.jpg,../images/test/data/Just_Images/Caucasian/Man/m.01thjy9_0005.jpg,0.8072454929351807,1
../images/test/data/Just_Images/Caucasian/Man/m.04xb3k_0003.jpg,../images/test/data/Just_Images/Caucasian/Man/m.04xb3k_0001.jpg,0.8523886799812317,1
../images/test/data/Just_Images/Caucasian/Woman/m.08f1h__0001.jpg,../images/test/data/Just_Images/Caucasian/Woman/m.08f1h__0002.jpg,0.8662229776382446,1
../images/test/data/Just_Images/Caucasian/Man/m.0g0d56_0002.jpg,../images/test/data/Just_Images/Caucasian/Man/m.0g0d56_0003.jpg,0.8618766069412231,1
../images/test/data/Just_Images/Caucasian/Woman/m.05ry0p_0002.jpg,../images/test/data/Just_Images/Caucasian/Woman/m.05ry0p_0003.jpg,0.9482821822166443,1
../images/test/data/Just_Images/Caucasian/Man/m.06_y8k_0002.jpg,../images/test/data/Just_Images/Caucasian/Man/m.06_y8k_0001.jpg,0.9616527557373047,1
../images/test/data/Just_Images/Caucasian/Man/m.05c49j_0003.jpg,../images/test/data/Just_Images/Caucasian/Man/m.05c49j_0002.jpg,0.8500882983207703,1
../images/test/data/Just_Images/Caucasian/Woman/m.031bsz_0002.jpg,../images/test/data/Just_Images/Caucasian/Woman/m.031bsz_0001.jpg,0.7877740859985352,1
../images/test/data/Just_Images/Caucasian/Man/m.080h92h_0002.jpg,../images/test/data/Just_Images/Caucasian/Man/m.080h92h_0001.jpg,0.8882750272750854,1
../images/test/data/Just_Images/Caucasian/Man/m.0bmxpb_0001.jpg,../images/test/data/Just_Images/Caucasian/Man/m.0hzmhv2_0002.jpg,0.8505701422691345,0
../images/test/data/Just_Images/Caucasian/Man/m.0619l2_0002.jpg,../images/test/data/Just_Images/Caucasian/Man/m.047cc9b_0004.jpg,0.8907835483551025,0
../images/test/data/Just_Images/Caucasian/Man/m.03f1sjy_0003.jpg,../images/test/data/Just_Images/Caucasian/Woman/m.02r9sfp_0003.jpg,0.8488410115242004,0
../images/test/data/Just_Images/Caucasian/Man/m.0cs6m8_0003.jpg,../images/test/data/Just_Images/Caucasian/Man/m.0556gt_0004.jpg,0.9473079442977905,0
../images/test/data/Just_Images/Caucasian/Man/m.03pm9k_0002.jpg,../images/test/data/Just_Images/Caucasian/Man/m.05gkqv_0001.jpg,0.8931037187576294,0
../images/test/data/Just_Images/Caucasian/Man/m.08lx2b_0001.jpg,../images/test/data/Just_Images/Caucasian/Man/m.02gt9t_0001.jpg,0.9323573708534241,0
../images/test/data/Just_Images/Caucasian/Man/m.076tn97_0002.jpg,../images/test/data/Just_Images/Caucasian/Woman/m.08vrsq_0006.jpg,0.8445118069648743,0
../images/test/data/Just_Images/Caucasian/Man/m.026zhxp_0001.jpg,../images/test/data/Just_Images/Caucasian/Woman/m.01l3mk3_0005.jpg,0.7650147080421448,0
../images/test/data/Just_Images/Caucasian/Man/m.08t4d6_0003.jpg,../images/test/data/Just_Images/Caucasian/Man/m.03cszww_0002.jpg,0.8536660671234131,0
../images/test/data/Just_Images/Caucasian/Man/m.02gnx5_0002.jpg,../images/test/data/Just_Images/Caucasian/Man/m.02thfq_0003.jpg,0.9476962685585022,0
../images/test/data/Just_Images/Caucasian/Woman/m.03cnx89_0002.jpg,../images/test/data/Just_Images/Caucasian/Woman/m.07prh7_0002.jpg,0.9262494444847107,0
../images/test/data/Just_Images/Caucasian/Man/m.0n5vq6q_0002.jpg,../images/test/data/Just_Images/Caucasian/Woman/m.0ggb0pb_0001.jpg,0.8773595094680786,0
../images/test/data/Just_Images/Caucasian/Woman/m.05mgqb_0004.jpg,../images/test/data/Just_Images/Caucasian/Man/m.06g6fc_0003.jpg,0.8369742035865784,0
../images/test/data/Just_Images/Caucasian/Man/m.03tqn3_0005.jpg,../images/test/data/Just_Images/Caucasian/Man/m.03z0jf_0001.jpg,0.7985126972198486,0
../images/test/data/Just_Images/Caucasian/Man/m.0283gz5_0005.jpg,../images/test/data/Just_Images/Caucasian/Woman/m.07s9qf2_0001.jpg,0.936151385307312,0
../images/test/data/Just_Images/Caucasian/Woman/m.051t72_0004.jpg,../images/test/data/Just_Images/Caucasian/Man/m.05zwm67_0002.jpg,0.8871084451675415,0
../images/test/data/Just_Images/Caucasian/Woman/m.09fw4r_0002.jpg,../images/test/data/Just_Images/Caucasian/Man/m.0j9mdv2_0001.jpg,0.880203127861023,0
../images/test/data/Just_Images/Caucasian/Man/m.0342z8_0001.jpg,../images/test/data/Just_Images/Caucasian/Man/m.0414hzy_0003.jpg,0.6928426027297974,0
../images/test/data/Just_Images/Caucasian/Man/m.02q484d_0001.jpg,../images/test/data/Just_Images/Caucasian/Man/m.01_pll_0003.jpg,0.8733025789260864,0
../images/test/data/Just_Images/Caucasian/Man/m.06zpl8x_0003.jpg,../images/test/data/Just_Images/Caucasian/Man/m.0271yq_0003.jpg,0.8877512812614441,0
../images/test/data/Just_Images/Caucasian/Man/m.0182vk_0002.jpg,../images/test/data/Just_Images/Caucasian/Man/m.062zv9_0003.jpg,0.8492987155914307,0
../images/test/data/Just_Images/Caucasian/Man/m.06g9_t_0004.jpg,../images/test/data/Just_Images/Caucasian/Woman/m.08mggv_0001.jpg,0.7949070930480957,0
../images/test/data/Just_Images/Caucasian/Woman/m.0gyr6nh_0002.jpg,../images/test/data/Just_Images/Caucasian/Man/m.06jpjl_0001.jpg,0.8795181512832642,0
../images/test/data/Just_Images/Caucasian/Man/m.04xvgg_0003.jpg,../images/test/data/Just_Images/Caucasian/Man/m.0bsygw_0003.jpg,0.935364842414856,0
../images/test/data/Just_Images/Caucasian/Man/m.02gx7d_0002.jpg,../images/test/data/Just_Images/Caucasian/Man/m.09bxhp_0001.jpg,0.9243011474609375,0
../images/test/data/Just_Images/Caucasian/Woman/m.05c_wv_0004.jpg,../images/test/data/Just_Images/Caucasian/Man/m.028cfp_0001.jpg,0.8770511150360107,0
../images/test/data/Just_Images/Caucasian/Man/m.01k98nm_0003.jpg,../images/test/data/Just_Images/Caucasian/Man/m.0g6h64_0002.jpg,0.7381469011306763,0
../images/test/data/Just_Images/Caucasian/Woman/m.09n_4__0004.jpg,../images/test/data/Just_Images/Caucasian/Woman/m.097fys_0002.jpg,0.8769692182540894,0
../images/test/data/Just_Images/Caucasian/Man/m.0b5jqz_0002.jpg,../images/test/data/Just_Images/Caucasian/Man/m.0264609_0001.jpg,0.8936730623245239,0
../images/test/data/Just_Images/Caucasian/Man/m.05jbdq_0002.jpg,../images/test/data/Just_Images/Caucasian/Man/m.02r0st6_0001.jpg,0.8581019639968872,0
../images/test/data/Just_Images/Caucasian/Man/m.0g9v2lq_0003.jpg,../images/test/data/Just_Images/Caucasian/Man/m.0ds80xb_0003.jpg,0.8945131301879883,0
../images/test/data/Just_Images/Caucasian/Man/m.02_jkq_0004.jpg,../images/test/data/Just_Images/Caucasian/Man/m.08y57s_0001.jpg,0.8563202023506165,0
../images/test/data/Just_Images/Caucasian/Man/m.012034_0002.jpg,../images/test/data/Just_Images/Caucasian/Man/m.07tm2y_0003.jpg,0.9349409341812134,0
../images/test/data/Just_Images/Caucasian/Woman/m.03d9sf_0003.jpg,../images/test/data/Just_Images/Caucasian/Man/m.02q77y6_0001.jpg,0.927165150642395,0
../images/test/data/Just_Images/Caucasian/Man/m.06wc_j_0003.jpg,../images/test/data/Just_Images/Caucasian/Man/m.03qcd6h_0001.jpg,0.8096721172332764,0
../images/test/data/Just_Images/Caucasian/Man/m.05_x0_0001.jpg,../images/test/data/Just_Images/Caucasian/Man/m.03f1nh9_0002.jpg,0.7707021236419678,0
../images/test/data/Just_Images/Caucasian/Man/m.0d50mm_0003.jpg,../images/test/data/Just_Images/Caucasian/Man/m.03jygk_0002.jpg,0.8558797240257263,0
../images/test/data/Just_Images/Caucasian/Woman/m.027km64_0001.jpg,../images/test/data/Just_Images/Caucasian/Man/m.026kgl6_0001.jpg,0.8586786389350891,0
../images/test/data/Just_Images/Caucasian/Woman/m.01437b_0002.jpg,../images/test/data/Just_Images/Caucasian/Woman/m.09fb5_0002.jpg,0.8377929329872131,0
../images/test/data/Just_Images/Caucasian/Man/m.01qgqb_0001.jpg,../images/test/data/Just_Images/Caucasian/Man/m.027_v2k_0005.jpg,0.884418785572052,0
../images/test/data/Just_Images/Caucasian/Man/m.0c63qw_0002.jpg,../images/test/data/Just_Images/Caucasian/Man/m.04wc1h_0001.jpg,0.864879310131073,0
../images/test/data/Just_Images/Caucasian/Man/m.08lx_5_0002.jpg,../images/test/data/Just_Images/Caucasian/Man/m.0294hn_0002.jpg,0.8897804021835327,0
../images/test/data/Just_Images/Caucasian/Man/m.0264xpt_0003.jpg,../images/test/data/Just_Images/Caucasian/Man/m.05zpzn__0002.jpg,0.8803695440292358,0
../images/test/data/Just_Images/Caucasian/Man/m.04zz2t_0001.jpg,../images/test/data/Just_Images/Caucasian/Woman/m.03h3w2p_0001.jpg,0.8909739851951599,0
../images/test/data/Just_Images/Caucasian/Man/m.018q7p_0004.jpg,../images/test/data/Just_Images/Caucasian/Man/m.05jmvn_0001.jpg,0.8064223527908325,0
../images/test/data/Just_Images/Caucasian/Man/m.03crrg_0001.jpg,../images/test/data/Just_Images/Caucasian/Man/m.01trlq_0005.jpg,0.8462072610855103,0
../images/test/data/Just_Images/Caucasian/Man/m.04f906_0001.jpg,../images/test/data/Just_Images/Caucasian/Man/m.089hm6_0002.jpg,0.872195839881897,0
../images/test/data/Just_Images/Caucasian/Man/m.028bnll_0001.jpg,../images/test/data/Just_Images/Caucasian/Man/m.015r3q_0002.jpg,0.9397954344749451,0
../images/test/data/Just_Images/Caucasian/Woman/m.02prtnq_0001.jpg,../images/test/data/Just_Images/Caucasian/Man/m.08gyz8_0003.jpg,0.9008268117904663,0
../images/test/data/Just_Images/Caucasian/Man/m.04ygg80_0001.jpg,../images/test/data/Just_Images/Caucasian/Woman/m.0768sp_0001.jpg,0.9062155485153198,0
../images/test/data/Just_Images/Caucasian/Woman/m.06jlcl_0003.jpg,../images/test/data/Just_Images/Caucasian/Woman/m.04pdlf_0002.jpg,0.8936136960983276,0
../images/test/data/Just_Images/Caucasian/Man/m.03ft8_0001.jpg,../images/test/data/Just_Images/Caucasian/Man/m.086n_m_0002.jpg,0.8344761729240417,0
../images/test/data/Just_Images/Caucasian/Man/m.087xr__0001.jpg,../images/test/data/Just_Images/Caucasian/Man/m.05p7_tb_0001.jpg,0.8144084811210632,0
../images/test/data/Just_Images/Caucasian/Man/m.01rf47j_0001.jpg,../images/test/data/Just_Images/Caucasian/Woman/m.0410cp_0002.jpg,0.8016073107719421,0
../images/test/data/Just_Images/Caucasian/Man/m.06zt7p8_0003.jpg,../images/test/data/Just_Images/Caucasian/Man/m.026589t_0005.jpg,0.8286802172660828,0
../images/test/data/Just_Images/Caucasian/Man/m.07pyvy_0003.jpg,../images/test/data/Just_Images/Caucasian/Man/m.0196dc_0003.jpg,0.911579966545105,0
../images/test/data/Just_Images/Caucasian/Man/m.07d4vm_0002.jpg,../images/test/data/Just_Images/Caucasian/Man/m.0pcnkdy_0005.jpg,0.9206963777542114,0
../images/test/data/Just_Images/Caucasian/Man/m.06yckn_0004.jpg,../images/test/data/Just_Images/Caucasian/Man/m.07s9ymt_0001.jpg,0.9059311151504517,0
../images/test/data/Just_Images/Caucasian/Man/m.03mkb3_0002.jpg,../images/test/data/Just_Images/Caucasian/Man/m.01_my2_0001.jpg,0.926966667175293,0
../images/test/data/Just_Images/Caucasian/Woman/m.03qg12_0001.jpg,../images/test/data/Just_Images/Caucasian/Woman/m.05r24b_0002.jpg,0.6832625269889832,0
../images/test/data/Just_Images/Caucasian/Man/m.027jg2__0002.jpg,../images/test/data/Just_Images/Caucasian/Woman/m.01t2sk_0003.jpg,0.9228578209877014,0
../images/test/data/Just_Images/Caucasian/Woman/m.0cz4_f_0001.jpg,../images/test/data/Just_Images/Caucasian/Woman/m.0gc250d_0002.jpg,0.8814311027526855,0
../images/test/data/Just_Images/Caucasian/Man/m.05jyjn_0001.jpg,../images/test/data/Just_Images/Caucasian/Man/m.063xcz_0004.jpg,0.9175240993499756,0
../images/test/data/Just_Images/Caucasian/Man/m.0g5r2wh_0003.jpg,../images/test/data/Just_Images/Caucasian/Man/m.0bzync_0002.jpg,0.962468147277832,0
../images/test/data/Just_Images/Caucasian/Man/m.057b02_0001.jpg,../images/test/data/Just_Images/Caucasian/Man/m.0dvygq_0001.jpg,0.9088036417961121,0
../images/test/data/Just_Images/Caucasian/Man/m.06w2rl_0001.jpg,../images/test/data/Just_Images/Caucasian/Woman/m.01mqgf_0003.jpg,0.9474180936813354,0
../images/test/data/Just_Images/Caucasian/Woman/m.09gp_gx_0002.jpg,../images/test/data/Just_Images/Caucasian/Man/m.02qfxhy_0005.jpg,0.8825152516365051,0
../images/test/data/Just_Images/Caucasian/Man/m.05_hcg_0002.jpg,../images/test/data/Just_Images/Caucasian/Man/m.03crncf_0001.jpg,0.880042552947998,0
../images/test/data/Just_Images/Caucasian/Man/m.0bm3tc_0003.jpg,../images/test/data/Just_Images/Caucasian/Man/m.01l3mw_0002.jpg,0.8629816174507141,0
../images/test/data/Just_Images/Caucasian/Man/m.04k4jh_0001.jpg,../images/test/data/Just_Images/Caucasian/Man/m.01w2hnz_0004.jpg,0.9008550643920898,0
../images/test/data/Just_Images/Caucasian/Man/m.01rcnr_0003.jpg,../images/test/data/Just_Images/Caucasian/Man/m.044nz5_0002.jpg,0.9311566352844238,0
../images/test/data/Just_Images/Caucasian/Man/m.0414hzy_0003.jpg,../images/test/data/Just_Images/Caucasian/Man/m.03tkg__0002.jpg,0.785926103591919,0
../images/test/data/Just_Images/Caucasian/Man/m.0lnh8_0003.jpg,../images/test/data/Just_Images/Caucasian/Woman/m.0983_n_0003.jpg,0.8807275295257568,0
../images/test/data/Just_Images/Caucasian/Woman/m.0280ttg_0002.jpg,../images/test/data/Just_Images/Caucasian/Man/m.06wyl__0001.jpg,0.9151661396026611,0
../images/test/data/Just_Images/Caucasian/Man/m.07vdp6_0001.jpg,../images/test/data/Just_Images/Caucasian/Man/m.04tkfj_0005.jpg,0.8033992648124695,0
../images/test/data/Just_Images/Caucasian/Woman/m.05vq6r9_0002.jpg,../images/test/data/Just_Images/Caucasian/Man/m.05zlk3__0003.jpg,0.9113926887512207,0
../images/test/data/Just_Images/Caucasian/Woman/m.02qg47q_0003.jpg,../images/test/data/Just_Images/Caucasian/Man/m.09gjj0m_0003.jpg,0.7935506105422974,0
../images/test/data/Just_Images/Caucasian/Man/m.0bf_49_0002.jpg,../images/test/data/Just_Images/Caucasian/Man/m.05bztc4_0004.jpg,0.7556935548782349,0
../images/test/data/Just_Images/Caucasian/Man/m.05m32c_0002.jpg,../images/test/data/Just_Images/Caucasian/Man/m.02pqjp_0003.jpg,0.9027495384216309,0
../images/test/data/Just_Images/Caucasian/Man/m.02q7qjn_0002.jpg,../images/test/data/Just_Images/Caucasian/Man/m.09y58j_0001.jpg,0.8196947574615479,0
../images/test/data/Just_Images/Caucasian/Man/m.02w4my0_0001.jpg,../images/test/data/Just_Images/Caucasian/Woman/m.0bbx48l_0001.jpg,0.871229887008667,0
../images/test/data/Just_Images/Caucasian/Man/m.06zjnfc_0001.jpg,../images/test/data/Just_Images/Caucasian/Man/m.0krz__0001.jpg,0.843604326248169,0
../images/test/data/Just_Images/Caucasian/Man/m.05h55p7_0003.jpg,../images/test/data/Just_Images/Caucasian/Man/m.0469sp_0003.jpg,0.828577995300293,0
../images/test/data/Just_Images/Caucasian/Man/m.01nf051_0001.jpg,../images/test/data/Just_Images/Caucasian/Man/m.07s4njk_0002.jpg,0.9400821924209595,0
../images/test/data/Just_Images/Caucasian/Man/m.02m0x0_0001.jpg,../images/test/data/Just_Images/Caucasian/Woman/m.026j3gs_0003.jpg,0.8735669255256653,0
../images/test/data/Just_Images/Caucasian/Woman/m.01x4d5_0004.jpg,../images/test/data/Just_Images/Caucasian/Man/m.0cl9kh_0005.jpg,0.913251519203186,0
../images/test/data/Just_Images/Caucasian/Man/m.04xn9b_0002.jpg,../images/test/data/Just_Images/Caucasian/Man/m.0gctmg_0004.jpg,0.9068611264228821,0
../images/test/data/Just_Images/Caucasian/Woman/m.07k9j4_0002.jpg,../images/test/data/Just_Images/Caucasian/Woman/m.03z9x4_0001.jpg,0.8787875175476074,0
../images/test/data/Just_Images/Caucasian/Man/m.01zq2t_0002.jpg,../images/test/data/Just_Images/Caucasian/Man/m.03yx01_0003.jpg,0.6953040361404419,0
../images/test/data/Just_Images/Caucasian/Man/m.023c9m_0001.jpg,../images/test/data/Just_Images/Caucasian/Man/m.094s31_0001.jpg,0.8416383266448975,0
../images/test/data/Just_Images/Caucasian/Woman/m.0d_3hq_0005.jpg,../images/test/data/Just_Images/Caucasian/Man/m.01t6yw_0004.jpg,0.9029197096824646,0
../images/test/data/Just_Images/Caucasian/Man/m.0bqywc_0003.jpg,../images/test/data/Just_Images/Caucasian/Man/m.02pqjp_0002.jpg,0.8615205883979797,0
../images/test/data/Just_Images/Caucasian/Man/m.064pw5__0001.jpg,../images/test/data/Just_Images/Caucasian/Man/m.03vr4d_0002.jpg,0.9295063018798828,0
../images/test/data/Just_Images/Caucasian/Man/m.024j50_0001.jpg,../images/test/data/Just_Images/Caucasian/Woman/m.06y7t6_0003.jpg,0.7577210664749146,0
../images/test/data/Just_Images/Caucasian/Man/m.04l5hl_0002.jpg,../images/test/data/Just_Images/Caucasian/Man/m.08hphm_0004.jpg,0.901878833770752,0
../images/test/data/Just_Images/Caucasian/Man/m.0b00ny_0001.jpg,../images/test/data/Just_Images/Caucasian/Man/m.0364m5_0004.jpg,0.8633936643600464,0
../images/test/data/Just_Images/Caucasian/Woman/m.019l9q_0002.jpg,../images/test/data/Just_Images/Caucasian/Man/m.0fb7hp_0001.jpg,0.9156498908996582,0
../images/test/data/Just_Images/Caucasian/Man/m.027z0k_0004.jpg,../images/test/data/Just_Images/Caucasian/Man/m.041pkb_0003.jpg,0.9455850124359131,0
../images/test/data/Just_Images/Caucasian/Man/m.0bn9lt_0002.jpg,../images/test/data/Just_Images/Caucasian/Man/m.02pynw8_0003.jpg,0.8535339832305908,0
../images/test/data/Just_Images/Caucasian/Woman/m.02pnymq_0003.jpg,../images/test/data/Just_Images/Caucasian/Woman/m.01x4d5_0003.jpg,0.8564108610153198,0
../images/test/data/Just_Images/Caucasian/Man/m.04kywz_0002.jpg,../images/test/data/Just_Images/Caucasian/Man/m.0btr9_0003.jpg,0.810612678527832,0
../images/test/data/Just_Images/Caucasian/Woman/m.0311dg_0003.jpg,../images/test/data/Just_Images/Caucasian/Man/m.0bvs9n_0005.jpg,0.9330186247825623,0
../images/test/data/Just_Images/Caucasian/Man/m.08yxz__0002.jpg,../images/test/data/Just_Images/Caucasian/Woman/m.027__w1_0006.jpg,0.8729362487792969,0
../images/test/data/Just_Images/Caucasian/Man/m.0gh7grd_0001.jpg,../images/test/data/Just_Images/Caucasian/Man/m.03sr8y_0001.jpg,0.6682079434394836,0
../images/test/data/Just_Images/Caucasian/Man/m.0kg1zcd_0003.jpg,../images/test/data/Just_Images/Caucasian/Man/m.02vyzmz_0003.jpg,0.8818886280059814,0
../images/test/data/Just_Images/Caucasian/Man/m.01x3p__0002.jpg,../images/test/data/Just_Images/Caucasian/Man/m.0187qd_0001.jpg,0.9121932983398438,0
../images/test/data/Just_Images/Caucasian/Woman/m.02q4m8z_0001.jpg,../images/test/data/Just_Images/Caucasian/Woman/m.02ps19j_0003.jpg,0.8698495626449585,0
../images/test/data/Just_Images/Caucasian/Man/m.02c6k7_0003.jpg,../images/test/data/Just_Images/Caucasian/Woman/m.01kxfvq_0002.jpg,0.6864968538284302,0
../images/test/data/Just_Images/Caucasian/Man/m.0jjr6g7_0004.jpg,../images/test/data/Just_Images/Caucasian/Woman/m.06ybty_0003.jpg,0.8219934701919556,0
../images/test/data/Just_Images/Caucasian/Man/m.09j7wl_0002.jpg,../images/test/data/Just_Images/Caucasian/Man/m.057d89_0003.jpg,0.9025514125823975,0
../images/test/data/Just_Images/Caucasian/Man/m.07d7xv_0003.jpg,../images/test/data/Just_Images/Caucasian/Man/m.085qw__0002.jpg,0.8303216099739075,0
../images/test/data/Just_Images/Caucasian/Man/m.01zbjj_0002.jpg,../images/test/data/Just_Images/Caucasian/Man/m.01pgwcf_0001.jpg,0.8297718167304993,0
../images/test/data/Just_Images/Caucasian/Man/m.023g9f_0004.jpg,../images/test/data/Just_Images/Caucasian/Man/m.04pvyz_0002.jpg,0.777691662311554,0
../images/test/data/Just_Images/Caucasian/Man/m.02swh3_0001.jpg,../images/test/data/Just_Images/Caucasian/Woman/m.03vb_0_0003.jpg,0.8975690603256226,0
../images/test/data/Just_Images/Caucasian/Man/m.0kbfgk8_0006.jpg,../images/test/data/Just_Images/Caucasian/Woman/m.06v8lr_0001.jpg,0.9158227443695068,0
../images/test/data/Just_Images/Caucasian/Man/m.02s0t__0001.jpg,../images/test/data/Just_Images/Caucasian/Man/m.0b69rx_0001.jpg,0.9198024272918701,0
../images/test/data/Just_Images/Caucasian/Man/m.05vqg_0003.jpg,../images/test/data/Just_Images/Caucasian/Man/m.0gqn_l_0002.jpg,0.8648431897163391,0
../images/test/data/Just_Images/Caucasian/Man/m.068_x__0003.jpg,../images/test/data/Just_Images/Caucasian/Man/m.02qkhs1_0004.jpg,0.849250078201294,0
../images/test/data/Just_Images/Caucasian/Man/m.0f4f8y_0003.jpg,../images/test/data/Just_Images/Caucasian/Man/m.0gz53w3_0001.jpg,0.9065122604370117,0
../images/test/data/Just_Images/Caucasian/Man/m.083gzk_0001.jpg,../images/test/data/Just_Images/Caucasian/Man/m.0g5r0xy_0003.jpg,0.8407137989997864,0
../images/test/data/Just_Images/Caucasian/Man/m.0cp95r_0002.jpg,../images/test/data/Just_Images/Caucasian/Man/m.098gx8_0003.jpg,0.9186279773712158,0
../images/test/data/Just_Images/Caucasian/Man/m.03fh72_0002.jpg,../images/test/data/Just_Images/Caucasian/Man/m.076xrvt_0002.jpg,0.9102357625961304,0
../images/test/data/Just_Images/Caucasian/Woman/m.02x47y6_0002.jpg,../images/test/data/Just_Images/Caucasian/Woman/m.02sm28_0001.jpg,0.9197312593460083,0
../images/test/data/Just_Images/Caucasian/Woman/m.015j6y_0005.jpg,../images/test/data/Just_Images/Caucasian/Woman/m.027z06s_0002.jpg,0.9452917575836182,0
../images/test/data/Just_Images/Caucasian/Man/m.094s31_0002.jpg,../images/test/data/Just_Images/Caucasian/Man/m.0j_kn3_0004.jpg,0.8756076097488403,0
../images/test/data/Just_Images/Caucasian/Man/m.01w83xk_0001.jpg,../images/test/data/Just_Images/Caucasian/Woman/m.02q1jfd_0001.jpg,0.8678762316703796,0
../images/test/data/Just_Images/Caucasian/Man/m.03sq9g_0003.jpg,../images/test/data/Just_Images/Caucasian/Man/m.01451__0003.jpg,0.8405436277389526,0
../images/test/data/Just_Images/Caucasian/Man/m.02238b_0001.jpg,../images/test/data/Just_Images/Caucasian/Man/m.025xdfy_0005.jpg,0.9094749689102173,0
../images/test/data/Just_Images/Caucasian/Man/m.08y57s_0003.jpg,../images/test/data/Just_Images/Caucasian/Man/m.02wrbb_0002.jpg,0.9131098985671997,0
../images/test/data/Just_Images/Caucasian/Man/m.021vwt_0002.jpg,../images/test/data/Just_Images/Caucasian/Woman/m.05byz5_0004.jpg,0.7726798057556152,0
../images/test/data/Just_Images/Caucasian/Woman/m.01w3_l_0001.jpg,../images/test/data/Just_Images/Caucasian/Man/m.0cg2l6_0002.jpg,0.8362998962402344,0
../images/test/data/Just_Images/Caucasian/Man/m.0gyrq9z_0002.jpg,../images/test/data/Just_Images/Caucasian/Woman/m.03m1q9_0003.jpg,0.8871909379959106,0
../images/test/data/Just_Images/Caucasian/Man/m.08d9qf_0003.jpg,../images/test/data/Just_Images/Caucasian/Man/m.07wglj_0003.jpg,0.8643801212310791,0
../images/test/data/Just_Images/Caucasian/Man/m.03bj_d_0003.jpg,../images/test/data/Just_Images/Caucasian/Woman/m.04f07rj_0005.jpg,0.9362552165985107,0
../images/test/data/Just_Images/Caucasian/Man/m.03wbs6t_0004.jpg,../images/test/data/Just_Images/Caucasian/Man/m.096lqc_0001.jpg,0.9471909999847412,0
../images/test/data/Just_Images/Caucasian/Man/m.0bsygw_0001.jpg,../images/test/data/Just_Images/Caucasian/Man/m.05zmfwc_0004.jpg,0.9013019800186157,0
../images/test/data/Just_Images/Caucasian/Woman/m.0cxxn6_0003.jpg,../images/test/data/Just_Images/Caucasian/Woman/m.0263vl0_0002.jpg,0.8370257616043091,0
../images/test/data/Just_Images/Caucasian/Man/m.02s58t_0001.jpg,../images/test/data/Just_Images/Caucasian/Man/m.03f5kpn_0002.jpg,0.864111065864563,0
../images/test/data/Just_Images/Caucasian/Man/m.020fm5_0003.jpg,../images/test/data/Just_Images/Caucasian/Man/m.0gly07_0004.jpg,0.7531431317329407,0
../images/test/data/Just_Images/Caucasian/Man/m.0415w2s_0001.jpg,../images/test/data/Just_Images/Caucasian/Man/m.07csqp_0004.jpg,0.8411463499069214,0
../images/test/data/Just_Images/Caucasian/Man/m.01whj0__0004.jpg,../images/test/data/Just_Images/Caucasian/Man/m.01nwty_0001.jpg,0.7922000288963318,0
../images/test/data/Just_Images/Caucasian/Man/m.02qyw35_0003.jpg,../images/test/data/Just_Images/Caucasian/Man/m.01ms1ty_0001.jpg,0.8775858879089355,0
../images/test/data/Just_Images/Caucasian/Man/m.0bq7m_0001.jpg,../images/test/data/Just_Images/Caucasian/Man/m.0c8d5w_0003.jpg,0.8258033990859985,0
../images/test/data/Just_Images/Caucasian/Man/m.073y_j_0003.jpg,../images/test/data/Just_Images/Caucasian/Woman/m.015p37_0001.jpg,0.886970043182373,0
../images/test/data/Just_Images/Caucasian/Woman/m.04jhsnv_0004.jpg,../images/test/data/Just_Images/Caucasian/Woman/m.0d_3hq_0002.jpg,0.8948134183883667,0
../images/test/data/Just_Images/Caucasian/Man/m.02wcgst_0002.jpg,../images/test/data/Just_Images/Caucasian/Woman/m.09xv1s_0003.jpg,0.9328248500823975,0
../images/test/data/Just_Images/Caucasian/Woman/m.0d25py_0002.jpg,../images/test/data/Just_Images/Caucasian/Man/m.0865xp_0003.jpg,0.8684679269790649,0
../images/test/data/Just_Images/Caucasian/Man/m.03j0h4_0002.jpg,../images/test/data/Just_Images/Caucasian/Man/m.04bt9q_0004.jpg,0.8519361019134521,0
../images/test/data/Just_Images/Caucasian/Man/m.0sgh0qg_0001.jpg,../images/test/data/Just_Images/Caucasian/Man/m.02s__b_0004.jpg,0.878367006778717,0
../images/test/data/Just_Images/Caucasian/Man/m.01wm1z7_0003.jpg,../images/test/data/Just_Images/Caucasian/Man/m.05jyjn_0003.jpg,0.9006885290145874,0
../images/test/data/Just_Images/Caucasian/Woman/m.043qv9l_0001.jpg,../images/test/data/Just_Images/Caucasian/Woman/m.092fmj_0002.jpg,0.9147663116455078,0
../images/test/data/Just_Images/Caucasian/Woman/m.04ybv19_0002.jpg,../images/test/data/Just_Images/Caucasian/Woman/m.04g1vnf_0001.jpg,0.8525259494781494,0
../images/test/data/Just_Images/Caucasian/Man/m.0gbxdbg_0002.jpg,../images/test/data/Just_Images/Caucasian/Man/m.0nb8dkl_0004.jpg,0.8161863684654236,0
../images/test/data/Just_Images/Caucasian/Man/m.0k2fvzd_0003.jpg,../images/test/data/Just_Images/Caucasian/Woman/m.04y61g_0004.jpg,0.9074723720550537,0
../images/test/data/Just_Images/Caucasian/Man/m.07yz7f_0003.jpg,../images/test/data/Just_Images/Caucasian/Man/m.0h3n0bb_0004.jpg,0.8396761417388916,0
../images/test/data/Just_Images/Caucasian/Man/m.063wxj_0001.jpg,../images/test/data/Just_Images/Caucasian/Man/m.05c11d5_0002.jpg,0.9159432053565979,0
../images/test/data/Just_Images/Caucasian/Man/m.041pkb_0004.jpg,../images/test/data/Just_Images/Caucasian/Man/m.0283gz5_0001.jpg,0.77790367603302,0
../images/test/data/Just_Images/Caucasian/Man/m.09gdn38_0004.jpg,../images/test/data/Just_Images/Caucasian/Man/m.07_k3f_0001.jpg,0.8243542909622192,0
../images/test/data/Just_Images/Caucasian/Man/m.03yft79_0002.jpg,../images/test/data/Just_Images/Caucasian/Man/m.05nfmz_0001.jpg,0.9145657420158386,0
../images/test/data/Just_Images/Caucasian/Woman/m.0js45_0003.jpg,../images/test/data/Just_Images/Caucasian/Man/m.0fp0z4_0002.jpg,0.9263538718223572,0
../images/test/data/Just_Images/Caucasian/Woman/m.02r3p_6_0001.jpg,../images/test/data/Just_Images/Caucasian/Man/m.03fq7w_0001.jpg,0.7875840663909912,0
../images/test/data/Just_Images/Caucasian/Woman/m.030vnz_0003.jpg,../images/test/data/Just_Images/Caucasian/Woman/m.01r0fmm_0002.jpg,0.9354143142700195,0
../images/test/data/Just_Images/Caucasian/Woman/m.0dltj_0003.jpg,../images/test/data/Just_Images/Caucasian/Man/m.02rbgrl_0002.jpg,0.9277742505073547,0
../images/test/data/Just_Images/Caucasian/Man/m.026wmgd_0001.jpg,../images/test/data/Just_Images/Caucasian/Man/m.0343_2_0002.jpg,0.8647418022155762,0
../images/test/data/Just_Images/Caucasian/Man/m.049ffgm_0003.jpg,../images/test/data/Just_Images/Caucasian/Man/m.059t6d_0005.jpg,0.8978027105331421,0
../images/test/data/Just_Images/Caucasian/Man/m.06my_y_0002.jpg,../images/test/data/Just_Images/Caucasian/Woman/m.02r3p_6_0004.jpg,0.7661716341972351,0
../images/test/data/Just_Images/Caucasian/Man/m.02p_9kj_0002.jpg,../images/test/data/Just_Images/Caucasian/Woman/m.03mcwq3_0002.jpg,0.8759996891021729,0
../images/test/data/Just_Images/Caucasian/Man/m.01s0hl_0003.jpg,../images/test/data/Just_Images/Caucasian/Man/m.07fvt6_0003.jpg,0.8898249268531799,0
../images/test/data/Just_Images/Caucasian/Woman/m.07prh7_0002.jpg,../images/test/data/Just_Images/Caucasian/Woman/m.05r24b_0002.jpg,0.7398350834846497,0
../images/test/data/Just_Images/Caucasian/Man/m.0pl2b_0_0001.jpg,../images/test/data/Just_Images/Caucasian/Woman/m.0gcr4zx_0001.jpg,0.8587431907653809,0
../images/test/data/Just_Images/Caucasian/Woman/m.07fphz_0004.jpg,../images/test/data/Just_Images/Caucasian/Man/m.037t_h_0004.jpg,0.9141964316368103,0
../images/test/data/Just_Images/Caucasian/Man/m.035gmb_0002.jpg,../images/test/data/Just_Images/Caucasian/Man/m.01pr4bl_0001.jpg,0.9054392576217651,0
../images/test/data/Just_Images/Caucasian/Man/m.0jt1vfy_0001.jpg,../images/test/data/Just_Images/Caucasian/Man/m.01p0ddf_0002.jpg,0.8837043046951294,0
../images/test/data/Just_Images/Caucasian/Man/m.05hywz_0002.jpg,../images/test/data/Just_Images/Caucasian/Man/m.036w72_0002.jpg,0.8887414336204529,0
../images/test/data/Just_Images/Caucasian/Woman/m.01n707j_0001.jpg,../images/test/data/Just_Images/Caucasian/Woman/m.0fphssd_0004.jpg,0.8257542252540588,0
../images/test/data/Just_Images/Caucasian/Woman/m.02602x0_0003.jpg,../images/test/data/Just_Images/Caucasian/Man/m.0385fd_0003.jpg,0.9226719737052917,0
../images/test/data/Just_Images/Caucasian/Woman/m.0465ps6_0001.jpg,../images/test/data/Just_Images/Caucasian/Man/m.09d8lv_0005.jpg,0.8895447254180908,0
../images/test/data/Just_Images/Caucasian/Man/m.0bx1cr_0001.jpg,../images/test/data/Just_Images/Caucasian/Man/m.09d2q6_0003.jpg,0.8237177133560181,0
../images/test/data/Just_Images/Caucasian/Man/m.027qqd2_0001.jpg,../images/test/data/Just_Images/Caucasian/Woman/m.04ybxxh_0003.jpg,0.8137338161468506,0
../images/test/data/Just_Images/Caucasian/Woman/m.0hn8c60_0001.jpg,../images/test/data/Just_Images/Caucasian/Woman/m.04ydhc0_0002.jpg,0.8950587511062622,0
../images/test/data/Just_Images/Caucasian/Man/m.082857_0002.jpg,../images/test/data/Just_Images/Caucasian/Man/m.0cc9vjb_0001.jpg,0.7678967714309692,0
../images/test/data/Just_Images/Caucasian/Man/m.0bxfq_0001.jpg,../images/test/data/Just_Images/Caucasian/Woman/m.02b_dr_0001.jpg,0.9072520732879639,0
../images/test/data/Just_Images/Caucasian/Woman/m.025wgbz_0002.jpg,../images/test/data/Just_Images/Caucasian/Man/m.02pyg6_0002.jpg,0.8563947677612305,0
../images/test/data/Just_Images/Caucasian/Woman/m.01q7cb__0001.jpg,../images/test/data/Just_Images/Caucasian/Man/m.02cms2_0004.jpg,0.7500923275947571,0
../images/test/data/Just_Images/Caucasian/Man/m.06_plk_0001.jpg,../images/test/data/Just_Images/Caucasian/Man/m.06916x_0004.jpg,0.9038952589035034,0
../images/test/data/Just_Images/Caucasian/Man/m.03ysmg_0004.jpg,../images/test/data/Just_Images/Caucasian/Man/m.04mkjvs_0004.jpg,0.94281005859375,0
../images/test/data/Just_Images/Caucasian/Man/m.0c92y_0002.jpg,../images/test/data/Just_Images/Caucasian/Man/m.04f_555_0002.jpg,0.9219057559967041,0
../images/test/data/Just_Images/Caucasian/Woman/m.04g1vnf_0002.jpg,../images/test/data/Just_Images/Caucasian/Man/m.029d7w_0003.jpg,0.8985523581504822,0
../images/test/data/Just_Images/Caucasian/Man/m.05qzwh_0003.jpg,../images/test/data/Just_Images/Caucasian/Man/m.0bqywc_0001.jpg,0.9312988519668579,0
../images/test/data/Just_Images/Caucasian/Woman/m.06zypt_0004.jpg,../images/test/data/Just_Images/Caucasian/Woman/m.03byzw4_0002.jpg,0.9409971833229065,0
../images/test/data/Just_Images/Caucasian/Woman/m.09336r_0003.jpg,../images/test/data/Just_Images/Caucasian/Woman/m.0f0jc3_0003.jpg,0.7969179153442383,0
../images/test/data/Just_Images/Caucasian/Man/m.01vf_z_0004.jpg,../images/test/data/Just_Images/Caucasian/Man/m.062xtx_0002.jpg,0.8071002960205078,0
../images/test/data/Just_Images/Caucasian/Man/m.01x5c5_0004.jpg,../images/test/data/Just_Images/Caucasian/Man/m.06q1jt_0002.jpg,0.9256807565689087,0
../images/test/data/Just_Images/Caucasian/Man/m.021chx_0001.jpg,../images/test/data/Just_Images/Caucasian/Man/m.065wxv_0002.jpg,0.9099628329277039,0
../images/test/data/Just_Images/Caucasian/Woman/m.033ch6_0001.jpg,../images/test/data/Just_Images/Caucasian/Man/m.0343_2_0001.jpg,0.6984694004058838,0
../images/test/data/Just_Images/Caucasian/Woman/m.033_rf_0002.jpg,../images/test/data/Just_Images/Caucasian/Man/m.09d0yg_0003.jpg,0.8469647765159607,0
../images/test/data/Just_Images/Caucasian/Man/m.0h36nm_0001.jpg,../images/test/data/Just_Images/Caucasian/Man/m.042rb0_0006.jpg,0.914086639881134,0
../images/test/data/Just_Images/Caucasian/Woman/m.05cgsr_0001.jpg,../images/test/data/Just_Images/Caucasian/Woman/m.06xbv3_0001.jpg,0.9325166344642639,0
../images/test/data/Just_Images/Caucasian/Man/m.07m4vq_0001.jpg,../images/test/data/Just_Images/Caucasian/Man/m.0bm3tc_0001.jpg,0.9147529602050781,0
../images/test/data/Just_Images/Caucasian/Man/m.027m0ky_0003.jpg,../images/test/data/Just_Images/Caucasian/Man/m.03004v_0001.jpg,0.9002283811569214,0
../images/test/data/Just_Images/Caucasian/Man/m.054xnb_0002.jpg,../images/test/data/Just_Images/Caucasian/Man/m.05vssg_0001.jpg,0.875606119632721,0
../images/test/data/Just_Images/Caucasian/Man/m.01g1yy_0002.jpg,../images/test/data/Just_Images/Caucasian/Woman/m.060d5l_0001.jpg,0.8997965455055237,0
../images/test/data/Just_Images/Caucasian/Woman/m.014nfw_0002.jpg,../images/test/data/Just_Images/Caucasian/Woman/m.01kzrcw_0001.jpg,0.9240596294403076,0
../images/test/data/Just_Images/Caucasian/Man/m.01w2hnz_0003.jpg,../images/test/data/Just_Images/Caucasian/Man/m.07x23t_0002.jpg,0.8895213007926941,0
../images/test/data/Just_Images/Caucasian/Man/m.01ms1ty_0002.jpg,../images/test/data/Just_Images/Caucasian/Woman/m.03gtx4n_0002.jpg,0.8928608894348145,0
../images/test/data/Just_Images/Caucasian/Man/m.07ysxj_0003.jpg,../images/test/data/Just_Images/Caucasian/Man/m.0k0pk97_0002.jpg,0.9001212120056152,0
../images/test/data/Just_Images/Caucasian/Man/m.075xf__0003.jpg,../images/test/data/Just_Images/Caucasian/Man/m.03tg3x_0003.jpg,0.8430299758911133,0
../images/test/data/Just_Images/Caucasian/Man/m.0538g4_0002.jpg,../images/test/data/Just_Images/Caucasian/Man/m.07lwh3_0002.jpg,0.8560887575149536,0
../images/test/data/Just_Images/Caucasian/Woman/m.065tmb_0004.jpg,../images/test/data/Just_Images/Caucasian/Woman/m.04f07rj_0002.jpg,0.9416095614433289,0
../images/test/data/Just_Images/Caucasian/Woman/m.040qc7_0003.jpg,../images/test/data/Just_Images/Caucasian/Man/m.0gx_ccs_0003.jpg,0.8556889295578003,0
../images/test/data/Just_Images/Caucasian/Man/m.07001l_0002.jpg,../images/test/data/Just_Images/Caucasian/Man/m.09csnn_0003.jpg,0.8788686990737915,0
../images/test/data/Just_Images/Caucasian/Man/m.02jp9__0002.jpg,../images/test/data/Just_Images/Caucasian/Man/m.0hl3d_0004.jpg,0.8770042061805725,0
../images/test/data/Just_Images/Caucasian/Man/m.02r0st6_0002.jpg,../images/test/data/Just_Images/Caucasian/Man/m.01vhrz_0001.jpg,0.9351823329925537,0
../images/test/data/Just_Images/Caucasian/Man/m.01s4dk_0002.jpg,../images/test/data/Just_Images/Caucasian/Man/m.0381l__0003.jpg,0.8913716077804565,0
../images/test/data/Just_Images/Caucasian/Man/m.02frlb_0004.jpg,../images/test/data/Just_Images/Caucasian/Man/m.0288j28_0002.jpg,0.891353964805603,0
../images/test/data/Just_Images/Caucasian/Man/m.047cc9b_0005.jpg,../images/test/data/Just_Images/Caucasian/Man/m.09v2l7b_0001.jpg,0.7674285173416138,0
../images/test/data/Just_Images/Caucasian/Man/m.07h_0h_0002.jpg,../images/test/data/Just_Images/Caucasian/Man/m.090_wf_0002.jpg,0.909067690372467,0
../images/test/data/Just_Images/Caucasian/Woman/m.03nndg3_0002.jpg,../images/test/data/Just_Images/Caucasian/Woman/m.07cchs_0002.jpg,0.922431230545044,0
../images/test/data/Just_Images/Caucasian/Man/m.0dlk_jr_0003.jpg,../images/test/data/Just_Images/Caucasian/Woman/m.0gjc6m0_0001.jpg,0.859477162361145,0
../images/test/data/Just_Images/Caucasian/Man/m.09gh9sl_0001.jpg,../images/test/data/Just_Images/Caucasian/Man/m.02r2043_0001.jpg,0.922841489315033,0
../images/test/data/Just_Images/Caucasian/Man/m.0177g_0002.jpg,../images/test/data/Just_Images/Caucasian/Man/m.02q11v7_0005.jpg,0.8749171495437622,0
../images/test/data/Just_Images/Caucasian/Man/m.0krz__0002.jpg,../images/test/data/Just_Images/Caucasian/Man/m.0ch_0g_0004.jpg,0.9338476061820984,0
../images/test/data/Just_Images/Caucasian/Man/m.09377v_0002.jpg,../images/test/data/Just_Images/Caucasian/Man/m.0fn9m8_0004.jpg,0.8416564464569092,0
../images/test/data/Just_Images/Caucasian/Woman/m.097fys_0001.jpg,../images/test/data/Just_Images/Caucasian/Woman/m.026bk9q_0001.jpg,0.8475050330162048,0
../images/test/data/Just_Images/Caucasian/Man/m.0c9f3p_0002.jpg,../images/test/data/Just_Images/Caucasian/Man/m.017bcv_0003.jpg,0.8087354302406311,0
../images/test/data/Just_Images/Caucasian/Woman/m.037tyq_0002.jpg,../images/test/data/Just_Images/Caucasian/Man/m.0619l2_0001.jpg,0.9280709028244019,0
../images/test/data/Just_Images/Caucasian/Man/m.03_4tl_0003.jpg,../images/test/data/Just_Images/Caucasian/Man/m.0glhpr_0003.jpg,0.9541993141174316,0
../images/test/data/Just_Images/Caucasian/Man/m.03lnl9_0001.jpg,../images/test/data/Just_Images/Caucasian/Man/m.03398_0001.jpg,0.8858711123466492,0
../images/test/data/Just_Images/Caucasian/Woman/m.01vtj38_0001.jpg,../images/test/data/Just_Images/Caucasian/Woman/m.0crk70_0001.jpg,0.8796207904815674,0
../images/test/data/Just_Images/Caucasian/Man/m.0732mp_0001.jpg,../images/test/data/Just_Images/Caucasian/Man/m.02g3ds_0003.jpg,0.8609032034873962,0
../images/test/data/Just_Images/Caucasian/Man/m.0fqc0sl_0003.jpg,../images/test/data/Just_Images/Caucasian/Man/m.026vl3n_0002.jpg,0.867372989654541,0
../images/test/data/Just_Images/Caucasian/Man/m.0bg_mp_0002.jpg,../images/test/data/Just_Images/Caucasian/Man/m.042rb0_0003.jpg,0.8133952021598816,0
../images/test/data/Just_Images/Caucasian/Man/m.01xy8p_0001.jpg,../images/test/data/Just_Images/Caucasian/Man/m.04zzkn0_0002.jpg,0.8691573143005371,0
../images/test/data/Just_Images/Caucasian/Man/m.09g_5r__0001.jpg,../images/test/data/Just_Images/Caucasian/Man/m.0343_2_0004.jpg,0.8334337472915649,0
../images/test/data/Just_Images/Caucasian/Woman/m.02qv2bv_0003.jpg,../images/test/data/Just_Images/Caucasian/Man/m.0b2bxw_0001.jpg,0.9210416674613953,0
../images/test/data/Just_Images/Caucasian/Man/m.03clvrh_0002.jpg,../images/test/data/Just_Images/Caucasian/Man/m.02x1wwm_0003.jpg,0.8747324347496033,0
../images/test/data/Just_Images/Caucasian/Man/m.02q5s41_0002.jpg,../images/test/data/Just_Images/Caucasian/Man/m.0gx1tlf_0004.jpg,0.8801116943359375,0
../images/test/data/Just_Images/Caucasian/Man/m.07tzbr_0004.jpg,../images/test/data/Just_Images/Caucasian/Man/m.0262hk9_0001.jpg,0.8313158750534058,0
../images/test/data/Just_Images/Caucasian/Man/m.01qlq1w_0003.jpg,../images/test/data/Just_Images/Caucasian/Woman/m.0fcctd_0003.jpg,0.9230527877807617,0
../images/test/data/Just_Images/Caucasian/Man/m.043qspp_0001.jpg,../images/test/data/Just_Images/Caucasian/Man/m.01wk2vc_0001.jpg,0.8217591047286987,0
../images/test/data/Just_Images/Caucasian/Man/m.028qdb_0002.jpg,../images/test/data/Just_Images/Caucasian/Man/m.0cm8rrs_0004.jpg,0.8472281694412231,0
../images/test/data/Just_Images/Caucasian/Man/m.04mx7s_0002.jpg,../images/test/data/Just_Images/Caucasian/Man/m.03d71f_0001.jpg,0.8245284557342529,0
../images/test/data/Just_Images/Caucasian/Man/m.026589t_0004.jpg,../images/test/data/Just_Images/Caucasian/Man/m.0274k36_0001.jpg,0.8490808010101318,0
../images/test/data/Just_Images/Caucasian/Man/m.05_qxl_0002.jpg,../images/test/data/Just_Images/Caucasian/Woman/m.051qsh_0005.jpg,0.9514094591140747,0
../images/test/data/Just_Images/Caucasian/Man/m.06zqf8d_0001.jpg,../images/test/data/Just_Images/Caucasian/Man/m.04pvyz_0003.jpg,0.8668053150177002,0
../images/test/data/Just_Images/Caucasian/Man/m.02784z_0002.jpg,../images/test/data/Just_Images/Caucasian/Man/m.07ysxj_0004.jpg,0.9280959367752075,0
../images/test/data/Just_Images/Caucasian/Woman/m.0bpgsl_0001.jpg,../images/test/data/Just_Images/Caucasian/Man/m.04bhjx_0004.jpg,0.9277830123901367,0
../images/test/data/Just_Images/Caucasian/Man/m.05h3r4_0004.jpg,../images/test/data/Just_Images/Caucasian/Man/m.03tqn3_0002.jpg,0.7742546796798706,0
../images/test/data/Just_Images/Caucasian/Man/m.05vtqk8_0002.jpg,../images/test/data/Just_Images/Caucasian/Man/m.02r77ks_0003.jpg,0.9085379838943481,0
../images/test/data/Just_Images/Caucasian/Man/m.03qftfq_0002.jpg,../images/test/data/Just_Images/Caucasian/Man/m.096td_0004.jpg,0.922049880027771,0
../images/test/data/Just_Images/Caucasian/Woman/m.08h79x_0001.jpg,../images/test/data/Just_Images/Caucasian/Woman/m.01x20fc_0003.jpg,0.7714110612869263,0
../images/test/data/Just_Images/Caucasian/Man/m.044bn5_0002.jpg,../images/test/data/Just_Images/Caucasian/Man/m.015076_0004.jpg,0.887969970703125,0
../images/test/data/Just_Images/Caucasian/Woman/m.01svyr_0002.jpg,../images/test/data/Just_Images/Caucasian/Man/m.0bwlqxy_0004.jpg,0.7640030384063721,0
../images/test/data/Just_Images/Caucasian/Man/m.0fjrcl_0003.jpg,../images/test/data/Just_Images/Caucasian/Woman/m.039gxl_0001.jpg,0.7457528710365295,0
../images/test/data/Just_Images/Caucasian/Man/m.02ndbd_0004.jpg,../images/test/data/Just_Images/Caucasian/Woman/m.01pp_b_0001.jpg,0.78675776720047,0
../images/test/data/Just_Images/Caucasian/Man/m.05b6vqw_0001.jpg,../images/test/data/Just_Images/Caucasian/Man/m.05szhj2_0003.jpg,0.8176079988479614,0
../images/test/data/Just_Images/Caucasian/Man/m.01451__0001.jpg,../images/test/data/Just_Images/Caucasian/Woman/m.033_rf_0001.jpg,0.8491775393486023,0
../images/test/data/Just_Images/Caucasian/Man/m.0jwr6z9_0003.jpg,../images/test/data/Just_Images/Caucasian/Man/m.0g2mf1_0003.jpg,0.8880908489227295,0
../images/test/data/Just_Images/Caucasian/Man/m.0cl3rj_0002.jpg,../images/test/data/Just_Images/Caucasian/Man/m.03yft79_0001.jpg,0.8895789384841919,0
../images/test/data/Just_Images/Caucasian/Woman/m.04t4ly_0003.jpg,../images/test/data/Just_Images/Caucasian/Man/m.01b9z4_0005.jpg,0.8874679803848267,0
../images/test/data/Just_Images/Caucasian/Woman/m.0389h7_0002.jpg,../images/test/data/Just_Images/Caucasian/Woman/m.0b8s5f_0001.jpg,0.9126825332641602,0
../images/test/data/Just_Images/Caucasian/Man/m.07gb0p_0001.jpg,../images/test/data/Just_Images/Caucasian/Man/m.01vrpnp_0004.jpg,0.9444960951805115,0
../images/test/data/Just_Images/Caucasian/Man/m.01c8x_0002.jpg,../images/test/data/Just_Images/Caucasian/Man/m.05vr5c_0002.jpg,0.7767059206962585,0
../images/test/data/Just_Images/Caucasian/Man/m.02x3pmp_0002.jpg,../images/test/data/Just_Images/Caucasian/Man/m.0342z8_0003.jpg,0.8846457600593567,0
../images/test/data/Just_Images/Caucasian/Woman/m.03f6_jr_0001.jpg,../images/test/data/Just_Images/Caucasian/Man/m.03wf4cc_0004.jpg,0.9480188488960266,0
../images/test/data/Just_Images/Caucasian/Man/m.0grjs__0001.jpg,../images/test/data/Just_Images/Caucasian/Man/m.04cvm4_0001.jpg,0.8312488198280334,0
../images/test/data/Just_Images/Caucasian/Woman/m.02qh2cw_0002.jpg,../images/test/data/Just_Images/Caucasian/Man/m.0c9f3p_0001.jpg,0.8635463714599609,0
../images/test/data/Just_Images/Caucasian/Woman/m.0bbx48l_0003.jpg,../images/test/data/Just_Images/Caucasian/Man/m.0gk728_0002.jpg,0.8374214768409729,0
../images/test/data/Just_Images/Caucasian/Woman/m.070ycn_0003.jpg,../images/test/data/Just_Images/Caucasian/Man/m.0bg_mp_0001.jpg,0.8817688226699829,0
../images/test/data/Just_Images/Caucasian/Man/m.0m2l9_0001.jpg,../images/test/data/Just_Images/Caucasian/Man/m.05_q70_0002.jpg,0.7269644141197205,0
../images/test/data/Just_Images/Caucasian/Man/m.028ckg_0003.jpg,../images/test/data/Just_Images/Caucasian/Man/m.0gwprg_0001.jpg,0.894198477268219,0
../images/test/data/Just_Images/Caucasian/Man/m.06wyl__0005.jpg,../images/test/data/Just_Images/Caucasian/Woman/m.0b9r56_0004.jpg,0.9127593636512756,0
../images/test/data/Just_Images/Caucasian/Man/m.05zlk3__0005.jpg,../images/test/data/Just_Images/Caucasian/Man/m.0kfykm1_0002.jpg,0.9074274897575378,0
../images/test/data/Just_Images/Caucasian/Man/m.01y8fd_0003.jpg,../images/test/data/Just_Images/Caucasian/Man/m.076zjt_0001.jpg,0.9018173217773438,0
../images/test/data/Just_Images/Caucasian/Woman/m.04n3fgf_0001.jpg,../images/test/data/Just_Images/Caucasian/Man/m.05zx1f_0002.jpg,0.9014347195625305,0
../images/test/data/Just_Images/Caucasian/Man/m.0268b9l_0003.jpg,../images/test/data/Just_Images/Caucasian/Woman/m.082vy3_0001.jpg,0.8982787132263184,0
../images/test/data/Just_Images/Caucasian/Man/m.05mt786_0001.jpg,../images/test/data/Just_Images/Caucasian/Man/m.02t__l_0003.jpg,0.9402639269828796,0
../images/test/data/Just_Images/Caucasian/Woman/m.0223zk_0001.jpg,../images/test/data/Just_Images/Caucasian/Man/m.0bmxpb_0003.jpg,0.9298819303512573,0
../images/test/data/Just_Images/Caucasian/Woman/m.04797vx_0001.jpg,../images/test/data/Just_Images/Caucasian/Man/m.040ct4_0002.jpg,0.9116325974464417,0
../images/test/data/Just_Images/Caucasian/Woman/m.039gj2_0004.jpg,../images/test/data/Just_Images/Caucasian/Man/m.07k8vcv_0002.jpg,0.9445881843566895,0
../images/test/data/Just_Images/Caucasian/Man/m.086mrc_0001.jpg,../images/test/data/Just_Images/Caucasian/Man/m.07k613n_0002.jpg,0.8711581826210022,0
../images/test/data/Just_Images/Caucasian/Man/m.09571f_0003.jpg,../images/test/data/Just_Images/Caucasian/Woman/m.02lzxp_0002.jpg,0.8985321521759033,0
../images/test/data/Just_Images/Caucasian/Man/m.01l6qfs_0001.jpg,../images/test/data/Just_Images/Caucasian/Man/m.08c0_0_0001.jpg,0.9097423553466797,0
../images/test/data/Just_Images/Caucasian/Woman/m.0ggb0pb_0003.jpg,../images/test/data/Just_Images/Caucasian/Man/m.0bmxpb_0002.jpg,0.9352737665176392,0
../images/test/data/Just_Images/Caucasian/Man/m.0dtcq_0002.jpg,../images/test/data/Just_Images/Caucasian/Man/m.01zbjj_0001.jpg,0.8935915231704712,0
../images/test/data/Just_Images/Caucasian/Man/m.026559r_0001.jpg,../images/test/data/Just_Images/Caucasian/Woman/m.027j8ws_0003.jpg,0.8710237145423889,0
../images/test/data/Just_Images/Caucasian/Man/m.03d_8h_0002.jpg,../images/test/data/Just_Images/Caucasian/Man/m.0b4lv__0004.jpg,0.820564866065979,0
../images/test/data/Just_Images/Caucasian/Man/m.01bl47_0002.jpg,../images/test/data/Just_Images/Caucasian/Man/m.0261ywc_0003.jpg,0.8774416446685791,0
../images/test/data/Just_Images/Caucasian/Man/m.07j8kh_0002.jpg,../images/test/data/Just_Images/Caucasian/Woman/m.09xv1s_0005.jpg,0.7249420881271362,0
../images/test/data/Just_Images/Caucasian/Man/m.09gfz4m_0003.jpg,../images/test/data/Just_Images/Caucasian/Man/m.044sp1_0002.jpg,0.9327726364135742,0
../images/test/data/Just_Images/Caucasian/Man/m.025mv6_0002.jpg,../images/test/data/Just_Images/Caucasian/Man/m.04gm4qm_0001.jpg,0.8911227583885193,0
../images/test/data/Just_Images/Caucasian/Man/m.03fq7w_0003.jpg,../images/test/data/Just_Images/Caucasian/Man/m.0dd67__0003.jpg,0.901231050491333,0
../images/test/data/Just_Images/Caucasian/Man/m.01t91vg_0005.jpg,../images/test/data/Just_Images/Caucasian/Man/m.027klgs_0004.jpg,0.9411632418632507,0
../images/test/data/Just_Images/Caucasian/Man/m.047g0g_0002.jpg,../images/test/data/Just_Images/Caucasian/Man/m.03hj_vm_0003.jpg,0.8319414258003235,0
../images/test/data/Just_Images/Caucasian/Man/m.04d50l_0003.jpg,../images/test/data/Just_Images/Caucasian/Man/m.0crj8tf_0002.jpg,0.8384499549865723,0
../images/test/data/Just_Images/Caucasian/Man/m.01wx66t_0001.jpg,../images/test/data/Just_Images/Caucasian/Man/m.096td_0002.jpg,0.8529277443885803,0
../images/test/data/Just_Images/Caucasian/Man/m.02q9f06_0001.jpg,../images/test/data/Just_Images/Caucasian/Man/m.0jsfs9k_0001.jpg,0.9186651706695557,0
../images/test/data/Just_Images/Caucasian/Man/m.0585mx_0003.jpg,../images/test/data/Just_Images/Caucasian/Man/m.0gcxbt6_0004.jpg,0.8543850183486938,0
../images/test/data/Just_Images/Caucasian/Man/m.054z0fx_0002.jpg,../images/test/data/Just_Images/Caucasian/Man/m.0c2qjg_0003.jpg,0.8998265266418457,0
../images/test/data/Just_Images/Caucasian/Woman/m.0bmgy0_0004.jpg,../images/test/data/Just_Images/Caucasian/Man/m.0kfykm1_0001.jpg,0.8667500019073486,0
../images/test/data/Just_Images/Caucasian/Man/m.061sy__0001.jpg,../images/test/data/Just_Images/Caucasian/Man/m.061sy__0003.jpg,0.8103930950164795,1
../images/test/data/Just_Images/Caucasian/Man/m.03pjgb_0004.jpg,../images/test/data/Just_Images/Caucasian/Man/m.03pjgb_0002.jpg,0.8953102231025696,1
../images/test/data/Just_Images/Caucasian/Man/m.0db8_5_0003.jpg,../images/test/data/Just_Images/Caucasian/Man/m.0db8_5_0001.jpg,0.7283201813697815,1
../images/test/data/Just_Images/Caucasian/Man/m.05bmz1_0004.jpg,../images/test/data/Just_Images/Caucasian/Man/m.05bmz1_0001.jpg,0.7924919724464417,1
../images/test/data/Just_Images/Caucasian/Man/m.0gh8b36_0001.jpg,../images/test/data/Just_Images/Caucasian/Man/m.0gh8b36_0002.jpg,0.857122540473938,1
../images/test/data/Just_Images/Caucasian/Man/m.0bhghr_0003.jpg,../images/test/data/Just_Images/Caucasian/Man/m.0bhghr_0002.jpg,0.8195229768753052,1
../images/test/data/Just_Images/Caucasian/Man/m.027khkl_0002.jpg,../images/test/data/Just_Images/Caucasian/Man/m.027khkl_0003.jpg,0.8905462026596069,1
../images/test/data/Just_Images/Caucasian/Man/m.06_t8__0004.jpg,../images/test/data/Just_Images/Caucasian/Man/m.06_t8__0003.jpg,0.8292186856269836,1
../images/test/data/Just_Images/Caucasian/Woman/m.04gtkcd_0003.jpg,../images/test/data/Just_Images/Caucasian/Woman/m.04gtkcd_0001.jpg,0.9488462209701538,1
../images/test/data/Just_Images/Caucasian/Man/m.0bmjwhg_0002.jpg,../images/test/data/Just_Images/Caucasian/Man/m.0bmjwhg_0004.jpg,0.8522074818611145,1
../images/test/data/Just_Images/Caucasian/Man/m.01v349_0003.jpg,../images/test/data/Just_Images/Caucasian/Man/m.01v349_0001.jpg,0.8224080801010132,1
../images/test/data/Just_Images/Caucasian/Woman/m.07mqtl_0001.jpg,../images/test/data/Just_Images/Caucasian/Woman/m.07mqtl_0003.jpg,0.8842089176177979,1
../images/test/data/Just_Images/Caucasian/Man/m.0b1db7_0002.jpg,../images/test/data/Just_Images/Caucasian/Man/m.0b1db7_0001.jpg,0.8806822299957275,1
../images/test/data/Just_Images/Caucasian/Woman/m.04t4ly_0002.jpg,../images/test/data/Just_Images/Caucasian/Woman/m.04t4ly_0001.jpg,0.9622677564620972,1
../images/test/data/Just_Images/Caucasian/Man/m.0465nch_0004.jpg,../images/test/data/Just_Images/Caucasian/Man/m.0465nch_0002.jpg,0.831045389175415,1
../images/test/data/Just_Images/Caucasian/Woman/m.0gjrth_0001.jpg,../images/test/data/Just_Images/Caucasian/Woman/m.0gjrth_0002.jpg,0.858196496963501,1
../images/test/data/Just_Images/Caucasian/Man/m.0138d_0003.jpg,../images/test/data/Just_Images/Caucasian/Man/m.0138d_0001.jpg,0.9309126138687134,1
../images/test/data/Just_Images/Caucasian/Man/m.03wfpgp_0003.jpg,../images/test/data/Just_Images/Caucasian/Man/m.03wfpgp_0001.jpg,0.7320359945297241,1
../images/test/data/Just_Images/Caucasian/Woman/m.04ybv19_0001.jpg,../images/test/data/Just_Images/Caucasian/Woman/m.04ybv19_0003.jpg,0.9423167705535889,1
../images/test/data/Just_Images/Caucasian/Man/m.0btr9_0001.jpg,../images/test/data/Just_Images/Caucasian/Man/m.0btr9_0004.jpg,0.883686363697052,1
../images/test/data/Just_Images/Caucasian/Man/m.02784z_0001.jpg,../images/test/data/Just_Images/Caucasian/Man/m.02784z_0003.jpg,0.7952079176902771,1
../images/test/data/Just_Images/Caucasian/Man/m.01bl47_0001.jpg,../images/test/data/Just_Images/Caucasian/Man/m.01bl47_0003.jpg,0.9111838936805725,1
../images/test/data/Just_Images/Caucasian/Man/m.01vtj24_0002.jpg,../images/test/data/Just_Images/Caucasian/Man/m.01vtj24_0001.jpg,0.8561269044876099,1
../images/test/data/Just_Images/Caucasian/Woman/m.0bqqv_0001.jpg,../images/test/data/Just_Images/Caucasian/Woman/m.0bqqv_0003.jpg,0.9297429919242859,1
../images/test/data/Just_Images/Caucasian/Man/m.0150t6_0002.jpg,../images/test/data/Just_Images/Caucasian/Man/m.0150t6_0001.jpg,0.943820595741272,1
../images/test/data/Just_Images/Caucasian/Man/m.06mf7y_0003.jpg,../images/test/data/Just_Images/Caucasian/Man/m.06mf7y_0002.jpg,0.9070512056350708,1
../images/test/data/Just_Images/Caucasian/Man/m.08dhmf_0001.jpg,../images/test/data/Just_Images/Caucasian/Man/m.08dhmf_0003.jpg,0.9756063222885132,1
../images/test/data/Just_Images/Caucasian/Woman/m.0bm7nv_0001.jpg,../images/test/data/Just_Images/Caucasian/Woman/m.0bm7nv_0003.jpg,0.6318202018737793,1
../images/test/data/Just_Images/Caucasian/Woman/m.02qg47q_0002.jpg,../images/test/data/Just_Images/Caucasian/Woman/m.02qg47q_0001.jpg,0.759429931640625,1
../images/test/data/Just_Images/Caucasian/Man/m.0415yw4_0001.jpg,../images/test/data/Just_Images/Caucasian/Man/m.0415yw4_0002.jpg,0.8955103754997253,1
../images/test/data/Just_Images/Caucasian/Woman/m.04crbhv_0003.jpg,../images/test/data/Just_Images/Caucasian/Woman/m.04crbhv_0001.jpg,0.8661906719207764,1
../images/test/data/Just_Images/Caucasian/Man/m.01d8v3_0003.jpg,../images/test/data/Just_Images/Caucasian/Man/m.01d8v3_0001.jpg,0.9216932058334351,1
../images/test/data/Just_Images/Caucasian/Man/m.05b61rg_0005.jpg,../images/test/data/Just_Images/Caucasian/Man/m.05b61rg_0001.jpg,0.8979341387748718,1
../images/test/data/Just_Images/Caucasian/Woman/m.01jm_5_0003.jpg,../images/test/data/Just_Images/Caucasian/Woman/m.01jm_5_0001.jpg,0.8933811187744141,1
../images/test/data/Just_Images/Caucasian/Woman/m.01kzrcw_0003.jpg,../images/test/data/Just_Images/Caucasian/Woman/m.01kzrcw_0001.jpg,0.8829745650291443,1
../images/test/data/Just_Images/Caucasian/Man/m.0dqrzj_0002.jpg,../images/test/data/Just_Images/Caucasian/Man/m.0dqrzj_0003.jpg,0.9155216217041016,1
../images/test/data/Just_Images/Caucasian/Woman/m.0hjd1sz_0003.jpg,../images/test/data/Just_Images/Caucasian/Woman/m.0hjd1sz_0002.jpg,0.7819650769233704,1
../images/test/data/Just_Images/Caucasian/Woman/m.03byzw4_0005.jpg,../images/test/data/Just_Images/Caucasian/Woman/m.03byzw4_0001.jpg,0.9058047533035278,1
../images/test/data/Just_Images/Caucasian/Woman/m.061f6y_0002.jpg,../images/test/data/Just_Images/Caucasian/Woman/m.061f6y_0001.jpg,0.9282842874526978,1
../images/test/data/Just_Images/Caucasian/Man/m.05yj27_0001.jpg,../images/test/data/Just_Images/Caucasian/Man/m.05yj27_0002.jpg,0.8994349837303162,1
../images/test/data/Just_Images/Caucasian/Man/m.035kl6_0004.jpg,../images/test/data/Just_Images/Caucasian/Man/m.035kl6_0001.jpg,0.8975489139556885,1
../images/test/data/Just_Images/Caucasian/Woman/m.050_5z_0002.jpg,../images/test/data/Just_Images/Caucasian/Woman/m.050_5z_0001.jpg,0.879683792591095,1
../images/test/data/Just_Images/Caucasian/Man/m.0g2skl_0002.jpg,../images/test/data/Just_Images/Caucasian/Man/m.0g2skl_0004.jpg,0.7873421907424927,1
../images/test/data/Just_Images/Caucasian/Man/m.0h422m_0002.jpg,../images/test/data/Just_Images/Caucasian/Man/m.0h422m_0001.jpg,0.7675859928131104,1
../images/test/data/Just_Images/Caucasian/Woman/m.057dz9_0002.jpg,../images/test/data/Just_Images/Caucasian/Woman/m.057dz9_0001.jpg,0.9798120856285095,1
../images/test/data/Just_Images/Caucasian/Man/m.037gr7_0001.jpg,../images/test/data/Just_Images/Caucasian/Man/m.037gr7_0004.jpg,0.7932446599006653,1
../images/test/data/Just_Images/Caucasian/Woman/m.0768sp_0001.jpg,../images/test/data/Just_Images/Caucasian/Woman/m.0768sp_0002.jpg,0.8791604042053223,1
../images/test/data/Just_Images/Caucasian/Man/m.048v2f_0002.jpg,../images/test/data/Just_Images/Caucasian/Man/m.048v2f_0001.jpg,0.8725135326385498,1
../images/test/data/Just_Images/Caucasian/Man/m.0cq3_r_0002.jpg,../images/test/data/Just_Images/Caucasian/Man/m.0cq3_r_0001.jpg,0.8044857382774353,1
../images/test/data/Just_Images/Caucasian/Man/m.012x2b_0001.jpg,../images/test/data/Just_Images/Caucasian/Man/m.012x2b_0002.jpg,0.8848894834518433,1
../images/test/data/Just_Images/Caucasian/Man/m.01wmlss_0001.jpg,../images/test/data/Just_Images/Caucasian/Man/m.01wmlss_0003.jpg,0.8848127126693726,1
../images/test/data/Just_Images/Caucasian/Woman/m.0js45_0002.jpg,../images/test/data/Just_Images/Caucasian/Woman/m.0js45_0001.jpg,0.8372986912727356,1
../images/test/data/Just_Images/Caucasian/Man/m.0393j4_0003.jpg,../images/test/data/Just_Images/Caucasian/Man/m.0393j4_0005.jpg,0.8882734775543213,1
../images/test/data/Just_Images/Caucasian/Man/m.07_zvm_0001.jpg,../images/test/data/Just_Images/Caucasian/Man/m.07_zvm_0003.jpg,0.9239811897277832,1
../images/test/data/Just_Images/Caucasian/Man/m.041pkb_0003.jpg,../images/test/data/Just_Images/Caucasian/Man/m.041pkb_0001.jpg,0.8835533261299133,1
../images/test/data/Just_Images/Caucasian/Man/m.05q4wp_0003.jpg,../images/test/data/Just_Images/Caucasian/Man/m.05q4wp_0004.jpg,0.9138973951339722,1
../images/test/data/Just_Images/Caucasian/Man/m.022k9k_0002.jpg,../images/test/data/Just_Images/Caucasian/Man/m.022k9k_0003.jpg,0.9216192364692688,1
../images/test/data/Just_Images/Caucasian/Man/m.023lrv_0001.jpg,../images/test/data/Just_Images/Caucasian/Man/m.023lrv_0003.jpg,0.8998923301696777,1
../images/test/data/Just_Images/Caucasian/Man/m.02frlb_0002.jpg,../images/test/data/Just_Images/Caucasian/Man/m.02frlb_0003.jpg,0.9649848341941833,1
../images/test/data/Just_Images/Caucasian/Woman/m.0996lg_0003.jpg,../images/test/data/Just_Images/Caucasian/Woman/m.0996lg_0002.jpg,0.9658335447311401,1
../images/test/data/Just_Images/Caucasian/Man/m.07mvwx_0003.jpg,../images/test/data/Just_Images/Caucasian/Man/m.07mvwx_0001.jpg,0.7260658740997314,1
../images/test/data/Just_Images/Caucasian/Man/m.080ky6g_0003.jpg,../images/test/data/Just_Images/Caucasian/Man/m.080ky6g_0005.jpg,0.895540177822113,1
../images/test/data/Just_Images/Caucasian/Man/m.03yfscz_0002.jpg,../images/test/data/Just_Images/Caucasian/Man/m.03yfscz_0001.jpg,0.8387466669082642,1
../images/test/data/Just_Images/Caucasian/Man/m.0570sb_0001.jpg,../images/test/data/Just_Images/Caucasian/Man/m.0570sb_0002.jpg,0.9310652017593384,1
../images/test/data/Just_Images/Caucasian/Man/m.0d73bw_0002.jpg,../images/test/data/Just_Images/Caucasian/Man/m.0d73bw_0003.jpg,0.902531623840332,1
../images/test/data/Just_Images/Caucasian/Man/m.085qw__0001.jpg,../images/test/data/Just_Images/Caucasian/Man/m.085qw__0002.jpg,0.7895136475563049,1
../images/test/data/Just_Images/Caucasian/Woman/m.0by02cb_0001.jpg,../images/test/data/Just_Images/Caucasian/Woman/m.0by02cb_0004.jpg,0.769563615322113,1
../images/test/data/Just_Images/Caucasian/Man/m.025xdfy_0004.jpg,../images/test/data/Just_Images/Caucasian/Man/m.025xdfy_0002.jpg,0.8167767524719238,1
../images/test/data/Just_Images/Caucasian/Woman/m.0qb55z6_0001.jpg,../images/test/data/Just_Images/Caucasian/Woman/m.0qb55z6_0003.jpg,0.8762938380241394,1
../images/test/data/Just_Images/Caucasian/Woman/m.02qkwbp_0001.jpg,../images/test/data/Just_Images/Caucasian/Woman/m.02qkwbp_0002.jpg,0.9540001749992371,1
../images/test/data/Just_Images/Caucasian/Man/m.0893z5_0001.jpg,../images/test/data/Just_Images/Caucasian/Man/m.0893z5_0002.jpg,0.7165441513061523,1
../images/test/data/Just_Images/Caucasian/Man/m.0gg7r1s_0001.jpg,../images/test/data/Just_Images/Caucasian/Man/m.0gg7r1s_0003.jpg,0.9154986143112183,1
../images/test/data/Just_Images/Caucasian/Man/m.05qmx0_0002.jpg,../images/test/data/Just_Images/Caucasian/Man/m.05qmx0_0003.jpg,0.9091030359268188,1
../images/test/data/Just_Images/Caucasian/Man/m.030n50_0001.jpg,../images/test/data/Just_Images/Caucasian/Man/m.030n50_0002.jpg,0.969555675983429,1
../images/test/data/Just_Images/Caucasian/Man/m.0bgk78g_0001.jpg,../images/test/data/Just_Images/Caucasian/Man/m.0bgk78g_0002.jpg,0.7903743982315063,1
../images/test/data/Just_Images/Caucasian/Woman/m.01p7yb_0002.jpg,../images/test/data/Just_Images/Caucasian/Woman/m.01p7yb_0004.jpg,0.8809888958930969,1
../images/test/data/Just_Images/Caucasian/Man/m.014sj7_0002.jpg,../images/test/data/Just_Images/Caucasian/Man/m.014sj7_0003.jpg,0.9534611701965332,1
../images/test/data/Just_Images/Caucasian/Man/m.0381l__0001.jpg,../images/test/data/Just_Images/Caucasian/Man/m.0381l__0002.jpg,0.9368411302566528,1
../images/test/data/Just_Images/Caucasian/Man/m.0165dv_0001.jpg,../images/test/data/Just_Images/Caucasian/Man/m.0165dv_0002.jpg,0.9574836492538452,1
../images/test/data/Just_Images/Caucasian/Woman/m.07k9j4_0001.jpg,../images/test/data/Just_Images/Caucasian/Woman/m.07k9j4_0003.jpg,0.8220850825309753,1
../images/test/data/Just_Images/Caucasian/Man/m.04h8d7_0002.jpg,../images/test/data/Just_Images/Caucasian/Man/m.04h8d7_0001.jpg,0.8757325410842896,1
../images/test/data/Just_Images/Caucasian/Man/m.0187qd_0002.jpg,../images/test/data/Just_Images/Caucasian/Man/m.0187qd_0003.jpg,0.8559644222259521,1
../images/test/data/Just_Images/Caucasian/Man/m.03hj_vm_0002.jpg,../images/test/data/Just_Images/Caucasian/Man/m.03hj_vm_0001.jpg,0.8737925291061401,1
../images/test/data/Just_Images/Caucasian/Man/m.05nfmz_0002.jpg,../images/test/data/Just_Images/Caucasian/Man/m.05nfmz_0003.jpg,0.8247706890106201,1
../images/test/data/Just_Images/Caucasian/Man/m.02g3ds_0002.jpg,../images/test/data/Just_Images/Caucasian/Man/m.02g3ds_0004.jpg,0.8140605688095093,1
../images/test/data/Just_Images/Caucasian/Man/m.07l8vs_0003.jpg,../images/test/data/Just_Images/Caucasian/Man/m.07l8vs_0001.jpg,0.9168446063995361,1
../images/test/data/Just_Images/Caucasian/Man/m.041xfx_0001.jpg,../images/test/data/Just_Images/Caucasian/Man/m.041xfx_0005.jpg,0.8201841115951538,1
../images/test/data/Just_Images/Caucasian/Woman/m.040qc7_0001.jpg,../images/test/data/Just_Images/Caucasian/Woman/m.040qc7_0002.jpg,0.9268104434013367,1
../images/test/data/Just_Images/Caucasian/Man/m.0hpz8_0003.jpg,../images/test/data/Just_Images/Caucasian/Man/m.0hpz8_0002.jpg,0.8919093012809753,1
../images/test/data/Just_Images/Caucasian/Man/m.0bbtgy9_0002.jpg,../images/test/data/Just_Images/Caucasian/Man/m.0bbtgy9_0001.jpg,0.8269730806350708,1
../images/test/data/Just_Images/Caucasian/Man/m.05h4rbm_0003.jpg,../images/test/data/Just_Images/Caucasian/Man/m.05h4rbm_0004.jpg,0.8004498481750488,1
../images/test/data/Just_Images/Caucasian/Man/m.01nq1bn_0001.jpg,../images/test/data/Just_Images/Caucasian/Man/m.01nq1bn_0003.jpg,0.8680809736251831,1
../images/test/data/Just_Images/Caucasian/Man/m.01ttk9t_0003.jpg,../images/test/data/Just_Images/Caucasian/Man/m.01ttk9t_0004.jpg,0.8988794684410095,1
../images/test/data/Just_Images/Caucasian/Woman/m.01vphtp_0001.jpg,../images/test/data/Just_Images/Caucasian/Woman/m.01vphtp_0002.jpg,0.8116719722747803,1
../images/test/data/Just_Images/Caucasian/Man/m.01my3sw_0002.jpg,../images/test/data/Just_Images/Caucasian/Man/m.01my3sw_0001.jpg,0.75094074010849,1
../images/test/data/Just_Images/Caucasian/Man/m.029d7w_0002.jpg,../images/test/data/Just_Images/Caucasian/Man/m.029d7w_0004.jpg,0.8855843544006348,1
../images/test/data/Just_Images/Caucasian/Man/m.06syjf_0001.jpg,../images/test/data/Just_Images/Caucasian/Man/m.06syjf_0002.jpg,0.85512375831604,1
../images/test/data/Just_Images/Caucasian/Man/m.01wzz4w_0005.jpg,../images/test/data/Just_Images/Caucasian/Man/m.01wzz4w_0004.jpg,0.9291448593139648,1
../images/test/data/Just_Images/Caucasian/Man/m.03hr9s_0001.jpg,../images/test/data/Just_Images/Caucasian/Man/m.03hr9s_0002.jpg,0.8584569096565247,1
../images/test/data/Just_Images/Caucasian/Man/m.0bqk6z_0003.jpg,../images/test/data/Just_Images/Caucasian/Man/m.0bqk6z_0001.jpg,0.878136157989502,1
../images/test/data/Just_Images/Caucasian/Woman/m.08p1jw_0002.jpg,../images/test/data/Just_Images/Caucasian/Woman/m.08p1jw_0004.jpg,0.928309440612793,1
../images/test/data/Just_Images/Caucasian/Man/m.09s93z_0003.jpg,../images/test/data/Just_Images/Caucasian/Man/m.09s93z_0004.jpg,0.8924538493156433,1
../images/test/data/Just_Images/Caucasian/Man/m.03d6zy4_0002.jpg,../images/test/data/Just_Images/Caucasian/Man/m.03d6zy4_0001.jpg,0.8704290390014648,1
../images/test/data/Just_Images/Caucasian/Man/m.03bj_d_0003.jpg,../images/test/data/Just_Images/Caucasian/Man/m.03bj_d_0002.jpg,0.9608397483825684,1
../images/test/data/Just_Images/Caucasian/Man/m.08dhgx_0001.jpg,../images/test/data/Just_Images/Caucasian/Man/m.08dhgx_0004.jpg,0.8471096754074097,1
../images/test/data/Just_Images/Caucasian/Man/m.05zmfwc_0001.jpg,../images/test/data/Just_Images/Caucasian/Man/m.05zmfwc_0003.jpg,0.9303376078605652,1
../images/test/data/Just_Images/Caucasian/Man/m.01vhrz_0003.jpg,../images/test/data/Just_Images/Caucasian/Man/m.01vhrz_0004.jpg,0.8490690588951111,1
../images/test/data/Just_Images/Caucasian/Man/m.026twx5_0002.jpg,../images/test/data/Just_Images/Caucasian/Man/m.026twx5_0003.jpg,0.8885776996612549,1
../images/test/data/Just_Images/Caucasian/Man/m.08dgms_0005.jpg,../images/test/data/Just_Images/Caucasian/Man/m.08dgms_0001.jpg,0.9193946719169617,1
../images/test/data/Just_Images/Caucasian/Man/m.017bcv_0005.jpg,../images/test/data/Just_Images/Caucasian/Man/m.017bcv_0001.jpg,0.8583745360374451,1
../images/test/data/Just_Images/Caucasian/Man/m.04y5j4n_0001.jpg,../images/test/data/Just_Images/Caucasian/Man/m.04y5j4n_0003.jpg,0.9110616445541382,1
../images/test/data/Just_Images/Caucasian/Man/m.0p_r5_0001.jpg,../images/test/data/Just_Images/Caucasian/Man/m.0p_r5_0003.jpg,0.9104501008987427,1
../images/test/data/Just_Images/Caucasian/Woman/m.0628z0_0003.jpg,../images/test/data/Just_Images/Caucasian/Woman/m.0628z0_0001.jpg,0.8604421615600586,1
../images/test/data/Just_Images/Caucasian/Man/m.0bs1f1l_0004.jpg,../images/test/data/Just_Images/Caucasian/Man/m.0bs1f1l_0002.jpg,0.9395734071731567,1
../images/test/data/Just_Images/Caucasian/Man/m.03ydsb_0002.jpg,../images/test/data/Just_Images/Caucasian/Man/m.03ydsb_0003.jpg,0.8826152086257935,1
../images/test/data/Just_Images/Caucasian/Woman/m.01dml6_0001.jpg,../images/test/data/Just_Images/Caucasian/Woman/m.01dml6_0002.jpg,0.933738112449646,1
../images/test/data/Just_Images/Caucasian/Man/m.03398_0002.jpg,../images/test/data/Just_Images/Caucasian/Man/m.03398_0003.jpg,0.8592660427093506,1
../images/test/data/Just_Images/Caucasian/Man/m.012cf3_0002.jpg,../images/test/data/Just_Images/Caucasian/Man/m.012cf3_0003.jpg,0.8634171485900879,1
../images/test/data/Just_Images/Caucasian/Man/m.0fqq2n_0001.jpg,../images/test/data/Just_Images/Caucasian/Man/m.0fqq2n_0002.jpg,0.8117986917495728,1
../images/test/data/Just_Images/Caucasian/Man/m.03m_77_0002.jpg,../images/test/data/Just_Images/Caucasian/Man/m.03m_77_0003.jpg,0.898413896560669,1
../images/test/data/Just_Images/Caucasian/Woman/m.07gzdm_0002.jpg,../images/test/data/Just_Images/Caucasian/Woman/m.07gzdm_0003.jpg,0.7918250560760498,1
../images/test/data/Just_Images/Caucasian/Woman/m.03ccstv_0002.jpg,../images/test/data/Just_Images/Caucasian/Woman/m.03ccstv_0004.jpg,0.865587592124939,1
../images/test/data/Just_Images/Caucasian/Man/m.0f_9k6_0001.jpg,../images/test/data/Just_Images/Caucasian/Man/m.0f_9k6_0002.jpg,0.8947293758392334,1
../images/test/data/Just_Images/Caucasian/Woman/m.01lr4p_0002.jpg,../images/test/data/Just_Images/Caucasian/Woman/m.01lr4p_0003.jpg,0.9112956523895264,1
../images/test/data/Just_Images/Caucasian/Woman/m.033ch6_0002.jpg,../images/test/data/Just_Images/Caucasian/Woman/m.033ch6_0003.jpg,0.9669750928878784,1
../images/test/data/Just_Images/Caucasian/Woman/m.0265twh_0003.jpg,../images/test/data/Just_Images/Caucasian/Woman/m.0265twh_0001.jpg,0.9005307555198669,1
../images/test/data/Just_Images/Caucasian/Man/m.08nkwt_0003.jpg,../images/test/data/Just_Images/Caucasian/Man/m.08nkwt_0002.jpg,0.8564419746398926,1
../images/test/data/Just_Images/Caucasian/Man/m.05sy8_0002.jpg,../images/test/data/Just_Images/Caucasian/Man/m.05sy8_0003.jpg,0.8010556697845459,1
../images/test/data/Just_Images/Caucasian/Man/m.02d4pj_0002.jpg,../images/test/data/Just_Images/Caucasian/Man/m.02d4pj_0001.jpg,0.8402160406112671,1
../images/test/data/Just_Images/Caucasian/Man/m.05b0jw_0002.jpg,../images/test/data/Just_Images/Caucasian/Man/m.05b0jw_0001.jpg,0.950833797454834,1
../images/test/data/Just_Images/Caucasian/Woman/m.0r4ps4l_0002.jpg,../images/test/data/Just_Images/Caucasian/Woman/m.0r4ps4l_0004.jpg,0.8265982866287231,1
../images/test/data/Just_Images/Caucasian/Man/m.0339tj_0005.jpg,../images/test/data/Just_Images/Caucasian/Man/m.0339tj_0001.jpg,0.7018385529518127,1
../images/test/data/Just_Images/Caucasian/Man/m.028bnll_0003.jpg,../images/test/data/Just_Images/Caucasian/Man/m.028bnll_0004.jpg,0.9234421253204346,1
../images/test/data/Just_Images/Caucasian/Man/m.027_v2k_0003.jpg,../images/test/data/Just_Images/Caucasian/Man/m.027_v2k_0001.jpg,0.8186672925949097,1
../images/test/data/Just_Images/Caucasian/Man/m.0b4qm3_0002.jpg,../images/test/data/Just_Images/Caucasian/Man/m.0b4qm3_0001.jpg,0.9084380865097046,1
../images/test/data/Just_Images/Caucasian/Man/m.04n12ty_0002.jpg,../images/test/data/Just_Images/Caucasian/Man/m.04n12ty_0001.jpg,0.9269701838493347,1
../images/test/data/Just_Images/Caucasian/Man/m.06w6ydl_0002.jpg,../images/test/data/Just_Images/Caucasian/Man/m.06w6ydl_0003.jpg,0.8837158679962158,1
../images/test/data/Just_Images/Caucasian/Woman/m.02sm28_0003.jpg,../images/test/data/Just_Images/Caucasian/Woman/m.02sm28_0004.jpg,0.9024088978767395,1
../images/test/data/Just_Images/Caucasian/Man/m.0125mr_0002.jpg,../images/test/data/Just_Images/Caucasian/Man/m.0125mr_0003.jpg,0.9111494421958923,1
../images/test/data/Just_Images/Caucasian/Man/m.021vwt_0001.jpg,../images/test/data/Just_Images/Caucasian/Man/m.021vwt_0002.jpg,0.8353786468505859,1
../images/test/data/Just_Images/Caucasian/Man/m.0jwxbnf_0001.jpg,../images/test/data/Just_Images/Caucasian/Man/m.0jwxbnf_0002.jpg,0.8572131395339966,1
../images/test/data/Just_Images/Caucasian/Man/m.0611v__0001.jpg,../images/test/data/Just_Images/Caucasian/Man/m.0611v__0002.jpg,0.9714429378509521,1
../images/test/data/Just_Images/Caucasian/Man/m.06qz9f_0003.jpg,../images/test/data/Just_Images/Caucasian/Man/m.06qz9f_0002.jpg,0.8176504373550415,1
../images/test/data/Just_Images/Caucasian/Man/m.0fb7hp_0002.jpg,../images/test/data/Just_Images/Caucasian/Man/m.0fb7hp_0004.jpg,0.9321330189704895,1
../images/test/data/Just_Images/Caucasian/Woman/m.07vw7z_0001.jpg,../images/test/data/Just_Images/Caucasian/Woman/m.07vw7z_0002.jpg,0.7295944094657898,1
../images/test/data/Just_Images/Caucasian/Woman/m.04mx6tt_0003.jpg,../images/test/data/Just_Images/Caucasian/Woman/m.04mx6tt_0001.jpg,0.891203761100769,1
../images/test/data/Just_Images/Caucasian/Man/m.07vt3h_0001.jpg,../images/test/data/Just_Images/Caucasian/Man/m.07vt3h_0003.jpg,0.8664674162864685,1
../images/test/data/Just_Images/Caucasian/Man/m.09fjh6_0002.jpg,../images/test/data/Just_Images/Caucasian/Man/m.09fjh6_0003.jpg,0.7997841835021973,1
../images/test/data/Just_Images/Caucasian/Woman/m.07k8dl_0001.jpg,../images/test/data/Just_Images/Caucasian/Woman/m.07k8dl_0002.jpg,0.9587116837501526,1
../images/test/data/Just_Images/Caucasian/Man/m.0gff83x_0004.jpg,../images/test/data/Just_Images/Caucasian/Man/m.0gff83x_0002.jpg,0.8015084862709045,1
../images/test/data/Just_Images/Caucasian/Man/m.0282xfk_0002.jpg,../images/test/data/Just_Images/Caucasian/Man/m.0282xfk_0003.jpg,0.9750761985778809,1
../images/test/data/Just_Images/Caucasian/Man/m.07m4vq_0003.jpg,../images/test/data/Just_Images/Caucasian/Man/m.07m4vq_0002.jpg,0.6417155265808105,1
../images/test/data/Just_Images/Caucasian/Woman/m.05mkfb_0001.jpg,../images/test/data/Just_Images/Caucasian/Woman/m.05mkfb_0003.jpg,0.8587762117385864,1
../images/test/data/Just_Images/Caucasian/Man/m.01cwk9_0002.jpg,../images/test/data/Just_Images/Caucasian/Man/m.01cwk9_0003.jpg,0.7782837748527527,1
../images/test/data/Just_Images/Caucasian/Man/m.018q7p_0003.jpg,../images/test/data/Just_Images/Caucasian/Man/m.018q7p_0001.jpg,0.8422207832336426,1
../images/test/data/Just_Images/Caucasian/Man/m.07tzbr_0005.jpg,../images/test/data/Just_Images/Caucasian/Man/m.07tzbr_0003.jpg,0.8826016783714294,1
../images/test/data/Just_Images/Caucasian/Man/m.01tv0b_0001.jpg,../images/test/data/Just_Images/Caucasian/Man/m.01tv0b_0002.jpg,0.5834834575653076,1
../images/test/data/Just_Images/Caucasian/Man/m.039vj4_0003.jpg,../images/test/data/Just_Images/Caucasian/Man/m.039vj4_0004.jpg,0.8674156665802002,1
../images/test/data/Just_Images/Caucasian/Man/m.01lpjyj_0001.jpg,../images/test/data/Just_Images/Caucasian/Man/m.01lpjyj_0002.jpg,0.8917016983032227,1
../images/test/data/Just_Images/Caucasian/Man/m.09k3l5_0002.jpg,../images/test/data/Just_Images/Caucasian/Man/m.09k3l5_0001.jpg,0.873944103717804,1
../images/test/data/Just_Images/Caucasian/Man/m.02qrwlw_0002.jpg,../images/test/data/Just_Images/Caucasian/Man/m.02qrwlw_0003.jpg,0.8981120586395264,1
../images/test/data/Just_Images/Caucasian/Man/m.05r0tc_0003.jpg,../images/test/data/Just_Images/Caucasian/Man/m.05r0tc_0001.jpg,0.7914288640022278,1
../images/test/data/Just_Images/Caucasian/Man/m.01wk2vc_0002.jpg,../images/test/data/Just_Images/Caucasian/Man/m.01wk2vc_0003.jpg,0.8689373731613159,1
../images/test/data/Just_Images/Caucasian/Man/m.06rq4c_0001.jpg,../images/test/data/Just_Images/Caucasian/Man/m.06rq4c_0002.jpg,0.9129430651664734,1
../images/test/data/Just_Images/Caucasian/Man/m.04tkfj_0002.jpg,../images/test/data/Just_Images/Caucasian/Man/m.04tkfj_0003.jpg,0.8593876361846924,1
../images/test/data/Just_Images/Caucasian/Woman/m.02wcl9z_0002.jpg,../images/test/data/Just_Images/Caucasian/Woman/m.02wcl9z_0004.jpg,0.9461386203765869,1
../images/test/data/Just_Images/Caucasian/Man/m.02k7h7_0004.jpg,../images/test/data/Just_Images/Caucasian/Man/m.02k7h7_0003.jpg,0.8376807570457458,1
../images/test/data/Just_Images/Caucasian/Man/m.03gq2f_0004.jpg,../images/test/data/Just_Images/Caucasian/Man/m.03gq2f_0001.jpg,0.9296282529830933,1
../images/test/data/Just_Images/Caucasian/Man/m.04cvpmr_0002.jpg,../images/test/data/Just_Images/Caucasian/Man/m.04cvpmr_0003.jpg,0.751846432685852,1
../images/test/data/Just_Images/Caucasian/Man/m.09l2xs_0001.jpg,../images/test/data/Just_Images/Caucasian/Man/m.09l2xs_0003.jpg,0.7961479425430298,1
../images/test/data/Just_Images/Caucasian/Woman/m.07s9qf2_0004.jpg,../images/test/data/Just_Images/Caucasian/Woman/m.07s9qf2_0002.jpg,0.8243638277053833,1
../images/test/data/Just_Images/Caucasian/Woman/m.04jlgp_0002.jpg,../images/test/data/Just_Images/Caucasian/Woman/m.04jlgp_0003.jpg,0.862130343914032,1
../images/test/data/Just_Images/Caucasian/Woman/m.01qqtr_0004.jpg,../images/test/data/Just_Images/Caucasian/Woman/m.01qqtr_0003.jpg,0.9063573479652405,1
../images/test/data/Just_Images/Caucasian/Man/m.03_61b_0001.jpg,../images/test/data/Just_Images/Caucasian/Man/m.03_61b_0002.jpg,0.803468644618988,1
../images/test/data/Just_Images/Caucasian/Man/m.03w6yx_0001.jpg,../images/test/data/Just_Images/Caucasian/Man/m.03w6yx_0003.jpg,0.8536648750305176,1
../images/test/data/Just_Images/Caucasian/Man/m.0262hk9_0003.jpg,../images/test/data/Just_Images/Caucasian/Man/m.0262hk9_0002.jpg,0.9224018454551697,1
../images/test/data/Just_Images/Caucasian/Man/m.0h_gd68_0003.jpg,../images/test/data/Just_Images/Caucasian/Man/m.0h_gd68_0001.jpg,0.9017767906188965,1
../images/test/data/Just_Images/Caucasian/Woman/m.018462_0001.jpg,../images/test/data/Just_Images/Caucasian/Woman/m.018462_0003.jpg,0.9362467527389526,1
../images/test/data/Just_Images/Caucasian/Man/m.0qc5cv8_0003.jpg,../images/test/data/Just_Images/Caucasian/Man/m.0qc5cv8_0001.jpg,0.8875047564506531,1
../images/test/data/Just_Images/Caucasian/Man/m.062j_j_0004.jpg,../images/test/data/Just_Images/Caucasian/Man/m.062j_j_0005.jpg,0.869902491569519,1
../images/test/data/Just_Images/Caucasian/Woman/m.0dpzdg_0001.jpg,../images/test/data/Just_Images/Caucasian/Woman/m.0dpzdg_0004.jpg,0.7076901197433472,1
../images/test/data/Just_Images/Caucasian/Man/m.05zpsmw_0001.jpg,../images/test/data/Just_Images/Caucasian/Man/m.05zpsmw_0002.jpg,0.7906755805015564,1
../images/test/data/Just_Images/Caucasian/Man/m.02fcs2_0001.jpg,../images/test/data/Just_Images/Caucasian/Man/m.02fcs2_0004.jpg,0.8468765616416931,1
../images/test/data/Just_Images/Caucasian/Woman/m.043n3r3_0002.jpg,../images/test/data/Just_Images/Caucasian/Woman/m.043n3r3_0001.jpg,0.922810435295105,1
../images/test/data/Just_Images/Caucasian/Man/m.04d70b_0001.jpg,../images/test/data/Just_Images/Caucasian/Man/m.04d70b_0002.jpg,0.9109022617340088,1
../images/test/data/Just_Images/Caucasian/Man/m.02x4cb8_0001.jpg,../images/test/data/Just_Images/Caucasian/Man/m.02x4cb8_0002.jpg,0.8543024063110352,1
../images/test/data/Just_Images/Caucasian/Woman/m.02qh2cw_0003.jpg,../images/test/data/Just_Images/Caucasian/Woman/m.02qh2cw_0002.jpg,0.8684752583503723,1
../images/test/data/Just_Images/Caucasian/Man/m.01hbc7_0003.jpg,../images/test/data/Just_Images/Caucasian/Man/m.01hbc7_0002.jpg,0.8586734533309937,1
../images/test/data/Just_Images/Caucasian/Man/m.068p19_0001.jpg,../images/test/data/Just_Images/Caucasian/Man/m.068p19_0003.jpg,0.9489597678184509,1
../images/test/data/Just_Images/Caucasian/Man/m.026yx3p_0002.jpg,../images/test/data/Just_Images/Caucasian/Man/m.026yx3p_0005.jpg,0.8362442255020142,1
../images/test/data/Just_Images/Caucasian/Man/m.0ghbzh_0004.jpg,../images/test/data/Just_Images/Caucasian/Man/m.0ghbzh_0006.jpg,0.9548127055168152,1
../images/test/data/Just_Images/Caucasian/Man/m.06w5yn_0002.jpg,../images/test/data/Just_Images/Caucasian/Man/m.06w5yn_0003.jpg,0.8168259859085083,1
../images/test/data/Just_Images/Caucasian/Woman/m.01437b_0003.jpg,../images/test/data/Just_Images/Caucasian/Woman/m.01437b_0001.jpg,0.8236974477767944,1
../images/test/data/Just_Images/Caucasian/Man/m.0cc8mh1_0002.jpg,../images/test/data/Just_Images/Caucasian/Man/m.0cc8mh1_0001.jpg,0.7883919477462769,1
../images/test/data/Just_Images/Caucasian/Man/m.03ms85_0001.jpg,../images/test/data/Just_Images/Caucasian/Man/m.03ms85_0004.jpg,0.898544192314148,1
../images/test/data/Just_Images/Caucasian/Man/m.03d6v9_0002.jpg,../images/test/data/Just_Images/Caucasian/Man/m.03d6v9_0001.jpg,0.7961344718933105,1
../images/test/data/Just_Images/Caucasian/Man/m.06916x_0001.jpg,../images/test/data/Just_Images/Caucasian/Man/m.06916x_0003.jpg,0.9489854574203491,1
../images/test/data/Just_Images/Caucasian/Man/m.0c2skv_0001.jpg,../images/test/data/Just_Images/Caucasian/Man/m.0c2skv_0003.jpg,0.8707935810089111,1
../images/test/data/Just_Images/Caucasian/Man/m.03ds6q_0002.jpg,../images/test/data/Just_Images/Caucasian/Man/m.03ds6q_0003.jpg,0.8535347580909729,1
../images/test/data/Just_Images/Caucasian/Woman/m.027km64_0002.jpg,../images/test/data/Just_Images/Caucasian/Woman/m.027km64_0003.jpg,0.8910272717475891,1
../images/test/data/Just_Images/Caucasian/Man/m.02_01w_0002.jpg,../images/test/data/Just_Images/Caucasian/Man/m.02_01w_0003.jpg,0.8723540306091309,1
../images/test/data/Just_Images/Caucasian/Man/m.03642d_0001.jpg,../images/test/data/Just_Images/Caucasian/Man/m.03642d_0002.jpg,0.7498942613601685,1
../images/test/data/Just_Images/Caucasian/Woman/m.04jm0kz_0002.jpg,../images/test/data/Just_Images/Caucasian/Woman/m.04jm0kz_0003.jpg,0.8135635256767273,1
../images/test/data/Just_Images/Caucasian/Man/m.0234bw_0004.jpg,../images/test/data/Just_Images/Caucasian/Man/m.0234bw_0003.jpg,0.7451975345611572,1
../images/test/data/Just_Images/Caucasian/Man/m.05z47p_0002.jpg,../images/test/data/Just_Images/Caucasian/Man/m.05z47p_0001.jpg,0.9222304224967957,1
../images/test/data/Just_Images/Caucasian/Man/m.043tg_0003.jpg,../images/test/data/Just_Images/Caucasian/Man/m.043tg_0002.jpg,0.835511326789856,1
../images/test/data/Just_Images/Caucasian/Man/m.01s440l_0002.jpg,../images/test/data/Just_Images/Caucasian/Man/m.01s440l_0001.jpg,0.8505674004554749,1
../images/test/data/Just_Images/Caucasian/Man/m.08bzjq_0001.jpg,../images/test/data/Just_Images/Caucasian/Man/m.08bzjq_0003.jpg,0.9362737536430359,1
../images/test/data/Just_Images/Caucasian/Woman/m.05m_zll_0002.jpg,../images/test/data/Just_Images/Caucasian/Woman/m.05m_zll_0001.jpg,0.8966248631477356,1
../images/test/data/Just_Images/Caucasian/Man/m.026qfdh_0003.jpg,../images/test/data/Just_Images/Caucasian/Man/m.026qfdh_0002.jpg,0.6779210567474365,1
../images/test/data/Just_Images/Caucasian/Man/m.01nl5d_0002.jpg,../images/test/data/Just_Images/Caucasian/Man/m.01nl5d_0001.jpg,0.943657636642456,1
../images/test/data/Just_Images/Caucasian/Woman/m.02qf_k6_0001.jpg,../images/test/data/Just_Images/Caucasian/Woman/m.02qf_k6_0002.jpg,0.7843811511993408,1
../images/test/data/Just_Images/Caucasian/Man/m.03jdjc_0002.jpg,../images/test/data/Just_Images/Caucasian/Man/m.03jdjc_0003.jpg,0.8951826095581055,1
../images/test/data/Just_Images/Caucasian/Man/m.024j50_0002.jpg,../images/test/data/Just_Images/Caucasian/Man/m.024j50_0003.jpg,0.8163530826568604,1
../images/test/data/Just_Images/Caucasian/Man/m.04l1pv_0001.jpg,../images/test/data/Just_Images/Caucasian/Man/m.04l1pv_0004.jpg,0.9114295244216919,1
../images/test/data/Just_Images/Caucasian/Man/m.06my_y_0001.jpg,../images/test/data/Just_Images/Caucasian/Man/m.06my_y_0002.jpg,0.9428496360778809,1
../images/test/data/Just_Images/Caucasian/Man/m.0gwzd9y_0003.jpg,../images/test/data/Just_Images/Caucasian/Man/m.0gwzd9y_0001.jpg,0.9123914241790771,1
../images/test/data/Just_Images/Caucasian/Man/m.08gpnw_0003.jpg,../images/test/data/Just_Images/Caucasian/Man/m.08gpnw_0002.jpg,0.938113808631897,1
../images/test/data/Just_Images/Caucasian/Man/m.0c3bq1_0004.jpg,../images/test/data/Just_Images/Caucasian/Man/m.0c3bq1_0003.jpg,0.8936710953712463,1
../images/test/data/Just_Images/Caucasian/Man/m.05p82y5_0001.jpg,../images/test/data/Just_Images/Caucasian/Man/m.05p82y5_0002.jpg,0.846124529838562,1
../images/test/data/Just_Images/Caucasian/Man/m.09z81p_0001.jpg,../images/test/data/Just_Images/Caucasian/Man/m.09z81p_0004.jpg,0.8050972819328308,1
../images/test/data/Just_Images/Caucasian/Woman/m.06zrb8x_0001.jpg,../images/test/data/Just_Images/Caucasian/Woman/m.06zrb8x_0004.jpg,0.7466634511947632,1
../images/test/data/Just_Images/Caucasian/Man/m.04c1fd_0002.jpg,../images/test/data/Just_Images/Caucasian/Man/m.04c1fd_0001.jpg,0.917029082775116,1
../images/test/data/Just_Images/Caucasian/Man/m.01_my2_0002.jpg,../images/test/data/Just_Images/Caucasian/Man/m.01_my2_0001.jpg,0.9336730241775513,1
../images/test/data/Just_Images/Caucasian/Man/m.05bztc4_0003.jpg,../images/test/data/Just_Images/Caucasian/Man/m.05bztc4_0002.jpg,0.8952548503875732,1
../images/test/data/Just_Images/Caucasian/Man/m.05b03ww_0003.jpg,../images/test/data/Just_Images/Caucasian/Man/m.05b03ww_0001.jpg,0.881761908531189,1
../images/test/data/Just_Images/Caucasian/Man/m.0czb0m0_0002.jpg,../images/test/data/Just_Images/Caucasian/Man/m.0czb0m0_0004.jpg,0.7814995050430298,1
../images/test/data/Just_Images/Caucasian/Man/m.03gr2g0_0001.jpg,../images/test/data/Just_Images/Caucasian/Man/m.03gr2g0_0003.jpg,0.8695129156112671,1
../images/test/data/Just_Images/Caucasian/Man/m.0czc050_0002.jpg,../images/test/data/Just_Images/Caucasian/Man/m.0czc050_0001.jpg,0.906791090965271,1
../images/test/data/Just_Images/Caucasian/Woman/m.07vl31_0001.jpg,../images/test/data/Just_Images/Caucasian/Woman/m.07vl31_0003.jpg,0.8451951742172241,1
../images/test/data/Just_Images/Caucasian/Man/m.03j0h4_0001.jpg,../images/test/data/Just_Images/Caucasian/Man/m.03j0h4_0002.jpg,0.9047768712043762,1
../images/test/data/Just_Images/Caucasian/Man/m.0h94ntg_0002.jpg,../images/test/data/Just_Images/Caucasian/Man/m.0h94ntg_0005.jpg,0.8129321336746216,1
../images/test/data/Just_Images/Caucasian/Man/m.0b0j19_0001.jpg,../images/test/data/Just_Images/Caucasian/Man/m.0b0j19_0004.jpg,0.8683602809906006,1
../images/test/data/Just_Images/Caucasian/Woman/m.047cwb6_0002.jpg,../images/test/data/Just_Images/Caucasian/Woman/m.047cwb6_0003.jpg,0.8714092373847961,1
../images/test/data/Just_Images/Caucasian/Man/m.05xq7m_0001.jpg,../images/test/data/Just_Images/Caucasian/Man/m.05xq7m_0003.jpg,0.9060707092285156,1
../images/test/data/Just_Images/Caucasian/Man/m.0b31_c_0002.jpg,../images/test/data/Just_Images/Caucasian/Man/m.0b31_c_0001.jpg,0.948458194732666,1
../images/test/data/Just_Images/Caucasian/Man/m.046zj3_0001.jpg,../images/test/data/Just_Images/Caucasian/Man/m.046zj3_0002.jpg,0.854948878288269,1
../images/test/data/Just_Images/Caucasian/Man/m.0294hn_0002.jpg,../images/test/data/Just_Images/Caucasian/Man/m.0294hn_0001.jpg,0.9589190483093262,1
../images/test/data/Just_Images/Caucasian/Man/m.054xnb_0002.jpg,../images/test/data/Just_Images/Caucasian/Man/m.054xnb_0001.jpg,0.7691500782966614,1
../images/test/data/Just_Images/Caucasian/Woman/m.02pn4z4_0001.jpg,../images/test/data/Just_Images/Caucasian/Woman/m.02pn4z4_0002.jpg,0.8645469546318054,1
../images/test/data/Just_Images/Caucasian/Woman/m.043qv9l_0002.jpg,../images/test/data/Just_Images/Caucasian/Woman/m.043qv9l_0004.jpg,0.9079256057739258,1
../images/test/data/Just_Images/Caucasian/Man/m.01w923_0001.jpg,../images/test/data/Just_Images/Caucasian/Man/m.01w923_0003.jpg,0.7582898139953613,1
../images/test/data/Just_Images/Caucasian/Woman/m.096ypd_0001.jpg,../images/test/data/Just_Images/Caucasian/Woman/m.096ypd_0002.jpg,0.8676284551620483,1
../images/test/data/Just_Images/Caucasian/Man/m.0bn6gg_0002.jpg,../images/test/data/Just_Images/Caucasian/Man/m.0bn6gg_0001.jpg,0.8822797536849976,1
../images/test/data/Just_Images/Caucasian/Woman/m.0d25py_0001.jpg,../images/test/data/Just_Images/Caucasian/Woman/m.0d25py_0002.jpg,0.9295932650566101,1
../images/test/data/Just_Images/Caucasian/Man/m.03cszww_0003.jpg,../images/test/data/Just_Images/Caucasian/Man/m.03cszww_0001.jpg,0.7793566584587097,1
../images/test/data/Just_Images/Caucasian/Man/m.097810_0003.jpg,../images/test/data/Just_Images/Caucasian/Man/m.097810_0002.jpg,0.9117061495780945,1
../images/test/data/Just_Images/Caucasian/Man/m.03d6tz_0001.jpg,../images/test/data/Just_Images/Caucasian/Man/m.03d6tz_0002.jpg,0.878365159034729,1
../images/test/data/Just_Images/Caucasian/Man/m.06zqf8d_0003.jpg,../images/test/data/Just_Images/Caucasian/Man/m.06zqf8d_0002.jpg,0.8985826969146729,1
../images/test/data/Just_Images/Caucasian/Man/m.07ysxj_0005.jpg,../images/test/data/Just_Images/Caucasian/Man/m.07ysxj_0001.jpg,0.9303183555603027,1
../images/test/data/Just_Images/Caucasian/Man/m.06m4k1_0002.jpg,../images/test/data/Just_Images/Caucasian/Man/m.06m4k1_0001.jpg,0.8520635366439819,1
../images/test/data/Just_Images/Caucasian/Man/m.0fqc0sl_0001.jpg,../images/test/data/Just_Images/Caucasian/Man/m.0fqc0sl_0002.jpg,0.9026607871055603,1
../images/test/data/Just_Images/Caucasian/Woman/m.02pz01t_0001.jpg,../images/test/data/Just_Images/Caucasian/Woman/m.02pz01t_0002.jpg,0.9258436560630798,1
../images/test/data/Just_Images/Caucasian/Woman/m.0dsbtd1_0003.jpg,../images/test/data/Just_Images/Caucasian/Woman/m.0dsbtd1_0001.jpg,0.932659387588501,1
../images/test/data/Just_Images/Caucasian/Woman/m.0f0jc3_0003.jpg,../images/test/data/Just_Images/Caucasian/Woman/m.0f0jc3_0004.jpg,0.8742378950119019,1
../images/test/data/Just_Images/Caucasian/Man/m.05ynrwn_0002.jpg,../images/test/data/Just_Images/Caucasian/Man/m.05ynrwn_0003.jpg,0.8681748509407043,1
../images/test/data/Just_Images/Caucasian/Man/m.020dg9_0004.jpg,../images/test/data/Just_Images/Caucasian/Man/m.020dg9_0002.jpg,0.7539731860160828,1
../images/test/data/Just_Images/Caucasian/Man/m.0c3tyb_0001.jpg,../images/test/data/Just_Images/Caucasian/Man/m.0c3tyb_0004.jpg,0.9287232160568237,1
../images/test/data/Just_Images/Caucasian/Woman/m.0dns0b_0002.jpg,../images/test/data/Just_Images/Caucasian/Woman/m.0dns0b_0001.jpg,0.8696095943450928,1
../images/test/data/Just_Images/Caucasian/Man/m.02dhs3_0002.jpg,../images/test/data/Just_Images/Caucasian/Man/m.02dhs3_0003.jpg,0.9084612131118774,1
../images/test/data/Just_Images/Caucasian/Man/m.0391n1_0002.jpg,../images/test/data/Just_Images/Caucasian/Man/m.0391n1_0005.jpg,0.8824044466018677,1
../images/test/data/Just_Images/Caucasian/Man/m.0gmfwp8_0003.jpg,../images/test/data/Just_Images/Caucasian/Man/m.0gmfwp8_0004.jpg,0.7201128602027893,1
../images/test/data/Just_Images/Caucasian/Man/m.03c2spd_0002.jpg,../images/test/data/Just_Images/Caucasian/Man/m.03c2spd_0004.jpg,0.9348467588424683,1
../images/test/data/Just_Images/Caucasian/Man/m.0vp0s6x_0002.jpg,../images/test/data/Just_Images/Caucasian/Man/m.0vp0s6x_0001.jpg,0.8918672800064087,1
../images/test/data/Just_Images/Caucasian/Man/m.01p45_v_0002.jpg,../images/test/data/Just_Images/Caucasian/Man/m.01p45_v_0003.jpg,0.9216562509536743,1
../images/test/data/Just_Images/Caucasian/Man/m.0gtxzmm_0004.jpg,../images/test/data/Just_Images/Caucasian/Man/m.0gtxzmm_0003.jpg,0.8701508045196533,1
../images/test/data/Just_Images/Caucasian/Man/m.05qzwh_0001.jpg,../images/test/data/Just_Images/Caucasian/Man/m.05qzwh_0002.jpg,0.9239909052848816,1
../images/test/data/Just_Images/Caucasian/Woman/m.032bfz_0001.jpg,../images/test/data/Just_Images/Caucasian/Woman/m.032bfz_0002.jpg,0.883345365524292,1
../images/test/data/Just_Images/Caucasian/Woman/m.02ps5lk_0001.jpg,../images/test/data/Just_Images/Caucasian/Woman/m.02ps5lk_0003.jpg,0.9384207725524902,1
../images/test/data/Just_Images/Caucasian/Woman/m.08h95m_0002.jpg,../images/test/data/Just_Images/Caucasian/Woman/m.08h95m_0001.jpg,0.8949259519577026,1
../images/test/data/Just_Images/Caucasian/Man/m.027b33j_0001.jpg,../images/test/data/Just_Images/Caucasian/Man/m.027b33j_0002.jpg,0.8850728869438171,1
../images/test/data/Just_Images/Caucasian/Man/m.0d0mf2_0004.jpg,../images/test/data/Just_Images/Caucasian/Man/m.0d0mf2_0003.jpg,0.8614526987075806,1
../images/test/data/Just_Images/Caucasian/Woman/m.0bmb12z_0001.jpg,../images/test/data/Just_Images/Caucasian/Woman/m.0bmb12z_0002.jpg,0.7996363043785095,1
../images/test/data/Just_Images/Caucasian/Man/m.06rr65_0004.jpg,../images/test/data/Just_Images/Caucasian/Man/m.06rr65_0001.jpg,0.8280192017555237,1
../images/test/data/Just_Images/Caucasian/Man/m.0bwg9h1_0003.jpg,../images/test/data/Just_Images/Caucasian/Man/m.0bwg9h1_0002.jpg,0.8882304430007935,1
../images/test/data/Just_Images/Caucasian/Man/m.027qqd2_0002.jpg,../images/test/data/Just_Images/Caucasian/Man/m.027qqd2_0004.jpg,0.8332048654556274,1
../images/test/data/Just_Images/Caucasian/Man/m.0czc0z5_0002.jpg,../images/test/data/Just_Images/Caucasian/Man/m.0czc0z5_0001.jpg,0.9613718390464783,1
../images/test/data/Just_Images/Caucasian/Man/m.09mrbq_0003.jpg,../images/test/data/Just_Images/Caucasian/Man/m.09mrbq_0001.jpg,0.9215088486671448,1
../images/test/data/Just_Images/Caucasian/Woman/m.03vs33_0001.jpg,../images/test/data/Just_Images/Caucasian/Woman/m.03vs33_0003.jpg,0.9277992248535156,1
../images/test/data/Just_Images/Caucasian/Woman/m.05ct74_0002.jpg,../images/test/data/Just_Images/Caucasian/Woman/m.05ct74_0001.jpg,0.8638542890548706,1
../images/test/data/Just_Images/Caucasian/Man/m.04jmsp_0001.jpg,../images/test/data/Just_Images/Caucasian/Man/m.04jmsp_0002.jpg,0.8259838223457336,1
../images/test/data/Just_Images/Caucasian/Man/m.087xr__0003.jpg,../images/test/data/Just_Images/Caucasian/Man/m.087xr__0004.jpg,0.8939372301101685,1
../images/test/data/Just_Images/Caucasian/Woman/m.0r8l_k1_0002.jpg,../images/test/data/Just_Images/Caucasian/Woman/m.0r8l_k1_0001.jpg,0.9710670113563538,1
../images/test/data/Just_Images/Caucasian/Woman/m.01jy8c0_0004.jpg,../images/test/data/Just_Images/Caucasian/Woman/m.01jy8c0_0002.jpg,0.7380558252334595,1
../images/test/data/Just_Images/Caucasian/Man/m.094s31_0002.jpg,../images/test/data/Just_Images/Caucasian/Man/m.094s31_0003.jpg,0.7803020477294922,1
../images/test/data/Just_Images/Caucasian/Woman/m.05qf9m_0001.jpg,../images/test/data/Just_Images/Caucasian/Woman/m.05qf9m_0004.jpg,0.8987939357757568,1
../images/test/data/Just_Images/Caucasian/Man/m.01wm1z7_0001.jpg,../images/test/data/Just_Images/Caucasian/Man/m.01wm1z7_0002.jpg,0.7594630718231201,1
../images/test/data/Just_Images/Caucasian/Man/m.03nr4h5_0001.jpg,../images/test/data/Just_Images/Caucasian/Man/m.03nr4h5_0002.jpg,0.9209137558937073,1
../images/test/data/Just_Images/Caucasian/Man/m.06zs033_0001.jpg,../images/test/data/Just_Images/Caucasian/Man/m.06zs033_0003.jpg,0.8688317537307739,1
../images/test/data/Just_Images/Caucasian/Man/m.02qfcy0_0002.jpg,../images/test/data/Just_Images/Caucasian/Man/m.02qfcy0_0001.jpg,0.8326150178909302,1
../images/test/data/Just_Images/Caucasian/Woman/m.070ycn_0002.jpg,../images/test/data/Just_Images/Caucasian/Woman/m.070ycn_0001.jpg,0.7648057341575623,1
../images/test/data/Just_Images/Caucasian/Man/m.01t6yw_0003.jpg,../images/test/data/Just_Images/Caucasian/Man/m.01t6yw_0001.jpg,0.8782155513763428,1
../images/test/data/Just_Images/Caucasian/Man/m.02mz7c_0002.jpg,../images/test/data/Just_Images/Caucasian/Man/m.02mz7c_0001.jpg,0.9458588361740112,1
../images/test/data/Just_Images/Caucasian/Man/m.04znpf_0001.jpg,../images/test/data/Just_Images/Caucasian/Man/m.04znpf_0003.jpg,0.8520898818969727,1
../images/test/data/Just_Images/Caucasian/Man/m.0gh7grd_0002.jpg,../images/test/data/Just_Images/Caucasian/Man/m.0gh7grd_0003.jpg,0.9361117482185364,1
../images/test/data/Just_Images/Caucasian/Man/m.0801_6_0002.jpg,../images/test/data/Just_Images/Caucasian/Man/m.0801_6_0003.jpg,0.7534781694412231,1
../images/test/data/Just_Images/Caucasian/Man/m.087q51_0002.jpg,../images/test/data/Just_Images/Caucasian/Man/m.087q51_0003.jpg,0.862241268157959,1
../images/test/data/Just_Images/Caucasian/Woman/m.0d7qk2_0002.jpg,../images/test/data/Just_Images/Caucasian/Woman/m.0d7qk2_0001.jpg,0.9049643278121948,1
../images/test/data/Just_Images/Caucasian/Man/m.0glp_jg_0003.jpg,../images/test/data/Just_Images/Caucasian/Man/m.0glp_jg_0002.jpg,0.9521628618240356,1
../images/test/data/Just_Images/Caucasian/Man/m.0cj2qb_0003.jpg,../images/test/data/Just_Images/Caucasian/Man/m.0cj2qb_0002.jpg,0.856731653213501,1
../images/test/data/Just_Images/Caucasian/Man/m.0by3cw_0003.jpg,../images/test/data/Just_Images/Caucasian/Woman/m.029yw7_0003.jpg,0.9171663522720337,0
../images/test/data/Just_Images/Caucasian/Man/m.05qmx0_0001.jpg,../images/test/data/Just_Images/Caucasian/Man/m.01m_xk_0002.jpg,0.9044665098190308,0
../images/test/data/Just_Images/Caucasian/Man/m.01lgg3s_0002.jpg,../images/test/data/Just_Images/Caucasian/Man/m.0c8fy1_0001.jpg,0.8346712589263916,0
../images/test/data/Just_Images/Caucasian/Man/m.03f14t3_0001.jpg,../images/test/data/Just_Images/Caucasian/Man/m.0403y4q_0004.jpg,0.9081381559371948,0
../images/test/data/Just_Images/Caucasian/Man/m.03cszww_0004.jpg,../images/test/data/Just_Images/Caucasian/Man/m.015qty_0002.jpg,0.6917501091957092,0
../images/test/data/Just_Images/Caucasian/Man/m.053ynr_0001.jpg,../images/test/data/Just_Images/Caucasian/Woman/m.01r0fmm_0002.jpg,0.9340777397155762,0
../images/test/data/Just_Images/Caucasian/Man/m.0fgwhq_0002.jpg,../images/test/data/Just_Images/Caucasian/Man/m.09xrfm_0005.jpg,0.8791580200195312,0
../images/test/data/Just_Images/Caucasian/Man/m.04kc9m_0003.jpg,../images/test/data/Just_Images/Caucasian/Man/m.02rbgrl_0005.jpg,0.9177923202514648,0
../images/test/data/Just_Images/Caucasian/Man/m.04gnm10_0001.jpg,../images/test/data/Just_Images/Caucasian/Man/m.08lx_5_0004.jpg,0.8482081890106201,0
../images/test/data/Just_Images/Caucasian/Man/m.01ppx3y_0002.jpg,../images/test/data/Just_Images/Caucasian/Man/m.02y174_0001.jpg,0.9353976249694824,0
../images/test/data/Just_Images/Caucasian/Man/m.03ckdyn_0001.jpg,../images/test/data/Just_Images/Caucasian/Man/m.01h2n3_0005.jpg,0.8517943620681763,0
../images/test/data/Just_Images/Caucasian/Man/m.04vj9z_0002.jpg,../images/test/data/Just_Images/Caucasian/Woman/m.03ccstv_0005.jpg,0.8951494693756104,0
../images/test/data/Just_Images/Caucasian/Man/m.023fbk_0001.jpg,../images/test/data/Just_Images/Caucasian/Man/m.05c1bgv_0002.jpg,0.8708269000053406,0
../images/test/data/Just_Images/Caucasian/Man/m.01vgcd6_0002.jpg,../images/test/data/Just_Images/Caucasian/Man/m.0b47ns_0001.jpg,0.9256764650344849,0
../images/test/data/Just_Images/Caucasian/Man/m.02lb6k_0003.jpg,../images/test/data/Just_Images/Caucasian/Man/m.0741z2_0002.jpg,0.8868111371994019,0
../images/test/data/Just_Images/Caucasian/Woman/m.0672x2_0002.jpg,../images/test/data/Just_Images/Caucasian/Man/m.086d_b_0003.jpg,0.9299473762512207,0
../images/test/data/Just_Images/Caucasian/Man/m.05c11d5_0001.jpg,../images/test/data/Just_Images/Caucasian/Man/m.06x1j0_0002.jpg,0.7038407921791077,0
../images/test/data/Just_Images/Caucasian/Woman/m.0b30qj_0002.jpg,../images/test/data/Just_Images/Caucasian/Man/m.0cm8rrs_0002.jpg,0.9468586444854736,0
../images/test/data/Just_Images/Caucasian/Man/m.06syjf_0001.jpg,../images/test/data/Just_Images/Caucasian/Man/m.01ny3c_0003.jpg,0.8918794393539429,0
../images/test/data/Just_Images/Caucasian/Man/m.05sztm0_0004.jpg,../images/test/data/Just_Images/Caucasian/Man/m.0cq794_0002.jpg,0.6635336875915527,0
../images/test/data/Just_Images/Caucasian/Man/m.069ml2_0003.jpg,../images/test/data/Just_Images/Caucasian/Man/m.07h2yj_0001.jpg,0.9136625528335571,0
../images/test/data/Just_Images/Caucasian/Woman/m.01vs6g3_0002.jpg,../images/test/data/Just_Images/Caucasian/Man/m.0ffsy__0001.jpg,0.9484881162643433,0
../images/test/data/Just_Images/Caucasian/Woman/m.026w37k_0002.jpg,../images/test/data/Just_Images/Caucasian/Woman/m.0g4rhg_0002.jpg,0.9224472045898438,0
../images/test/data/Just_Images/Caucasian/Man/m.08s2ff_0003.jpg,../images/test/data/Just_Images/Caucasian/Man/m.03h304l_0003.jpg,0.8406891822814941,0
../images/test/data/Just_Images/Caucasian/Woman/m.03vs33_0002.jpg,../images/test/data/Just_Images/Caucasian/Man/m.0dl5zt_0003.jpg,0.9355306625366211,0
../images/test/data/Just_Images/Caucasian/Man/m.03c9vhy_0004.jpg,../images/test/data/Just_Images/Caucasian/Man/m.03thw4_0003.jpg,0.8447729349136353,0
../images/test/data/Just_Images/Caucasian/Man/m.07z6n1_0001.jpg,../images/test/data/Just_Images/Caucasian/Man/m.047by6p_0002.jpg,0.8874019384384155,0
../images/test/data/Just_Images/Caucasian/Man/m.084ws_0001.jpg,../images/test/data/Just_Images/Caucasian/Man/m.04b6lj_0006.jpg,0.7804291248321533,0
../images/test/data/Just_Images/Caucasian/Man/m.01ptrh_0001.jpg,../images/test/data/Just_Images/Caucasian/Woman/m.04q3w0_0004.jpg,0.8404347896575928,0
../images/test/data/Just_Images/Caucasian/Woman/m.0bky4s_0001.jpg,../images/test/data/Just_Images/Caucasian/Man/m.03d258z_0004.jpg,0.8710131645202637,0
../images/test/data/Just_Images/Caucasian/Man/m.0gg7r1s_0002.jpg,../images/test/data/Just_Images/Caucasian/Man/m.03_s6q_0002.jpg,0.929466724395752,0
../images/test/data/Just_Images/Caucasian/Man/m.0dtq8b_0002.jpg,../images/test/data/Just_Images/Caucasian/Man/m.03ms85_0004.jpg,0.8861274719238281,0
../images/test/data/Just_Images/Caucasian/Woman/m.05h2n7l_0001.jpg,../images/test/data/Just_Images/Caucasian/Man/m.0gy19gp_0001.jpg,0.8491071462631226,0
../images/test/data/Just_Images/Caucasian/Woman/m.03n4mk_0001.jpg,../images/test/data/Just_Images/Caucasian/Woman/m.0bwfnnj_0003.jpg,0.887974739074707,0
../images/test/data/Just_Images/Caucasian/Man/m.047md3x_0004.jpg,../images/test/data/Just_Images/Caucasian/Man/m.02k7h7_0003.jpg,0.8534550666809082,0
../images/test/data/Just_Images/Caucasian/Man/m.018rv0_0001.jpg,../images/test/data/Just_Images/Caucasian/Man/m.0lj6q_0001.jpg,0.7990806102752686,0
../images/test/data/Just_Images/Caucasian/Woman/m.08mggv_0004.jpg,../images/test/data/Just_Images/Caucasian/Woman/m.0fqrpxz_0002.jpg,0.8756409287452698,0
../images/test/data/Just_Images/Caucasian/Man/m.05p5gr_0002.jpg,../images/test/data/Just_Images/Caucasian/Woman/m.0k0qwd8_0004.jpg,0.8160027861595154,0
../images/test/data/Just_Images/Caucasian/Man/m.046vvt_0002.jpg,../images/test/data/Just_Images/Caucasian/Man/m.02pj3kl_0002.jpg,0.8838070034980774,0
../images/test/data/Just_Images/Caucasian/Woman/m.0r8l_k1_0003.jpg,../images/test/data/Just_Images/Caucasian/Man/m.07gl0v_0003.jpg,0.8909685015678406,0
../images/test/data/Just_Images/Caucasian/Woman/m.07lnz5_0001.jpg,../images/test/data/Just_Images/Caucasian/Man/m.07qbxb_0004.jpg,0.8602075576782227,0
../images/test/data/Just_Images/Caucasian/Man/m.039xxb_0004.jpg,../images/test/data/Just_Images/Caucasian/Man/m.09fjh6_0001.jpg,0.9170893430709839,0
../images/test/data/Just_Images/Caucasian/Man/m.0b6j3m_0003.jpg,../images/test/data/Just_Images/Caucasian/Man/m.0dd9pp_0004.jpg,0.9101034998893738,0
../images/test/data/Just_Images/Caucasian/Man/m.05gkqv_0004.jpg,../images/test/data/Just_Images/Caucasian/Man/m.02qfcy0_0003.jpg,0.8895812034606934,0
../images/test/data/Just_Images/Caucasian/Man/m.05lw7l_0003.jpg,../images/test/data/Just_Images/Caucasian/Man/m.06fp1s_0001.jpg,0.8224961757659912,0
../images/test/data/Just_Images/Caucasian/Man/m.080c20_0001.jpg,../images/test/data/Just_Images/Caucasian/Man/m.04bwb1_0003.jpg,0.9067144393920898,0
../images/test/data/Just_Images/Caucasian/Man/m.01_gcy_0004.jpg,../images/test/data/Just_Images/Caucasian/Man/m.0b5jqz_0002.jpg,0.8587985038757324,0
../images/test/data/Just_Images/Caucasian/Man/m.0h2l0q_0001.jpg,../images/test/data/Just_Images/Caucasian/Man/m.047mvxn_0004.jpg,0.851650059223175,0
../images/test/data/Just_Images/Caucasian/Woman/m.0d8_cf_0004.jpg,../images/test/data/Just_Images/Caucasian/Woman/m.0dv40h_0002.jpg,0.8966341018676758,0
../images/test/data/Just_Images/Caucasian/Man/m.01vt556_0003.jpg,../images/test/data/Just_Images/Caucasian/Man/m.07zj6v_0003.jpg,0.8053752183914185,0
../images/test/data/Just_Images/Caucasian/Man/m.03yly5c_0001.jpg,../images/test/data/Just_Images/Caucasian/Man/m.0b775g9_0002.jpg,0.8882192969322205,0
../images/test/data/Just_Images/Caucasian/Woman/m.043nftk_0002.jpg,../images/test/data/Just_Images/Caucasian/Man/m.0ll2_ny_0003.jpg,0.853198766708374,0
../images/test/data/Just_Images/Caucasian/Man/m.0778pj_0004.jpg,../images/test/data/Just_Images/Caucasian/Woman/m.0ghybz_0002.jpg,0.906034529209137,0
../images/test/data/Just_Images/Caucasian/Man/m.09gbjfj_0003.jpg,../images/test/data/Just_Images/Caucasian/Man/m.09mrbq_0002.jpg,0.8297232389450073,0
../images/test/data/Just_Images/Caucasian/Man/m.0144_b_0001.jpg,../images/test/data/Just_Images/Caucasian/Man/m.06crp6_0002.jpg,0.8482913970947266,0
../images/test/data/Just_Images/Caucasian/Man/m.07ct8v_0001.jpg,../images/test/data/Just_Images/Caucasian/Man/m.04q6ml4_0002.jpg,0.8359285593032837,0
../images/test/data/Just_Images/Caucasian/Man/m.02jqhg_0001.jpg,../images/test/data/Just_Images/Caucasian/Man/m.02_01w_0001.jpg,0.7763875126838684,0
../images/test/data/Just_Images/Caucasian/Man/m.03f1nh9_0003.jpg,../images/test/data/Just_Images/Caucasian/Man/m.02238b_0003.jpg,0.8647656440734863,0
../images/test/data/Just_Images/Caucasian/Man/m.01cwk9_0001.jpg,../images/test/data/Just_Images/Caucasian/Man/m.0391n1_0004.jpg,0.9063218832015991,0
../images/test/data/Just_Images/Caucasian/Man/m.065y6xk_0002.jpg,../images/test/data/Just_Images/Caucasian/Man/m.02qwxhj_0002.jpg,0.9093786478042603,0
../images/test/data/Just_Images/Caucasian/Man/m.01qfnm_0002.jpg,../images/test/data/Just_Images/Caucasian/Man/m.02fcs2_0002.jpg,0.954814076423645,0
../images/test/data/Just_Images/Caucasian/Man/m.01pf97_0001.jpg,../images/test/data/Just_Images/Caucasian/Man/m.026qfdh_0001.jpg,0.7224507927894592,0
../images/test/data/Just_Images/Caucasian/Man/m.0dgpfr5_0002.jpg,../images/test/data/Just_Images/Caucasian/Woman/m.0g04yz_0003.jpg,0.9434671998023987,0
../images/test/data/Just_Images/Caucasian/Man/m.04pgy8_0002.jpg,../images/test/data/Just_Images/Caucasian/Man/m.03vh2b_0001.jpg,0.8329756855964661,0
../images/test/data/Just_Images/Caucasian/Man/m.0blmsl_0002.jpg,../images/test/data/Just_Images/Caucasian/Man/m.029d7w_0001.jpg,0.8998218774795532,0
../images/test/data/Just_Images/Caucasian/Man/m.09pgdh_0004.jpg,../images/test/data/Just_Images/Caucasian/Man/m.0kk4q_0001.jpg,0.8888959884643555,0
../images/test/data/Just_Images/Caucasian/Man/m.0bx07x_0001.jpg,../images/test/data/Just_Images/Caucasian/Man/m.07x23t_0005.jpg,0.9314129948616028,0
../images/test/data/Just_Images/Caucasian/Man/m.03t0g__0002.jpg,../images/test/data/Just_Images/Caucasian/Man/m.038l68_0002.jpg,0.9174634218215942,0
../images/test/data/Just_Images/Caucasian/Man/m.03mhgw__0002.jpg,../images/test/data/Just_Images/Caucasian/Man/m.0282xfk_0001.jpg,0.8996959924697876,0
../images/test/data/Just_Images/Caucasian/Man/m.02yyjf_0001.jpg,../images/test/data/Just_Images/Caucasian/Woman/m.09mf3s_0002.jpg,0.9330970048904419,0
../images/test/data/Just_Images/Caucasian/Man/m.01k15v1_0002.jpg,../images/test/data/Just_Images/Caucasian/Man/m.0fw91_0003.jpg,0.8802226781845093,0
../images/test/data/Just_Images/Caucasian/Man/m.02r84d_0003.jpg,../images/test/data/Just_Images/Caucasian/Man/m.088nn7_0002.jpg,0.9031665921211243,0
../images/test/data/Just_Images/Caucasian/Man/m.027n4zv_0001.jpg,../images/test/data/Just_Images/Caucasian/Man/m.047md3x_0001.jpg,0.8837795257568359,0
../images/test/data/Just_Images/Caucasian/Woman/m.0gjc6m0_0004.jpg,../images/test/data/Just_Images/Caucasian/Woman/m.02kxwk_0004.jpg,0.9143153429031372,0
../images/test/data/Just_Images/Caucasian/Man/m.0dgp20w_0002.jpg,../images/test/data/Just_Images/Caucasian/Man/m.086d_b_0004.jpg,0.9028596878051758,0
../images/test/data/Just_Images/Caucasian/Man/m.02qjkcy_0003.jpg,../images/test/data/Just_Images/Caucasian/Man/m.01_pll_0001.jpg,0.8713870644569397,0
../images/test/data/Just_Images/Caucasian/Woman/m.0cp08gq_0001.jpg,../images/test/data/Just_Images/Caucasian/Woman/m.02qf_k6_0004.jpg,0.9188030362129211,0
../images/test/data/Just_Images/Caucasian/Man/m.01kmwy_0002.jpg,../images/test/data/Just_Images/Caucasian/Man/m.026nvj5_0002.jpg,0.8261710405349731,0
../images/test/data/Just_Images/Caucasian/Man/m.04y5j4n_0002.jpg,../images/test/data/Just_Images/Caucasian/Woman/m.025xbbg_0002.jpg,0.9107186794281006,0
../images/test/data/Just_Images/Caucasian/Man/m.0ds80xb_0001.jpg,../images/test/data/Just_Images/Caucasian/Man/m.041fqg_0002.jpg,0.9147992730140686,0
../images/test/data/Just_Images/Caucasian/Man/m.0fh5d9_0003.jpg,../images/test/data/Just_Images/Caucasian/Man/m.09scfw_0003.jpg,0.8444069623947144,0
../images/test/data/Just_Images/Caucasian/Man/m.016gr2_0003.jpg,../images/test/data/Just_Images/Caucasian/Man/m.04w2p1_0004.jpg,0.9033305644989014,0
../images/test/data/Just_Images/Caucasian/Man/m.0bh9r4h_0002.jpg,../images/test/data/Just_Images/Caucasian/Woman/m.0bbx48l_0004.jpg,0.9181538224220276,0
../images/test/data/Just_Images/Caucasian/Man/m.03yh86_0003.jpg,../images/test/data/Just_Images/Caucasian/Woman/m.092fmj_0004.jpg,0.8297619819641113,0
../images/test/data/Just_Images/Caucasian/Man/m.02_kp8_0001.jpg,../images/test/data/Just_Images/Caucasian/Man/m.01jzlj_0001.jpg,0.9099081754684448,0
../images/test/data/Just_Images/Caucasian/Man/m.09gk4md_0001.jpg,../images/test/data/Just_Images/Caucasian/Man/m.0ghbzh_0002.jpg,0.7944729924201965,0
../images/test/data/Just_Images/Caucasian/Man/m.01491d_0001.jpg,../images/test/data/Just_Images/Caucasian/Man/m.01451__0003.jpg,0.8003209233283997,0
../images/test/data/Just_Images/Caucasian/Woman/m.06bxdf_0002.jpg,../images/test/data/Just_Images/Caucasian/Man/m.04ygg80_0005.jpg,0.9492573142051697,0
../images/test/data/Just_Images/Caucasian/Man/m.02fr47_0003.jpg,../images/test/data/Just_Images/Caucasian/Woman/m.02z3m7b_0002.jpg,0.9185829758644104,0
../images/test/data/Just_Images/Caucasian/Man/m.043cq6_0002.jpg,../images/test/data/Just_Images/Caucasian/Man/m.036cp4_0001.jpg,0.9034757018089294,0
../images/test/data/Just_Images/Caucasian/Woman/m.0j7msrm_0002.jpg,../images/test/data/Just_Images/Caucasian/Woman/m.09g93tw_0001.jpg,0.917236328125,0
../images/test/data/Just_Images/Caucasian/Man/m.09bxhp_0005.jpg,../images/test/data/Just_Images/Caucasian/Man/m.02w4my0_0003.jpg,0.8644582629203796,0
../images/test/data/Just_Images/Caucasian/Man/m.0364m5_0003.jpg,../images/test/data/Just_Images/Caucasian/Man/m.05zmfwc_0002.jpg,0.8656573295593262,0
../images/test/data/Just_Images/Caucasian/Man/m.066kvr_0001.jpg,../images/test/data/Just_Images/Caucasian/Man/m.0bn6gg_0003.jpg,0.8292254209518433,0
../images/test/data/Just_Images/Caucasian/Man/m.08pys0_0001.jpg,../images/test/data/Just_Images/Caucasian/Man/m.09y69s_0004.jpg,0.918032169342041,0
../images/test/data/Just_Images/Caucasian/Woman/m.0n49yh5_0004.jpg,../images/test/data/Just_Images/Caucasian/Woman/m.0338ws_0004.jpg,0.8783015012741089,0
../images/test/data/Just_Images/Caucasian/Man/m.0mclh_0001.jpg,../images/test/data/Just_Images/Caucasian/Woman/m.05ngcv_0003.jpg,0.9150941371917725,0
../images/test/data/Just_Images/Caucasian/Man/m.065wxv_0002.jpg,../images/test/data/Just_Images/Caucasian/Man/m.01m4kpp_0002.jpg,0.885861873626709,0
../images/test/data/Just_Images/Caucasian/Man/m.01fc08_0002.jpg,../images/test/data/Just_Images/Caucasian/Man/m.04zxz43_0003.jpg,0.7542651891708374,0
../images/test/data/Just_Images/Caucasian/Man/m.0f5lf8_0002.jpg,../images/test/data/Just_Images/Caucasian/Man/m.04f98b_0003.jpg,0.7407686710357666,0
../images/test/data/Just_Images/Caucasian/Man/m.0g2rwz_0002.jpg,../images/test/data/Just_Images/Caucasian/Man/m.026njl2_0005.jpg,0.8990419507026672,0
../images/test/data/Just_Images/Caucasian/Woman/m.04tv8s_0001.jpg,../images/test/data/Just_Images/Caucasian/Man/m.0g4y2x_0002.jpg,0.9043018817901611,0
../images/test/data/Just_Images/Caucasian/Woman/m.01vr98m_0002.jpg,../images/test/data/Just_Images/Caucasian/Woman/m.033ch6_0001.jpg,0.9228975772857666,0
../images/test/data/Just_Images/Caucasian/Man/m.081lxk_0002.jpg,../images/test/data/Just_Images/Caucasian/Man/m.062g4l_0004.jpg,0.8825297355651855,0
../images/test/data/Just_Images/Caucasian/Man/m.0c3v046_0002.jpg,../images/test/data/Just_Images/Caucasian/Man/m.0b6gv7_0001.jpg,0.9075974225997925,0
../images/test/data/Just_Images/Caucasian/Man/m.05ds_4_0003.jpg,../images/test/data/Just_Images/Caucasian/Man/m.01_gcy_0003.jpg,0.9035850167274475,0
../images/test/data/Just_Images/Caucasian/Man/m.043hg_0004.jpg,../images/test/data/Just_Images/Caucasian/Man/m.08ch24_0003.jpg,0.9424756765365601,0
../images/test/data/Just_Images/Caucasian/Man/m.0g1f7p_0001.jpg,../images/test/data/Just_Images/Caucasian/Woman/m.0524rtn_0002.jpg,0.866144061088562,0
../images/test/data/Just_Images/Caucasian/Man/m.03gs5dw_0002.jpg,../images/test/data/Just_Images/Caucasian/Woman/m.062q2y_0002.jpg,0.6825298070907593,0
../images/test/data/Just_Images/Caucasian/Woman/m.0g0bsy_0002.jpg,../images/test/data/Just_Images/Caucasian/Man/m.0j_6fkt_0004.jpg,0.790507972240448,0
../images/test/data/Just_Images/Caucasian/Man/m.06crp6_0004.jpg,../images/test/data/Just_Images/Caucasian/Man/m.05qrz__0003.jpg,0.8107408285140991,0
../images/test/data/Just_Images/Caucasian/Woman/m.02pvbp8_0003.jpg,../images/test/data/Just_Images/Caucasian/Woman/m.0cxxn6_0002.jpg,0.91449373960495,0
../images/test/data/Just_Images/Caucasian/Man/m.04vq3y_0001.jpg,../images/test/data/Just_Images/Caucasian/Man/m.04ct11t_0001.jpg,0.8882870674133301,0
../images/test/data/Just_Images/Caucasian/Man/m.0bmyhb_0001.jpg,../images/test/data/Just_Images/Caucasian/Man/m.07vdp6_0003.jpg,0.9152961373329163,0
../images/test/data/Just_Images/Caucasian/Man/m.062g4l_0001.jpg,../images/test/data/Just_Images/Caucasian/Man/m.026vl3n_0002.jpg,0.8584038019180298,0
../images/test/data/Just_Images/Caucasian/Man/m.03crncf_0001.jpg,../images/test/data/Just_Images/Caucasian/Man/m.086b84_0004.jpg,0.8727972507476807,0
../images/test/data/Just_Images/Caucasian/Man/m.0g6h64_0001.jpg,../images/test/data/Just_Images/Caucasian/Man/m.0kryqm_0005.jpg,0.9205417633056641,0
../images/test/data/Just_Images/Caucasian/Man/m.050yc5_0002.jpg,../images/test/data/Just_Images/Caucasian/Man/m.02yf3x_0003.jpg,0.7969146966934204,0
../images/test/data/Just_Images/Caucasian/Woman/m.018fwb_0003.jpg,../images/test/data/Just_Images/Caucasian/Man/m.0jjr6g7_0004.jpg,0.915312647819519,0
../images/test/data/Just_Images/Caucasian/Man/m.0grg6k_0003.jpg,../images/test/data/Just_Images/Caucasian/Man/m.01_gcy_0002.jpg,0.9084956645965576,0
../images/test/data/Just_Images/Caucasian/Man/m.01cj5h_0003.jpg,../images/test/data/Just_Images/Caucasian/Man/m.01kmdn_0002.jpg,0.8496522903442383,0
../images/test/data/Just_Images/Caucasian/Man/m.0fzspf_0003.jpg,../images/test/data/Just_Images/Caucasian/Man/m.02pj3kl_0001.jpg,0.83130943775177,0
../images/test/data/Just_Images/Caucasian/Man/m.07jhh1_0002.jpg,../images/test/data/Just_Images/Caucasian/Man/m.01rf_w_0004.jpg,0.8461557626724243,0
../images/test/data/Just_Images/Caucasian/Man/m.02q29rn_0001.jpg,../images/test/data/Just_Images/Caucasian/Man/m.02vsjy0_0003.jpg,0.8551173210144043,0
../images/test/data/Just_Images/Caucasian/Man/m.03d2qc9_0002.jpg,../images/test/data/Just_Images/Caucasian/Man/m.038pl3_0001.jpg,0.8146223425865173,0
../images/test/data/Just_Images/Caucasian/Woman/m.0819___0003.jpg,../images/test/data/Just_Images/Caucasian/Woman/m.0hn8c60_0003.jpg,0.937908411026001,0
../images/test/data/Just_Images/Caucasian/Man/m.02qhwqv_0002.jpg,../images/test/data/Just_Images/Caucasian/Man/m.0k216_0001.jpg,0.8624860048294067,0
../images/test/data/Just_Images/Caucasian/Woman/m.03qv8j_0005.jpg,../images/test/data/Just_Images/Caucasian/Man/m.0c_zxg_0002.jpg,0.8454967737197876,0
../images/test/data/Just_Images/Caucasian/Woman/m.0b9r56_0003.jpg,../images/test/data/Just_Images/Caucasian/Man/m.0j45j2t_0004.jpg,0.7625620365142822,0
../images/test/data/Just_Images/Caucasian/Woman/m.04mlmx_0003.jpg,../images/test/data/Just_Images/Caucasian/Woman/m.09n_4__0001.jpg,0.8579094409942627,0
../images/test/data/Just_Images/Caucasian/Man/m.05p9w4v_0002.jpg,../images/test/data/Just_Images/Caucasian/Man/m.02qp5gf_0003.jpg,0.7879431247711182,0
../images/test/data/Just_Images/Caucasian/Man/m.0cc9vjb_0002.jpg,../images/test/data/Just_Images/Caucasian/Woman/m.051qsh_0001.jpg,0.8456506729125977,0
../images/test/data/Just_Images/Caucasian/Man/m.06zf83_0002.jpg,../images/test/data/Just_Images/Caucasian/Man/m.02j9g_0001.jpg,0.9561203718185425,0
../images/test/data/Just_Images/Caucasian/Man/m.0dgq72l_0002.jpg,../images/test/data/Just_Images/Caucasian/Man/m.04zydc7_0003.jpg,0.9415123462677002,0
../images/test/data/Just_Images/Caucasian/Man/m.02j2y0_0001.jpg,../images/test/data/Just_Images/Caucasian/Man/m.0375lc_0001.jpg,0.8141422271728516,0
../images/test/data/Just_Images/Caucasian/Man/m.09blb2_0002.jpg,../images/test/data/Just_Images/Caucasian/Man/m.05nnvb_0003.jpg,0.9011194705963135,0
../images/test/data/Just_Images/Caucasian/Man/m.05qpp6_0003.jpg,../images/test/data/Just_Images/Caucasian/Man/m.05zj61_0003.jpg,0.910192608833313,0
../images/test/data/Just_Images/Caucasian/Man/m.029kz0_0002.jpg,../images/test/data/Just_Images/Caucasian/Man/m.025y9fn_0001.jpg,0.8066583275794983,0
../images/test/data/Just_Images/Caucasian/Man/m.0967nb_0003.jpg,../images/test/data/Just_Images/Caucasian/Man/m.076m3j_0004.jpg,0.7057749032974243,0
../images/test/data/Just_Images/Caucasian/Man/m.02v_04r_0002.jpg,../images/test/data/Just_Images/Caucasian/Woman/m.0ktchz_0003.jpg,0.9450081586837769,0
../images/test/data/Just_Images/Caucasian/Man/m.05szvj6_0001.jpg,../images/test/data/Just_Images/Caucasian/Man/m.03f5kpn_0001.jpg,0.7672926187515259,0
../images/test/data/Just_Images/Caucasian/Man/m.0by0_l4_0001.jpg,../images/test/data/Just_Images/Caucasian/Man/m.06wyl__0003.jpg,0.7859775424003601,0
../images/test/data/Just_Images/Caucasian/Woman/m.028x00_0001.jpg,../images/test/data/Just_Images/Caucasian/Man/m.01b9z4_0001.jpg,0.8574118614196777,0
../images/test/data/Just_Images/Caucasian/Man/m.0hmx0mg_0002.jpg,../images/test/data/Just_Images/Caucasian/Woman/m.07vl31_0002.jpg,0.7647929191589355,0
../images/test/data/Just_Images/Caucasian/Man/m.034g2b_0002.jpg,../images/test/data/Just_Images/Caucasian/Man/m.030xfx_0004.jpg,0.9232468008995056,0
../images/test/data/Just_Images/Caucasian/Woman/m.083z83k_0002.jpg,../images/test/data/Just_Images/Caucasian/Man/m.05szvj6_0005.jpg,0.8503142595291138,0
../images/test/data/Just_Images/Caucasian/Man/m.047r19m_0003.jpg,../images/test/data/Just_Images/Caucasian/Man/m.05s_gqc_0003.jpg,0.7743147611618042,0
../images/test/data/Just_Images/Caucasian/Man/m.04lhbmd_0003.jpg,../images/test/data/Just_Images/Caucasian/Man/m.07zsbv_0002.jpg,0.8776454329490662,0
../images/test/data/Just_Images/Caucasian/Man/m.06p_x9_0001.jpg,../images/test/data/Just_Images/Caucasian/Man/m.0d50mm_0002.jpg,0.9661020040512085,0
../images/test/data/Just_Images/Caucasian/Man/m.01wk2vc_0004.jpg,../images/test/data/Just_Images/Caucasian/Man/m.03d98y_0003.jpg,0.7831457853317261,0
../images/test/data/Just_Images/Caucasian/Man/m.0fw91_0001.jpg,../images/test/data/Just_Images/Caucasian/Man/m.06_yvq_0004.jpg,0.9076401591300964,0
../images/test/data/Just_Images/Caucasian/Woman/m.01jj7__0003.jpg,../images/test/data/Just_Images/Caucasian/Woman/m.03z9x4_0005.jpg,0.8941199779510498,0
../images/test/data/Just_Images/Caucasian/Man/m.06swrp_0001.jpg,../images/test/data/Just_Images/Caucasian/Man/m.02z594b_0002.jpg,0.8959487676620483,0
../images/test/data/Just_Images/Caucasian/Man/m.0h1dn6q_0003.jpg,../images/test/data/Just_Images/Caucasian/Man/m.0k2m0kq_0001.jpg,0.8768719434738159,0
../images/test/data/Just_Images/Caucasian/Woman/m.0f6fzl_0002.jpg,../images/test/data/Just_Images/Caucasian/Woman/m.01vr98m_0003.jpg,0.9186785817146301,0
../images/test/data/Just_Images/Caucasian/Man/m.09zzhh_0003.jpg,../images/test/data/Just_Images/Caucasian/Man/m.0bmjwhg_0002.jpg,0.8940133452415466,0
../images/test/data/Just_Images/Caucasian/Man/m.0k0pk97_0001.jpg,../images/test/data/Just_Images/Caucasian/Woman/m.0g577f5_0001.jpg,0.9452894926071167,0
../images/test/data/Just_Images/Caucasian/Man/m.0cg2l6_0005.jpg,../images/test/data/Just_Images/Caucasian/Man/m.07ysxj_0002.jpg,0.8804490566253662,0
../images/test/data/Just_Images/Caucasian/Man/m.02wrbv_0002.jpg,../images/test/data/Just_Images/Caucasian/Man/m.06z9m2_0004.jpg,0.8645997047424316,0
../images/test/data/Just_Images/Caucasian/Man/m.02q467m_0002.jpg,../images/test/data/Just_Images/Caucasian/Man/m.07kv57_0002.jpg,0.863263726234436,0
../images/test/data/Just_Images/Caucasian/Man/m.0c1pjf_0004.jpg,../images/test/data/Just_Images/Caucasian/Man/m.04pck2_0002.jpg,0.9257999658584595,0
../images/test/data/Just_Images/Caucasian/Woman/m.03nncsk_0004.jpg,../images/test/data/Just_Images/Caucasian/Woman/m.043qv9l_0003.jpg,0.7898318767547607,0
../images/test/data/Just_Images/Caucasian/Woman/m.0hnbhj4_0003.jpg,../images/test/data/Just_Images/Caucasian/Man/m.0gmf21f_0001.jpg,0.921301007270813,0
../images/test/data/Just_Images/Caucasian/Man/m.0h7r_j_0005.jpg,../images/test/data/Just_Images/Caucasian/Man/m.03hp0xm_0001.jpg,0.9008517861366272,0
../images/test/data/Just_Images/Caucasian/Woman/m.02z13_l_0001.jpg,../images/test/data/Just_Images/Caucasian/Man/m.04n3cm__0001.jpg,0.9109495878219604,0
../images/test/data/Just_Images/Caucasian/Woman/m.02r3s49_0002.jpg,../images/test/data/Just_Images/Caucasian/Man/m.068sjw_0001.jpg,0.883989691734314,0
../images/test/data/Just_Images/Caucasian/Man/m.07wxzf_0002.jpg,../images/test/data/Just_Images/Caucasian/Man/m.0dgq72l_0003.jpg,0.9143403768539429,0
../images/test/data/Just_Images/Caucasian/Man/m.08sv66_0003.jpg,../images/test/data/Just_Images/Caucasian/Man/m.0j28l3q_0004.jpg,0.8421022295951843,0
../images/test/data/Just_Images/Caucasian/Man/m.026f9wk_0003.jpg,../images/test/data/Just_Images/Caucasian/Man/m.02rgcf4_0001.jpg,0.9121636152267456,0
../images/test/data/Just_Images/Caucasian/Man/m.049150_0001.jpg,../images/test/data/Just_Images/Caucasian/Man/m.02x3pmp_0003.jpg,0.8227459192276001,0
../images/test/data/Just_Images/Caucasian/Man/m.015myc_0002.jpg,../images/test/data/Just_Images/Caucasian/Man/m.09bxhp_0004.jpg,0.9079967737197876,0
../images/test/data/Just_Images/Caucasian/Man/m.06l0f_0002.jpg,../images/test/data/Just_Images/Caucasian/Man/m.09571f_0005.jpg,0.8112183809280396,0
../images/test/data/Just_Images/Caucasian/Man/m.0bmjwhg_0004.jpg,../images/test/data/Just_Images/Caucasian/Woman/m.0ddy2l_0002.jpg,0.8359615206718445,0
../images/test/data/Just_Images/Caucasian/Man/m.01n0nh_0002.jpg,../images/test/data/Just_Images/Caucasian/Man/m.058frd_0004.jpg,0.8773050308227539,0
../images/test/data/Just_Images/Caucasian/Man/m.04zynqz_0002.jpg,../images/test/data/Just_Images/Caucasian/Woman/m.04jhsnv_0001.jpg,0.7923784255981445,0
../images/test/data/Just_Images/Caucasian/Man/m.01nt7bh_0002.jpg,../images/test/data/Just_Images/Caucasian/Man/m.03tkg__0001.jpg,0.8309322595596313,0
../images/test/data/Just_Images/Caucasian/Woman/m.0chlsn_0002.jpg,../images/test/data/Just_Images/Caucasian/Man/m.02q288g_0002.jpg,0.7003507018089294,0
../images/test/data/Just_Images/Caucasian/Man/m.02y174_0002.jpg,../images/test/data/Just_Images/Caucasian/Woman/m.09zmys_0003.jpg,0.8750313520431519,0
../images/test/data/Just_Images/Caucasian/Man/m.05x045_0003.jpg,../images/test/data/Just_Images/Caucasian/Man/m.01s2zh3_0001.jpg,0.8461808562278748,0
../images/test/data/Just_Images/Caucasian/Man/m.0gwyr8__0004.jpg,../images/test/data/Just_Images/Caucasian/Man/m.030xfx_0003.jpg,0.9046846032142639,0
../images/test/data/Just_Images/Caucasian/Man/m.0264609_0004.jpg,../images/test/data/Just_Images/Caucasian/Man/m.07rcm5_0003.jpg,0.8868876099586487,0
../images/test/data/Just_Images/Caucasian/Woman/m.02l0nk_0001.jpg,../images/test/data/Just_Images/Caucasian/Woman/m.0fpvzv_0001.jpg,0.8834691047668457,0
../images/test/data/Just_Images/Caucasian/Man/m.03sfhc_0001.jpg,../images/test/data/Just_Images/Caucasian/Man/m.0cq794_0004.jpg,0.7738375663757324,0
../images/test/data/Just_Images/Caucasian/Man/m.026_cgm_0004.jpg,../images/test/data/Just_Images/Caucasian/Man/m.0d0_7q_0002.jpg,0.9224810600280762,0
../images/test/data/Just_Images/Caucasian/Man/m.043n9t9_0002.jpg,../images/test/data/Just_Images/Caucasian/Woman/m.05mgqb_0001.jpg,0.8863053917884827,0
../images/test/data/Just_Images/Caucasian/Man/m.02t__3_0001.jpg,../images/test/data/Just_Images/Caucasian/Man/m.01vf_z_0003.jpg,0.9081293344497681,0
../images/test/data/Just_Images/Caucasian/Man/m.0bwcgt_0001.jpg,../images/test/data/Just_Images/Caucasian/Man/m.03p6dx_0004.jpg,0.902527391910553,0
../images/test/data/Just_Images/Caucasian/Woman/m.0gvsl8t_0003.jpg,../images/test/data/Just_Images/Caucasian/Man/m.0b6j3m_0004.jpg,0.8772780299186707,0
../images/test/data/Just_Images/Caucasian/Man/m.02k5zb_0001.jpg,../images/test/data/Just_Images/Caucasian/Man/m.09592__0003.jpg,0.928974986076355,0
../images/test/data/Just_Images/Caucasian/Man/m.01bk4z_0003.jpg,../images/test/data/Just_Images/Caucasian/Man/m.0c2skv_0002.jpg,0.8760395050048828,0
../images/test/data/Just_Images/Caucasian/Man/m.0h31g_0002.jpg,../images/test/data/Just_Images/Caucasian/Man/m.01h7h0_0002.jpg,0.9444843530654907,0
../images/test/data/Just_Images/Caucasian/Woman/m.0gtvkxj_0001.jpg,../images/test/data/Just_Images/Caucasian/Man/m.03nttym_0002.jpg,0.8387670516967773,0
../images/test/data/Just_Images/Caucasian/Man/m.046mnc_0003.jpg,../images/test/data/Just_Images/Caucasian/Man/m.05pg_g_0001.jpg,0.8641579151153564,0
../images/test/data/Just_Images/Caucasian/Man/m.06nbvm_0003.jpg,../images/test/data/Just_Images/Caucasian/Man/m.03wbs6t_0004.jpg,0.9509744048118591,0
../images/test/data/Just_Images/Caucasian/Woman/m.05gnfp_0004.jpg,../images/test/data/Just_Images/Caucasian/Man/m.0bvy7xr_0002.jpg,0.9357484579086304,0
../images/test/data/Just_Images/Caucasian/Woman/m.03hh0w4_0001.jpg,../images/test/data/Just_Images/Caucasian/Man/m.02k21g_0006.jpg,0.9406353831291199,0
../images/test/data/Just_Images/Caucasian/Woman/m.02pn4z4_0004.jpg,../images/test/data/Just_Images/Caucasian/Man/m.067fmb_0002.jpg,0.8469379544258118,0
../images/test/data/Just_Images/Caucasian/Man/m.026tdl1_0004.jpg,../images/test/data/Just_Images/Caucasian/Man/m.01x66d_0001.jpg,0.8393619656562805,0
../images/test/data/Just_Images/Caucasian/Man/m.0blf_j_0002.jpg,../images/test/data/Just_Images/Caucasian/Man/m.0f8kb8_0005.jpg,0.9045131206512451,0
../images/test/data/Just_Images/Caucasian/Man/m.08prq0_0002.jpg,../images/test/data/Just_Images/Caucasian/Man/m.03j2x66_0003.jpg,0.8727579116821289,0
../images/test/data/Just_Images/Caucasian/Man/m.027jq2_0002.jpg,../images/test/data/Just_Images/Caucasian/Woman/m.0h6jx7_0004.jpg,0.8337423205375671,0
../images/test/data/Just_Images/Caucasian/Man/m.0cm8rrs_0001.jpg,../images/test/data/Just_Images/Caucasian/Woman/m.02r4w2g_0003.jpg,0.9152374267578125,0
../images/test/data/Just_Images/Caucasian/Woman/m.0d7qk2_0002.jpg,../images/test/data/Just_Images/Caucasian/Woman/m.08fsy0_0002.jpg,0.9150713682174683,0
../images/test/data/Just_Images/Caucasian/Man/m.06w8lx_0002.jpg,../images/test/data/Just_Images/Caucasian/Woman/m.05xjkv_0001.jpg,0.8940557241439819,0
../images/test/data/Just_Images/Caucasian/Man/m.06x_6f_0002.jpg,../images/test/data/Just_Images/Caucasian/Man/m.04tq_d_0002.jpg,0.8156366348266602,0
../images/test/data/Just_Images/Caucasian/Woman/m.0524rtn_0003.jpg,../images/test/data/Just_Images/Caucasian/Woman/m.0d_3hq_0003.jpg,0.9236258268356323,0
../images/test/data/Just_Images/Caucasian/Woman/m.02qkwbp_0001.jpg,../images/test/data/Just_Images/Caucasian/Woman/m.01pxvvp_0002.jpg,0.9458882808685303,0
../images/test/data/Just_Images/Caucasian/Man/m.0fqlqnl_0001.jpg,../images/test/data/Just_Images/Caucasian/Woman/m.0by02cb_0003.jpg,0.8714473843574524,0
../images/test/data/Just_Images/Caucasian/Woman/m.03vb_0_0001.jpg,../images/test/data/Just_Images/Caucasian/Woman/m.051n4x_0002.jpg,0.9241611361503601,0
../images/test/data/Just_Images/Caucasian/Woman/m.0h1fcbm_0001.jpg,../images/test/data/Just_Images/Caucasian/Man/m.03hzrkc_0002.jpg,0.8709925413131714,0
../images/test/data/Just_Images/Caucasian/Man/m.048ky8_0002.jpg,../images/test/data/Just_Images/Caucasian/Man/m.0g0d56_0001.jpg,0.7422566413879395,0
../images/test/data/Just_Images/Caucasian/Man/m.05c4mjl_0001.jpg,../images/test/data/Just_Images/Caucasian/Man/m.0g0d56_0001.jpg,0.8499486446380615,0
../images/test/data/Just_Images/Caucasian/Man/m.03qkbj6_0003.jpg,../images/test/data/Just_Images/Caucasian/Man/m.0919vb_0004.jpg,0.9552834033966064,0
../images/test/data/Just_Images/Caucasian/Woman/m.0dhcrh_0001.jpg,../images/test/data/Just_Images/Caucasian/Woman/m.07vl31_0001.jpg,0.868848443031311,0
../images/test/data/Just_Images/Caucasian/Man/m.02mz7c_0001.jpg,../images/test/data/Just_Images/Caucasian/Man/m.0b0j19_0002.jpg,0.8327018618583679,0
../images/test/data/Just_Images/Caucasian/Woman/m.0dpzdg_0003.jpg,../images/test/data/Just_Images/Caucasian/Man/m.01451__0001.jpg,0.9244217872619629,0
../images/test/data/Just_Images/Caucasian/Man/m.05h3kr2_0004.jpg,../images/test/data/Just_Images/Caucasian/Man/m.080dj_0001.jpg,0.9150329232215881,0
../images/test/data/Just_Images/Caucasian/Man/m.03w4sh_0004.jpg,../images/test/data/Just_Images/Caucasian/Man/m.024vc__0003.jpg,0.9018794298171997,0
../images/test/data/Just_Images/Caucasian/Woman/m.0j_6nsk_0004.jpg,../images/test/data/Just_Images/Caucasian/Man/m.09mrbq_0001.jpg,0.8737473487854004,0
../images/test/data/Just_Images/Caucasian/Man/m.02q10sx_0002.jpg,../images/test/data/Just_Images/Caucasian/Man/m.0r4pmym_0003.jpg,0.8450679779052734,0
../images/test/data/Just_Images/Caucasian/Woman/m.061f6y_0001.jpg,../images/test/data/Just_Images/Caucasian/Woman/m.06f8p0_0001.jpg,0.7850430011749268,0
../images/test/data/Just_Images/Caucasian/Man/m.0261j4_0001.jpg,../images/test/data/Just_Images/Caucasian/Woman/m.07s9qf2_0003.jpg,0.9197549819946289,0
../images/test/data/Just_Images/Caucasian/Woman/m.0fphssd_0001.jpg,../images/test/data/Just_Images/Caucasian/Woman/m.060d5l_0001.jpg,0.8333361744880676,0
../images/test/data/Just_Images/Caucasian/Man/m.06t8lv_0001.jpg,../images/test/data/Just_Images/Caucasian/Man/m.04nf81_0002.jpg,0.8478018045425415,0
../images/test/data/Just_Images/Caucasian/Man/m.058frd_0002.jpg,../images/test/data/Just_Images/Caucasian/Man/m.0b775g9_0004.jpg,0.892383337020874,0
../images/test/data/Just_Images/Caucasian/Man/m.0b950d_0002.jpg,../images/test/data/Just_Images/Caucasian/Man/m.0150t6_0002.jpg,0.9231171607971191,0
../images/test/data/Just_Images/Caucasian/Woman/m.01lz_v_0005.jpg,../images/test/data/Just_Images/Caucasian/Man/m.01kyfs_0001.jpg,0.8686718940734863,0
../images/test/data/Just_Images/Caucasian/Man/m.0gyd4y_0001.jpg,../images/test/data/Just_Images/Caucasian/Man/m.025_jlx_0003.jpg,0.8147275447845459,0
../images/test/data/Just_Images/Caucasian/Woman/m.0bgfln_0002.jpg,../images/test/data/Just_Images/Caucasian/Man/m.04rv1f_0002.jpg,0.9183796048164368,0
../images/test/data/Just_Images/Caucasian/Man/m.06_6j3_0002.jpg,../images/test/data/Just_Images/Caucasian/Man/m.01n2_7_0003.jpg,0.8484896421432495,0
../images/test/data/Just_Images/Caucasian/Woman/m.0ggym9_0004.jpg,../images/test/data/Just_Images/Caucasian/Man/m.0p_jc_0003.jpg,0.7711355090141296,0
../images/test/data/Just_Images/Caucasian/Man/m.01n1tq_0002.jpg,../images/test/data/Just_Images/Caucasian/Man/m.0d50mm_0003.jpg,0.8871644735336304,0
../images/test/data/Just_Images/Caucasian/Man/m.03cdg6l_0001.jpg,../images/test/data/Just_Images/Caucasian/Man/m.055pfp_0002.jpg,0.8320751190185547,0
../images/test/data/Just_Images/Caucasian/Man/m.01tyq5_0002.jpg,../images/test/data/Just_Images/Caucasian/Man/m.01wbzhv_0005.jpg,0.8796074986457825,0
../images/test/data/Just_Images/Caucasian/Man/m.0glp_jg_0001.jpg,../images/test/data/Just_Images/Caucasian/Man/m.0d5_f_0005.jpg,0.9266286492347717,0
../images/test/data/Just_Images/Caucasian/Man/m.04h8d7_0003.jpg,../images/test/data/Just_Images/Caucasian/Man/m.01b9z4_0004.jpg,0.8670928478240967,0
../images/test/data/Just_Images/Caucasian/Man/m.04gn_2p_0004.jpg,../images/test/data/Just_Images/Caucasian/Man/m.09s2q1_0001.jpg,0.8906057476997375,0
../images/test/data/Just_Images/Caucasian/Man/m.09s5w4_0003.jpg,../images/test/data/Just_Images/Caucasian/Man/m.07khttn_0002.jpg,0.9697856307029724,0
../images/test/data/Just_Images/Caucasian/Man/m.02thfq_0004.jpg,../images/test/data/Just_Images/Caucasian/Man/m.052_g76_0003.jpg,0.9153009653091431,0
../images/test/data/Just_Images/Caucasian/Man/m.07twdn_0002.jpg,../images/test/data/Just_Images/Caucasian/Woman/m.07kc_pq_0001.jpg,0.8526355028152466,0
../images/test/data/Just_Images/Caucasian/Man/m.0dfll4_0003.jpg,../images/test/data/Just_Images/Caucasian/Man/m.0dflym_0003.jpg,0.9478085041046143,0
../images/test/data/Just_Images/Caucasian/Man/m.02ptt8_0001.jpg,../images/test/data/Just_Images/Caucasian/Man/m.043hg_0002.jpg,0.6881239414215088,0
../images/test/data/Just_Images/Caucasian/Woman/m.0gchs9h_0003.jpg,../images/test/data/Just_Images/Caucasian/Woman/m.070_kf_0001.jpg,0.8309801816940308,0
../images/test/data/Just_Images/Caucasian/Woman/m.063fdv_0002.jpg,../images/test/data/Just_Images/Caucasian/Man/m.01ptrh_0004.jpg,0.746065080165863,0
../images/test/data/Just_Images/Caucasian/Man/m.062xtx_0005.jpg,../images/test/data/Just_Images/Caucasian/Man/m.01t91vg_0001.jpg,0.88008713722229,0
../images/test/data/Just_Images/Caucasian/Woman/m.03xhhd_0002.jpg,../images/test/data/Just_Images/Caucasian/Woman/m.02r70k3_0001.jpg,0.9514787197113037,0
../images/test/data/Just_Images/Caucasian/Man/m.05r751_0001.jpg,../images/test/data/Just_Images/Caucasian/Woman/m.05ry0p_0005.jpg,0.9486145973205566,0
../images/test/data/Just_Images/Caucasian/Man/m.0gk728_0001.jpg,../images/test/data/Just_Images/Caucasian/Man/m.0342z8_0003.jpg,0.840528130531311,0
../images/test/data/Just_Images/Caucasian/Man/m.02vl73x_0003.jpg,../images/test/data/Just_Images/Caucasian/Man/m.02yyjf_0002.jpg,0.6833158731460571,0
../images/test/data/Just_Images/Caucasian/Man/m.0868nf_0002.jpg,../images/test/data/Just_Images/Caucasian/Man/m.02qfxhy_0003.jpg,0.8261252641677856,0
../images/test/data/Just_Images/Caucasian/Man/m.04xsqg_0001.jpg,../images/test/data/Just_Images/Caucasian/Man/m.05n8ln_0005.jpg,0.9282573461532593,0
../images/test/data/Just_Images/Caucasian/Man/m.03n68w_0001.jpg,../images/test/data/Just_Images/Caucasian/Man/m.05dhgc_0003.jpg,0.943915605545044,0
../images/test/data/Just_Images/Caucasian/Man/m.03xllt_0001.jpg,../images/test/data/Just_Images/Caucasian/Man/m.03bj_d_0004.jpg,0.8803319931030273,0
../images/test/data/Just_Images/Caucasian/Man/m.03wfpgp_0002.jpg,../images/test/data/Just_Images/Caucasian/Man/m.046vvt_0001.jpg,0.8506836891174316,0
../images/test/data/Just_Images/Caucasian/Man/m.012x2b_0001.jpg,../images/test/data/Just_Images/Caucasian/Man/m.01hf4p_0003.jpg,0.8632874488830566,0
../images/test/data/Just_Images/Caucasian/Man/m.01wzz4w_0003.jpg,../images/test/data/Just_Images/Caucasian/Man/m.0c2qjg_0006.jpg,0.8710953593254089,0
../images/test/data/Just_Images/Caucasian/Man/m.05ppy0_0001.jpg,../images/test/data/Just_Images/Caucasian/Man/m.0282xfk_0002.jpg,0.938860297203064,0
../images/test/data/Just_Images/Caucasian/Woman/m.0668hy_0002.jpg,../images/test/data/Just_Images/Caucasian/Man/m.02t__l_0002.jpg,0.9072195887565613,0
../images/test/data/Just_Images/Caucasian/Man/m.02h2my_0001.jpg,../images/test/data/Just_Images/Caucasian/Man/m.08hphm_0003.jpg,0.8023541569709778,0
../images/test/data/Just_Images/Caucasian/Man/m.0269fgs_0002.jpg,../images/test/data/Just_Images/Caucasian/Woman/m.043nftk_0002.jpg,0.9285275340080261,0
../images/test/data/Just_Images/Caucasian/Man/m.074ltg_0001.jpg,../images/test/data/Just_Images/Caucasian/Man/m.0801_6_0001.jpg,0.8593387603759766,0
../images/test/data/Just_Images/Caucasian/Man/m.05v57d_0001.jpg,../images/test/data/Just_Images/Caucasian/Man/m.0d950f_0002.jpg,0.9102537631988525,0
../images/test/data/Just_Images/Caucasian/Man/m.05xw7m_0001.jpg,../images/test/data/Just_Images/Caucasian/Woman/m.01r4447_0003.jpg,0.8794875144958496,0
../images/test/data/Just_Images/Caucasian/Man/m.02rbgrl_0001.jpg,../images/test/data/Just_Images/Caucasian/Man/m.04b2l__0002.jpg,0.8557140827178955,0
../images/test/data/Just_Images/Caucasian/Woman/m.0bzklr_0002.jpg,../images/test/data/Just_Images/Caucasian/Man/m.02k21g_0004.jpg,0.8959198594093323,0
../images/test/data/Just_Images/Caucasian/Man/m.01kd57_0003.jpg,../images/test/data/Just_Images/Caucasian/Man/m.0dr_lg_0001.jpg,0.8642928600311279,0
../images/test/data/Just_Images/Caucasian/Man/m.0fx_hg_0002.jpg,../images/test/data/Just_Images/Caucasian/Man/m.05pc2qb_0004.jpg,0.9049525260925293,0
../images/test/data/Just_Images/Caucasian/Man/m.030xd_0001.jpg,../images/test/data/Just_Images/Caucasian/Man/m.0hmx0mg_0004.jpg,0.8943579196929932,0
../images/test/data/Just_Images/Caucasian/Man/m.048v2f_0003.jpg,../images/test/data/Just_Images/Caucasian/Man/m.0b00ny_0003.jpg,0.8580411672592163,0
../images/test/data/Just_Images/Caucasian/Man/m.0w_l_0001.jpg,../images/test/data/Just_Images/Caucasian/Woman/m.08p1jw_0001.jpg,0.907158374786377,0
../images/test/data/Just_Images/Caucasian/Woman/m.01pp_b_0003.jpg,../images/test/data/Just_Images/Caucasian/Man/m.01v349_0003.jpg,0.88983154296875,0
../images/test/data/Just_Images/Caucasian/Man/m.026tgty_0001.jpg,../images/test/data/Just_Images/Caucasian/Man/m.06crp6_0003.jpg,0.9247407913208008,0
../images/test/data/Just_Images/Caucasian/Man/m.085qw__0002.jpg,../images/test/data/Just_Images/Caucasian/Man/m.06yckn_0002.jpg,0.8592708110809326,0
../images/test/data/Just_Images/Caucasian/Woman/m.039g9y_0001.jpg,../images/test/data/Just_Images/Caucasian/Man/m.027qctq_0001.jpg,0.8278243541717529,0
../images/test/data/Just_Images/Caucasian/Woman/m.05thxp_0001.jpg,../images/test/data/Just_Images/Caucasian/Woman/m.0jhtk_0003.jpg,0.891932487487793,0
../images/test/data/Just_Images/Caucasian/Man/m.0krwnm_0003.jpg,../images/test/data/Just_Images/Caucasian/Woman/m.02wlk3_0003.jpg,0.9333491921424866,0
../images/test/data/Just_Images/Caucasian/Woman/m.03q2pg_0003.jpg,../images/test/data/Just_Images/Caucasian/Woman/m.096589_0001.jpg,0.9357657432556152,0
../images/test/data/Just_Images/Caucasian/Man/m.0393j4_0004.jpg,../images/test/data/Just_Images/Caucasian/Man/m.0fqw4__0003.jpg,0.7429510354995728,0
../images/test/data/Just_Images/Caucasian/Man/m.06_y8k_0003.jpg,../images/test/data/Just_Images/Caucasian/Man/m.07jf6t_0004.jpg,0.7975252866744995,0
../images/test/data/Just_Images/Caucasian/Man/m.080ljpg_0001.jpg,../images/test/data/Just_Images/Caucasian/Man/m.035s2x_0002.jpg,0.8726903200149536,0
../images/test/data/Just_Images/Caucasian/Woman/m.0bmb12z_0003.jpg,../images/test/data/Just_Images/Caucasian/Woman/m.02r3s49_0005.jpg,0.8841135501861572,0
../images/test/data/Just_Images/Caucasian/Woman/m.05c4f94_0001.jpg,../images/test/data/Just_Images/Caucasian/Woman/m.04mx6tt_0004.jpg,0.9212580323219299,0
../images/test/data/Just_Images/Caucasian/Man/m.01pr4bl_0001.jpg,../images/test/data/Just_Images/Caucasian/Man/m.0292lw_0002.jpg,0.8417751789093018,0
../images/test/data/Just_Images/Caucasian/Woman/m.0273cj7_0001.jpg,../images/test/data/Just_Images/Caucasian/Man/m.03czzzz_0001.jpg,0.9076701402664185,0
../images/test/data/Just_Images/Caucasian/Woman/m.06zrb8x_0001.jpg,../images/test/data/Just_Images/Caucasian/Man/m.0gwzd9y_0003.jpg,0.84636390209198,0
../images/test/data/Just_Images/Caucasian/Woman/m.026fj42_0004.jpg,../images/test/data/Just_Images/Caucasian/Woman/m.065tmb_0002.jpg,0.9382398724555969,0
../images/test/data/Just_Images/Caucasian/Man/m.03qz3b_0001.jpg,../images/test/data/Just_Images/Caucasian/Man/m.06zjnfc_0004.jpg,0.8430469632148743,0
../images/test/data/Just_Images/Caucasian/Man/m.05c06qw_0001.jpg,../images/test/data/Just_Images/Caucasian/Man/m.03bjzh_0001.jpg,0.861233115196228,0
../images/test/data/Just_Images/Caucasian/Man/m.07c9z5_0001.jpg,../images/test/data/Just_Images/Caucasian/Man/m.0273fcd_0001.jpg,0.9312353730201721,0
../images/test/data/Just_Images/Caucasian/Man/m.0b16dm_0002.jpg,../images/test/data/Just_Images/Caucasian/Woman/m.06bxdf_0001.jpg,0.8176031708717346,0
../images/test/data/Just_Images/Caucasian/Man/m.07kdmj3_0002.jpg,../images/test/data/Just_Images/Caucasian/Man/m.07csqp_0002.jpg,0.8558387756347656,0
../images/test/data/Just_Images/Caucasian/Man/m.0pxy0_0002.jpg,../images/test/data/Just_Images/Caucasian/Man/m.031jqk_0003.jpg,0.9092934131622314,0
../images/test/data/Just_Images/Caucasian/Man/m.04pr7x_0001.jpg,../images/test/data/Just_Images/Caucasian/Man/m.0gn4mc_0002.jpg,0.8858044147491455,0
../images/test/data/Just_Images/Caucasian/Man/m.04zydc7_0001.jpg,../images/test/data/Just_Images/Caucasian/Man/m.0gdms9__0004.jpg,0.7809120416641235,0
../images/test/data/Just_Images/Caucasian/Woman/m.04_1mgd_0003.jpg,../images/test/data/Just_Images/Caucasian/Man/m.0pf6v_0003.jpg,0.8680721521377563,0
../images/test/data/Just_Images/Caucasian/Woman/m.01l67q3_0001.jpg,../images/test/data/Just_Images/Caucasian/Woman/m.033ch6_0002.jpg,0.9058037996292114,0
../images/test/data/Just_Images/Caucasian/Man/m.0gk_m2l_0001.jpg,../images/test/data/Just_Images/Caucasian/Man/m.02qfxhy_0001.jpg,0.9284477829933167,0
../images/test/data/Just_Images/Caucasian/Woman/m.07rtp3_0003.jpg,../images/test/data/Just_Images/Caucasian/Woman/m.05ms4pb_0002.jpg,0.9080326557159424,0
../images/test/data/Just_Images/Caucasian/Woman/m.02qpsms_0003.jpg,../images/test/data/Just_Images/Caucasian/Woman/m.02729k2_0004.jpg,0.9540135860443115,0
../images/test/data/Just_Images/Caucasian/Man/m.05r9x4_0002.jpg,../images/test/data/Just_Images/Caucasian/Man/m.03gvmcq_0003.jpg,0.8954139947891235,0
../images/test/data/Just_Images/Caucasian/Woman/m.01l3mk3_0003.jpg,../images/test/data/Just_Images/Caucasian/Woman/m.01l3mk3_0002.jpg,0.8647068738937378,1
../images/test/data/Just_Images/Caucasian/Woman/m.0c40l7v_0002.jpg,../images/test/data/Just_Images/Caucasian/Woman/m.0c40l7v_0003.jpg,0.8066360950469971,1
../images/test/data/Just_Images/Caucasian/Man/m.04nh8c_0002.jpg,../images/test/data/Just_Images/Caucasian/Man/m.04nh8c_0001.jpg,0.9465168714523315,1
../images/test/data/Just_Images/Caucasian/Man/m.033fcx_0003.jpg,../images/test/data/Just_Images/Caucasian/Man/m.033fcx_0002.jpg,0.9156661629676819,1
../images/test/data/Just_Images/Caucasian/Man/m.0g57lmj_0002.jpg,../images/test/data/Just_Images/Caucasian/Man/m.0g57lmj_0001.jpg,0.9163366556167603,1
../images/test/data/Just_Images/Caucasian/Man/m.06_n68_0001.jpg,../images/test/data/Just_Images/Caucasian/Man/m.06_n68_0003.jpg,0.920037031173706,1
../images/test/data/Just_Images/Caucasian/Man/m.053158_0002.jpg,../images/test/data/Just_Images/Caucasian/Man/m.053158_0004.jpg,0.8284009695053101,1
../images/test/data/Just_Images/Caucasian/Woman/m.02wlk3_0002.jpg,../images/test/data/Just_Images/Caucasian/Woman/m.02wlk3_0004.jpg,0.9673019647598267,1
../images/test/data/Just_Images/Caucasian/Man/m.03bmn1_0003.jpg,../images/test/data/Just_Images/Caucasian/Man/m.03bmn1_0001.jpg,0.8957844972610474,1
../images/test/data/Just_Images/Caucasian/Man/m.0gk_m2l_0003.jpg,../images/test/data/Just_Images/Caucasian/Man/m.0gk_m2l_0002.jpg,0.8211848735809326,1
../images/test/data/Just_Images/Caucasian/Man/m.0czgtb_0002.jpg,../images/test/data/Just_Images/Caucasian/Man/m.0czgtb_0001.jpg,0.8240118622779846,1
../images/test/data/Just_Images/Caucasian/Man/m.07jf6t_0001.jpg,../images/test/data/Just_Images/Caucasian/Man/m.07jf6t_0003.jpg,0.8187493085861206,1
../images/test/data/Just_Images/Caucasian/Man/m.0dflym_0001.jpg,../images/test/data/Just_Images/Caucasian/Man/m.0dflym_0002.jpg,0.840955913066864,1
../images/test/data/Just_Images/Caucasian/Man/m.04y70v_0002.jpg,../images/test/data/Just_Images/Caucasian/Man/m.04y70v_0003.jpg,0.9033030271530151,1
../images/test/data/Just_Images/Caucasian/Man/m.0gvsj1b_0002.jpg,../images/test/data/Just_Images/Caucasian/Man/m.0gvsj1b_0003.jpg,0.797133207321167,1
../images/test/data/Just_Images/Caucasian/Man/m.0273fcd_0002.jpg,../images/test/data/Just_Images/Caucasian/Man/m.0273fcd_0003.jpg,0.919403076171875,1
../images/test/data/Just_Images/Caucasian/Woman/m.0f7st4_0003.jpg,../images/test/data/Just_Images/Caucasian/Woman/m.0f7st4_0001.jpg,0.8688870072364807,1
../images/test/data/Just_Images/Caucasian/Man/m.02qwk1__0001.jpg,../images/test/data/Just_Images/Caucasian/Man/m.02qwk1__0003.jpg,0.9103550910949707,1
../images/test/data/Just_Images/Caucasian/Woman/m.014nfw_0003.jpg,../images/test/data/Just_Images/Caucasian/Woman/m.014nfw_0004.jpg,0.9248855710029602,1
../images/test/data/Just_Images/Caucasian/Man/m.01x3p__0003.jpg,../images/test/data/Just_Images/Caucasian/Man/m.01x3p__0001.jpg,0.9398705363273621,1
../images/test/data/Just_Images/Caucasian/Man/m.0pcnkdy_0004.jpg,../images/test/data/Just_Images/Caucasian/Man/m.0pcnkdy_0001.jpg,0.8794876337051392,1
../images/test/data/Just_Images/Caucasian/Man/m.01p8r8_0001.jpg,../images/test/data/Just_Images/Caucasian/Man/m.01p8r8_0003.jpg,0.9189445376396179,1
../images/test/data/Just_Images/Caucasian/Man/m.08ch24_0002.jpg,../images/test/data/Just_Images/Caucasian/Man/m.08ch24_0001.jpg,0.9325168132781982,1
../images/test/data/Just_Images/Caucasian/Man/m.05xcmfp_0002.jpg,../images/test/data/Just_Images/Caucasian/Man/m.05xcmfp_0003.jpg,0.8565223217010498,1
../images/test/data/Just_Images/Caucasian/Man/m.05szhj2_0002.jpg,../images/test/data/Just_Images/Caucasian/Man/m.05szhj2_0004.jpg,0.8662256002426147,1
../images/test/data/Just_Images/Caucasian/Man/m.012034_0002.jpg,../images/test/data/Just_Images/Caucasian/Man/m.012034_0003.jpg,0.9183353185653687,1
../images/test/data/Just_Images/Caucasian/Woman/m.03yz2rv_0004.jpg,../images/test/data/Just_Images/Caucasian/Woman/m.03yz2rv_0001.jpg,0.9340023994445801,1
../images/test/data/Just_Images/Caucasian/Man/m.0nbtxf1_0004.jpg,../images/test/data/Just_Images/Caucasian/Man/m.0nbtxf1_0002.jpg,0.7133761644363403,1
../images/test/data/Just_Images/Caucasian/Man/m.02v_04r_0001.jpg,../images/test/data/Just_Images/Caucasian/Man/m.02v_04r_0002.jpg,0.9226115345954895,1
../images/test/data/Just_Images/Caucasian/Man/m.04q2vd_0002.jpg,../images/test/data/Just_Images/Caucasian/Man/m.04q2vd_0001.jpg,0.8424577713012695,1
../images/test/data/Just_Images/Caucasian/Man/m.02zv09_0001.jpg,../images/test/data/Just_Images/Caucasian/Man/m.02zv09_0002.jpg,0.8471168875694275,1
../images/test/data/Just_Images/Caucasian/Man/m.04jdsqt_0002.jpg,../images/test/data/Just_Images/Caucasian/Man/m.04jdsqt_0003.jpg,0.835056722164154,1
../images/test/data/Just_Images/Caucasian/Man/m.01l0mh_0001.jpg,../images/test/data/Just_Images/Caucasian/Man/m.01l0mh_0003.jpg,0.9509451389312744,1
../images/test/data/Just_Images/Caucasian/Man/m.03d7_3y_0003.jpg,../images/test/data/Just_Images/Caucasian/Man/m.03d7_3y_0001.jpg,0.8975472450256348,1
../images/test/data/Just_Images/Caucasian/Man/m.0w_l_0003.jpg,../images/test/data/Just_Images/Caucasian/Man/m.0w_l_0002.jpg,0.7953857183456421,1
../images/test/data/Just_Images/Caucasian/Man/m.02r114v_0001.jpg,../images/test/data/Just_Images/Caucasian/Man/m.02r114v_0002.jpg,0.9168732762336731,1
../images/test/data/Just_Images/Caucasian/Man/m.05b61rg_0002.jpg,../images/test/data/Just_Images/Caucasian/Man/m.05b61rg_0003.jpg,0.907234787940979,1
../images/test/data/Just_Images/Caucasian/Man/m.04ql8w_0002.jpg,../images/test/data/Just_Images/Caucasian/Man/m.04ql8w_0001.jpg,0.956524133682251,1
../images/test/data/Just_Images/Caucasian/Man/m.07qhny_0002.jpg,../images/test/data/Just_Images/Caucasian/Man/m.07qhny_0003.jpg,0.8358418345451355,1
../images/test/data/Just_Images/Caucasian/Man/m.06zrlh_0001.jpg,../images/test/data/Just_Images/Caucasian/Man/m.06zrlh_0003.jpg,0.8954179883003235,1
../images/test/data/Just_Images/Caucasian/Man/m.057b02_0001.jpg,../images/test/data/Just_Images/Caucasian/Man/m.057b02_0002.jpg,0.8275333642959595,1
../images/test/data/Just_Images/Caucasian/Man/m.0h2l0q_0002.jpg,../images/test/data/Just_Images/Caucasian/Man/m.0h2l0q_0003.jpg,0.7736121416091919,1
../images/test/data/Just_Images/Caucasian/Man/m.04mx___0005.jpg,../images/test/data/Just_Images/Caucasian/Man/m.04mx___0003.jpg,0.7622868418693542,1
../images/test/data/Just_Images/Caucasian/Man/m.05kfvp_0001.jpg,../images/test/data/Just_Images/Caucasian/Man/m.05kfvp_0005.jpg,0.9161447286605835,1
../images/test/data/Just_Images/Caucasian/Man/m.0h65bk_0003.jpg,../images/test/data/Just_Images/Caucasian/Man/m.0h65bk_0002.jpg,0.907784104347229,1
../images/test/data/Just_Images/Caucasian/Man/m.0dr_lg_0003.jpg,../images/test/data/Just_Images/Caucasian/Man/m.0dr_lg_0002.jpg,0.9522128105163574,1
../images/test/data/Just_Images/Caucasian/Man/m.03c9vhy_0001.jpg,../images/test/data/Just_Images/Caucasian/Man/m.03c9vhy_0002.jpg,0.799538254737854,1
../images/test/data/Just_Images/Caucasian/Woman/m.02j6cs_0005.jpg,../images/test/data/Just_Images/Caucasian/Woman/m.02j6cs_0004.jpg,0.8845034241676331,1
../images/test/data/Just_Images/Caucasian/Man/m.01rq7g2_0001.jpg,../images/test/data/Just_Images/Caucasian/Man/m.01rq7g2_0004.jpg,0.9359040856361389,1
../images/test/data/Just_Images/Caucasian/Man/m.01vrr8y_0003.jpg,../images/test/data/Just_Images/Caucasian/Man/m.01vrr8y_0002.jpg,0.9089815616607666,1
../images/test/data/Just_Images/Caucasian/Man/m.03qlhm5_0001.jpg,../images/test/data/Just_Images/Caucasian/Man/m.03qlhm5_0002.jpg,0.822831392288208,1
../images/test/data/Just_Images/Caucasian/Man/m.07h2yj_0001.jpg,../images/test/data/Just_Images/Caucasian/Man/m.07h2yj_0003.jpg,0.9369832277297974,1
../images/test/data/Just_Images/Caucasian/Man/m.04kvhw_0002.jpg,../images/test/data/Just_Images/Caucasian/Man/m.04kvhw_0001.jpg,0.8499079942703247,1
../images/test/data/Just_Images/Caucasian/Woman/m.03wfd02_0003.jpg,../images/test/data/Just_Images/Caucasian/Woman/m.03wfd02_0004.jpg,0.8844460248947144,1
../images/test/data/Just_Images/Caucasian/Man/m.03hl0kq_0002.jpg,../images/test/data/Just_Images/Caucasian/Man/m.03hl0kq_0003.jpg,0.8765160441398621,1
../images/test/data/Just_Images/Caucasian/Woman/m.01t2sk_0001.jpg,../images/test/data/Just_Images/Caucasian/Woman/m.01t2sk_0002.jpg,0.884889543056488,1
../images/test/data/Just_Images/Caucasian/Woman/m.04q4c8_0001.jpg,../images/test/data/Just_Images/Caucasian/Woman/m.04q4c8_0002.jpg,0.9254649877548218,1
../images/test/data/Just_Images/Caucasian/Man/m.03gk9b_0003.jpg,../images/test/data/Just_Images/Caucasian/Man/m.03gk9b_0002.jpg,0.8244847059249878,1
../images/test/data/Just_Images/Caucasian/Man/m.0bl37l_0002.jpg,../images/test/data/Just_Images/Caucasian/Man/m.0bl37l_0003.jpg,0.7875089049339294,1
../images/test/data/Just_Images/Caucasian/Woman/m.0r8l0k9_0004.jpg,../images/test/data/Just_Images/Caucasian/Woman/m.0r8l0k9_0002.jpg,0.957428514957428,1
../images/test/data/Just_Images/Caucasian/Woman/m.026j3gs_0004.jpg,../images/test/data/Just_Images/Caucasian/Woman/m.026j3gs_0002.jpg,0.8423880934715271,1
../images/test/data/Just_Images/Caucasian/Woman/m.0gc250d_0003.jpg,../images/test/data/Just_Images/Caucasian/Woman/m.0gc250d_0001.jpg,0.8842713832855225,1
../images/test/data/Just_Images/Caucasian/Man/m.04q8md6_0003.jpg,../images/test/data/Just_Images/Caucasian/Man/m.04q8md6_0001.jpg,0.8622980117797852,1
../images/test/data/Just_Images/Caucasian/Man/m.03lqmd_0002.jpg,../images/test/data/Just_Images/Caucasian/Man/m.03lqmd_0003.jpg,0.8496702909469604,1
../images/test/data/Just_Images/Caucasian/Man/m.089qm2_0001.jpg,../images/test/data/Just_Images/Caucasian/Man/m.089qm2_0002.jpg,0.9486414790153503,1
../images/test/data/Just_Images/Caucasian/Man/m.03qcd6h_0003.jpg,../images/test/data/Just_Images/Caucasian/Man/m.03qcd6h_0005.jpg,0.8969415426254272,1
../images/test/data/Just_Images/Caucasian/Man/m.0cm9mr3_0002.jpg,../images/test/data/Just_Images/Caucasian/Man/m.0cm9mr3_0003.jpg,0.8816732168197632,1
../images/test/data/Just_Images/Caucasian/Man/m.07xxb5_0004.jpg,../images/test/data/Just_Images/Caucasian/Man/m.07xxb5_0002.jpg,0.836991548538208,1
../images/test/data/Just_Images/Caucasian/Woman/m.09336r_0001.jpg,../images/test/data/Just_Images/Caucasian/Woman/m.09336r_0002.jpg,0.8555312156677246,1
../images/test/data/Just_Images/Caucasian/Man/m.084qjy_0001.jpg,../images/test/data/Just_Images/Caucasian/Man/m.084qjy_0003.jpg,0.9290012121200562,1
../images/test/data/Just_Images/Caucasian/Man/m.07ymr5_0001.jpg,../images/test/data/Just_Images/Caucasian/Man/m.07ymr5_0003.jpg,0.8951854705810547,1
../images/test/data/Just_Images/Caucasian/Man/m.03bl_w_0001.jpg,../images/test/data/Just_Images/Caucasian/Man/m.03bl_w_0003.jpg,0.9515389204025269,1
../images/test/data/Just_Images/Caucasian/Man/m.0p_2r_0001.jpg,../images/test/data/Just_Images/Caucasian/Man/m.0p_2r_0002.jpg,0.9613436460494995,1
../images/test/data/Just_Images/Caucasian/Woman/m.06t641_0001.jpg,../images/test/data/Just_Images/Caucasian/Woman/m.06t641_0002.jpg,0.914603590965271,1
../images/test/data/Just_Images/Caucasian/Man/m.06wyl__0002.jpg,../images/test/data/Just_Images/Caucasian/Man/m.06wyl__0004.jpg,0.8848738670349121,1
../images/test/data/Just_Images/Caucasian/Man/m.02hdth_0001.jpg,../images/test/data/Just_Images/Caucasian/Man/m.02hdth_0004.jpg,0.6419839859008789,1
../images/test/data/Just_Images/Caucasian/Man/m.01wd76l_0001.jpg,../images/test/data/Just_Images/Caucasian/Man/m.01wd76l_0002.jpg,0.9085063934326172,1
../images/test/data/Just_Images/Caucasian/Man/m.02fs2c_0001.jpg,../images/test/data/Just_Images/Caucasian/Man/m.02fs2c_0002.jpg,0.9568288326263428,1
../images/test/data/Just_Images/Caucasian/Man/m.05by8l_0002.jpg,../images/test/data/Just_Images/Caucasian/Man/m.05by8l_0001.jpg,0.8547452688217163,1
../images/test/data/Just_Images/Caucasian/Man/m.0j44_4b_0002.jpg,../images/test/data/Just_Images/Caucasian/Man/m.0j44_4b_0003.jpg,0.9791073203086853,1
../images/test/data/Just_Images/Caucasian/Man/m.03gyy91_0003.jpg,../images/test/data/Just_Images/Caucasian/Man/m.03gyy91_0004.jpg,0.8227390050888062,1
../images/test/data/Just_Images/Caucasian/Man/m.02ng5q_0003.jpg,../images/test/data/Just_Images/Caucasian/Man/m.02ng5q_0002.jpg,0.911683201789856,1
../images/test/data/Just_Images/Caucasian/Man/m.02k567_0003.jpg,../images/test/data/Just_Images/Caucasian/Man/m.02k567_0001.jpg,0.8064587116241455,1
../images/test/data/Just_Images/Caucasian/Woman/m.01pxvvp_0003.jpg,../images/test/data/Just_Images/Caucasian/Woman/m.01pxvvp_0002.jpg,0.9263107180595398,1
../images/test/data/Just_Images/Caucasian/Man/m.020hbw_0002.jpg,../images/test/data/Just_Images/Caucasian/Man/m.020hbw_0003.jpg,0.8240668177604675,1
../images/test/data/Just_Images/Caucasian/Man/m.06yg_v_0004.jpg,../images/test/data/Just_Images/Caucasian/Man/m.06yg_v_0001.jpg,0.9311851263046265,1
../images/test/data/Just_Images/Caucasian/Woman/m.023wls_0001.jpg,../images/test/data/Just_Images/Caucasian/Woman/m.023wls_0002.jpg,0.8251951336860657,1
../images/test/data/Just_Images/Caucasian/Woman/m.02z3m7b_0003.jpg,../images/test/data/Just_Images/Caucasian/Woman/m.02z3m7b_0001.jpg,0.9363929033279419,1
../images/test/data/Just_Images/Caucasian/Man/m.063xcz_0003.jpg,../images/test/data/Just_Images/Caucasian/Man/m.063xcz_0002.jpg,0.8393864631652832,1
../images/test/data/Just_Images/Caucasian/Woman/m.01lz_v_0001.jpg,../images/test/data/Just_Images/Caucasian/Woman/m.01lz_v_0004.jpg,0.9510432481765747,1
../images/test/data/Just_Images/Caucasian/Man/m.02rlps7_0003.jpg,../images/test/data/Just_Images/Caucasian/Man/m.02rlps7_0001.jpg,0.9253922700881958,1
../images/test/data/Just_Images/Caucasian/Man/m.04qchv_0003.jpg,../images/test/data/Just_Images/Caucasian/Man/m.04qchv_0002.jpg,0.8066420555114746,1
../images/test/data/Just_Images/Caucasian/Woman/m.03vb0y_0002.jpg,../images/test/data/Just_Images/Caucasian/Woman/m.03vb0y_0001.jpg,0.8870835304260254,1
../images/test/data/Just_Images/Caucasian/Woman/m.01r0fmm_0004.jpg,../images/test/data/Just_Images/Caucasian/Woman/m.01r0fmm_0003.jpg,0.9240267872810364,1
../images/test/data/Just_Images/Caucasian/Man/m.02jvy9_0003.jpg,../images/test/data/Just_Images/Caucasian/Man/m.02jvy9_0001.jpg,0.8556170463562012,1
../images/test/data/Just_Images/Caucasian/Man/m.0c1pjf_0003.jpg,../images/test/data/Just_Images/Caucasian/Man/m.0c1pjf_0002.jpg,0.947005033493042,1
../images/test/data/Just_Images/Caucasian/Man/m.06y7w0_0001.jpg,../images/test/data/Just_Images/Caucasian/Man/m.06y7w0_0002.jpg,0.8967283964157104,1
../images/test/data/Just_Images/Caucasian/Man/m.02r0st6_0003.jpg,../images/test/data/Just_Images/Caucasian/Man/m.02r0st6_0002.jpg,0.9076520204544067,1
../images/test/data/Just_Images/Caucasian/Man/m.034g2b_0004.jpg,../images/test/data/Just_Images/Caucasian/Man/m.034g2b_0003.jpg,0.9167912006378174,1
../images/test/data/Just_Images/Caucasian/Man/m.0ds80xb_0002.jpg,../images/test/data/Just_Images/Caucasian/Man/m.0ds80xb_0001.jpg,0.9291096925735474,1
../images/test/data/Just_Images/Caucasian/Man/m.012prx_0002.jpg,../images/test/data/Just_Images/Caucasian/Man/m.012prx_0001.jpg,0.8585319519042969,1
../images/test/data/Just_Images/Caucasian/Man/m.0g67jh_0001.jpg,../images/test/data/Just_Images/Caucasian/Man/m.0g67jh_0002.jpg,0.9205348491668701,1
../images/test/data/Just_Images/Caucasian/Woman/m.02r2pwb_0002.jpg,../images/test/data/Just_Images/Caucasian/Woman/m.02r2pwb_0003.jpg,0.9209915995597839,1
../images/test/data/Just_Images/Caucasian/Woman/m.0chlsn_0001.jpg,../images/test/data/Just_Images/Caucasian/Woman/m.0chlsn_0002.jpg,0.8173339366912842,1
../images/test/data/Just_Images/Caucasian/Man/m.0c63qw_0003.jpg,../images/test/data/Just_Images/Caucasian/Man/m.0c63qw_0001.jpg,0.8172064423561096,1
../images/test/data/Just_Images/Caucasian/Man/m.03yh86_0002.jpg,../images/test/data/Just_Images/Caucasian/Man/m.03yh86_0003.jpg,0.9347831010818481,1
../images/test/data/Just_Images/Caucasian/Woman/m.067_jr_0001.jpg,../images/test/data/Just_Images/Caucasian/Woman/m.067_jr_0003.jpg,0.9134188294410706,1
../images/test/data/Just_Images/Caucasian/Man/m.07kv57_0001.jpg,../images/test/data/Just_Images/Caucasian/Man/m.07kv57_0002.jpg,0.8695099949836731,1
../images/test/data/Just_Images/Caucasian/Man/m.02bkvf_0001.jpg,../images/test/data/Just_Images/Caucasian/Man/m.02bkvf_0004.jpg,0.8150186538696289,1
../images/test/data/Just_Images/Caucasian/Man/m.06tl2c_0002.jpg,../images/test/data/Just_Images/Caucasian/Man/m.06tl2c_0003.jpg,0.912763237953186,1
../images/test/data/Just_Images/Caucasian/Woman/m.09fw4r_0004.jpg,../images/test/data/Just_Images/Caucasian/Woman/m.09fw4r_0003.jpg,0.9043464064598083,1
../images/test/data/Just_Images/Caucasian/Man/m.0ch09r_0003.jpg,../images/test/data/Just_Images/Caucasian/Man/m.0ch09r_0005.jpg,0.8190637826919556,1
../images/test/data/Just_Images/Caucasian/Woman/m.06jlcl_0001.jpg,../images/test/data/Just_Images/Caucasian/Woman/m.06jlcl_0005.jpg,0.9203840494155884,1
../images/test/data/Just_Images/Caucasian/Man/m.0b775g9_0003.jpg,../images/test/data/Just_Images/Caucasian/Man/m.0b775g9_0001.jpg,0.9021651148796082,1
../images/test/data/Just_Images/Caucasian/Man/m.0g9w7s8_0001.jpg,../images/test/data/Just_Images/Caucasian/Man/m.0g9w7s8_0002.jpg,0.853233814239502,1
../images/test/data/Just_Images/Caucasian/Man/m.07x23t_0004.jpg,../images/test/data/Just_Images/Caucasian/Man/m.07x23t_0005.jpg,0.9160194396972656,1
../images/test/data/Just_Images/Caucasian/Man/m.0f4f8y_0001.jpg,../images/test/data/Just_Images/Caucasian/Man/m.0f4f8y_0002.jpg,0.9170141220092773,1
../images/test/data/Just_Images/Caucasian/Man/m.01qfnm_0002.jpg,../images/test/data/Just_Images/Caucasian/Man/m.01qfnm_0001.jpg,0.9503355622291565,1
../images/test/data/Just_Images/Caucasian/Man/m.03wqg__0001.jpg,../images/test/data/Just_Images/Caucasian/Man/m.03wqg__0002.jpg,0.8563379049301147,1
../images/test/data/Just_Images/Caucasian/Man/m.026r446_0001.jpg,../images/test/data/Just_Images/Caucasian/Man/m.026r446_0002.jpg,0.9204052090644836,1
../images/test/data/Just_Images/Caucasian/Man/m.01564j_0003.jpg,../images/test/data/Just_Images/Caucasian/Man/m.01564j_0001.jpg,0.9250752925872803,1
../images/test/data/Just_Images/Caucasian/Woman/m.0311dg_0001.jpg,../images/test/data/Just_Images/Caucasian/Woman/m.0311dg_0002.jpg,0.9177502393722534,1
../images/test/data/Just_Images/Caucasian/Woman/m.03plx__0001.jpg,../images/test/data/Just_Images/Caucasian/Woman/m.03plx__0003.jpg,0.9236313104629517,1
../images/test/data/Just_Images/Caucasian/Man/m.06ntyq_0003.jpg,../images/test/data/Just_Images/Caucasian/Man/m.06ntyq_0001.jpg,0.8967539072036743,1
../images/test/data/Just_Images/Caucasian/Man/m.06jnnf_0002.jpg,../images/test/data/Just_Images/Caucasian/Man/m.06jnnf_0005.jpg,0.9642417430877686,1
../images/test/data/Just_Images/Caucasian/Man/m.04hx87_0003.jpg,../images/test/data/Just_Images/Caucasian/Man/m.04hx87_0004.jpg,0.9315264821052551,1
../images/test/data/Just_Images/Caucasian/Man/m.0d9zjs_0002.jpg,../images/test/data/Just_Images/Caucasian/Man/m.0d9zjs_0001.jpg,0.8059268593788147,1
../images/test/data/Just_Images/Caucasian/Man/m.0k3p4c2_0002.jpg,../images/test/data/Just_Images/Caucasian/Man/m.0k3p4c2_0003.jpg,0.8926681876182556,1
../images/test/data/Just_Images/Caucasian/Woman/m.074g02_0002.jpg,../images/test/data/Just_Images/Caucasian/Woman/m.074g02_0001.jpg,0.9215714335441589,1
../images/test/data/Just_Images/Caucasian/Woman/m.09j60t3_0001.jpg,../images/test/data/Just_Images/Caucasian/Woman/m.09j60t3_0003.jpg,0.8562783002853394,1
../images/test/data/Just_Images/Caucasian/Man/m.0g6j2p0_0001.jpg,../images/test/data/Just_Images/Caucasian/Man/m.0g6j2p0_0003.jpg,0.8286256790161133,1
../images/test/data/Just_Images/Caucasian/Woman/m.080h8w__0004.jpg,../images/test/data/Just_Images/Caucasian/Woman/m.080h8w__0001.jpg,0.873515784740448,1
../images/test/data/Just_Images/Caucasian/Woman/m.02rxx37_0002.jpg,../images/test/data/Just_Images/Caucasian/Woman/m.02rxx37_0001.jpg,0.8069532513618469,1
../images/test/data/Just_Images/Caucasian/Man/m.03pm9k_0003.jpg,../images/test/data/Just_Images/Caucasian/Man/m.03pm9k_0001.jpg,0.923781156539917,1
../images/test/data/Just_Images/Caucasian/Man/m.04xvgg_0001.jpg,../images/test/data/Just_Images/Caucasian/Man/m.04xvgg_0002.jpg,0.90403151512146,1
../images/test/data/Just_Images/Caucasian/Man/m.03t0g__0001.jpg,../images/test/data/Just_Images/Caucasian/Man/m.03t0g__0004.jpg,0.7217427492141724,1
../images/test/data/Just_Images/Caucasian/Man/m.0gdkzp2_0001.jpg,../images/test/data/Just_Images/Caucasian/Man/m.0gdkzp2_0002.jpg,0.8175915479660034,1
../images/test/data/Just_Images/Caucasian/Man/m.01m4kpp_0001.jpg,../images/test/data/Just_Images/Caucasian/Man/m.01m4kpp_0003.jpg,0.8759583234786987,1
../images/test/data/Just_Images/Caucasian/Man/m.0412chs_0002.jpg,../images/test/data/Just_Images/Caucasian/Man/m.0412chs_0003.jpg,0.9253113269805908,1
../images/test/data/Just_Images/Caucasian/Man/m.04zzkn0_0002.jpg,../images/test/data/Just_Images/Caucasian/Man/m.04zzkn0_0001.jpg,0.902908444404602,1
../images/test/data/Just_Images/Caucasian/Man/m.04d27_9_0003.jpg,../images/test/data/Just_Images/Caucasian/Man/m.04d27_9_0002.jpg,0.8966614603996277,1
../images/test/data/Just_Images/Caucasian/Man/m.0684ps_0002.jpg,../images/test/data/Just_Images/Caucasian/Man/m.0684ps_0001.jpg,0.8707715272903442,1
../images/test/data/Just_Images/Caucasian/Man/m.098zc7_0002.jpg,../images/test/data/Just_Images/Caucasian/Man/m.098zc7_0003.jpg,0.9023762941360474,1
../images/test/data/Just_Images/Caucasian/Woman/m.0524rtn_0002.jpg,../images/test/data/Just_Images/Caucasian/Woman/m.0524rtn_0001.jpg,0.8254556655883789,1
../images/test/data/Just_Images/Caucasian/Man/m.09ryb3_0001.jpg,../images/test/data/Just_Images/Caucasian/Man/m.09ryb3_0002.jpg,0.8767132759094238,1
../images/test/data/Just_Images/Caucasian/Man/m.0l8ll7__0001.jpg,../images/test/data/Just_Images/Caucasian/Man/m.0l8ll7__0003.jpg,0.8963141441345215,1
../images/test/data/Just_Images/Caucasian/Man/m.0pl0f4t_0001.jpg,../images/test/data/Just_Images/Caucasian/Man/m.0pl0f4t_0002.jpg,0.8450270891189575,1
../images/test/data/Just_Images/Caucasian/Woman/m.08mggv_0005.jpg,../images/test/data/Just_Images/Caucasian/Woman/m.08mggv_0002.jpg,0.8889087438583374,1
../images/test/data/Just_Images/Caucasian/Man/m.07zy82_0002.jpg,../images/test/data/Just_Images/Caucasian/Man/m.07zy82_0003.jpg,0.7899847626686096,1
../images/test/data/Just_Images/Caucasian/Woman/m.05tbrg_0002.jpg,../images/test/data/Just_Images/Caucasian/Woman/m.05tbrg_0004.jpg,0.9292725324630737,1
../images/test/data/Just_Images/Caucasian/Woman/m.03gtx4n_0003.jpg,../images/test/data/Just_Images/Caucasian/Woman/m.03gtx4n_0001.jpg,0.8657132387161255,1
../images/test/data/Just_Images/Caucasian/Man/m.0dd67__0001.jpg,../images/test/data/Just_Images/Caucasian/Man/m.0dd67__0003.jpg,0.8706578612327576,1
../images/test/data/Just_Images/Caucasian/Man/m.067fmb_0004.jpg,../images/test/data/Just_Images/Caucasian/Man/m.067fmb_0003.jpg,0.9063048362731934,1
../images/test/data/Just_Images/Caucasian/Man/m.057d89_0002.jpg,../images/test/data/Just_Images/Caucasian/Man/m.057d89_0001.jpg,0.9036624431610107,1
../images/test/data/Just_Images/Caucasian/Man/m.027d33t_0001.jpg,../images/test/data/Just_Images/Caucasian/Man/m.027d33t_0003.jpg,0.7650697827339172,1
../images/test/data/Just_Images/Caucasian/Man/m.0bz2_z_0001.jpg,../images/test/data/Just_Images/Caucasian/Man/m.0bz2_z_0002.jpg,0.8442670106887817,1
../images/test/data/Just_Images/Caucasian/Man/m.01cj5h_0002.jpg,../images/test/data/Just_Images/Caucasian/Man/m.01cj5h_0003.jpg,0.9313389658927917,1
../images/test/data/Just_Images/Caucasian/Woman/m.026ths5_0003.jpg,../images/test/data/Just_Images/Caucasian/Woman/m.026ths5_0002.jpg,0.8530171513557434,1
../images/test/data/Just_Images/Caucasian/Man/m.06p_x9_0002.jpg,../images/test/data/Just_Images/Caucasian/Man/m.06p_x9_0004.jpg,0.8972489833831787,1
../images/test/data/Just_Images/Caucasian/Man/m.04fgw8_0002.jpg,../images/test/data/Just_Images/Caucasian/Man/m.04fgw8_0003.jpg,0.9147449135780334,1
../images/test/data/Just_Images/Caucasian/Woman/m.08kmv__0001.jpg,../images/test/data/Just_Images/Caucasian/Woman/m.08kmv__0002.jpg,0.9540860652923584,1
../images/test/data/Just_Images/Caucasian/Man/m.01v42g_0001.jpg,../images/test/data/Just_Images/Caucasian/Man/m.01v42g_0003.jpg,0.7976876497268677,1
../images/test/data/Just_Images/Caucasian/Woman/m.02b_dr_0002.jpg,../images/test/data/Just_Images/Caucasian/Woman/m.02b_dr_0003.jpg,0.9492346048355103,1
../images/test/data/Just_Images/Caucasian/Man/m.04q6ml4_0004.jpg,../images/test/data/Just_Images/Caucasian/Man/m.04q6ml4_0003.jpg,0.8287440538406372,1
../images/test/data/Just_Images/Caucasian/Woman/m.02wcd14_0001.jpg,../images/test/data/Just_Images/Caucasian/Woman/m.02wcd14_0003.jpg,0.8925374150276184,1
../images/test/data/Just_Images/Caucasian/Man/m.04y1b_0001.jpg,../images/test/data/Just_Images/Caucasian/Man/m.04y1b_0003.jpg,0.8720067739486694,1
../images/test/data/Just_Images/Caucasian/Man/m.02pkdyy_0002.jpg,../images/test/data/Just_Images/Caucasian/Man/m.02pkdyy_0004.jpg,0.8810739517211914,1
../images/test/data/Just_Images/Caucasian/Man/m.04b2l__0001.jpg,../images/test/data/Just_Images/Caucasian/Man/m.04b2l__0005.jpg,0.9251829385757446,1
../images/test/data/Just_Images/Caucasian/Woman/m.057454_0002.jpg,../images/test/data/Just_Images/Caucasian/Woman/m.057454_0003.jpg,0.7898901700973511,1
../images/test/data/Just_Images/Caucasian/Woman/m.07kyrd_0002.jpg,../images/test/data/Just_Images/Caucasian/Woman/m.07kyrd_0003.jpg,0.9550971984863281,1
../images/test/data/Just_Images/Caucasian/Woman/m.0410cp_0001.jpg,../images/test/data/Just_Images/Caucasian/Woman/m.0410cp_0004.jpg,0.8562012910842896,1
../images/test/data/Just_Images/Caucasian/Man/m.0c_zxg_0003.jpg,../images/test/data/Just_Images/Caucasian/Man/m.0c_zxg_0001.jpg,0.6811575889587402,1
../images/test/data/Just_Images/Caucasian/Woman/m.01mqgf_0001.jpg,../images/test/data/Just_Images/Caucasian/Woman/m.01mqgf_0002.jpg,0.9089804291725159,1
../images/test/data/Just_Images/Caucasian/Man/m.01g1zb_0002.jpg,../images/test/data/Just_Images/Caucasian/Man/m.01g1zb_0003.jpg,0.9119772911071777,1
../images/test/data/Just_Images/Caucasian/Woman/m.0ds2kym_0001.jpg,../images/test/data/Just_Images/Caucasian/Woman/m.0ds2kym_0002.jpg,0.9375077486038208,1
../images/test/data/Just_Images/Caucasian/Man/m.0jwr6z9_0001.jpg,../images/test/data/Just_Images/Caucasian/Man/m.0jwr6z9_0002.jpg,0.8483997583389282,1
../images/test/data/Just_Images/Caucasian/Man/m.04zynqz_0001.jpg,../images/test/data/Just_Images/Caucasian/Man/m.04zynqz_0003.jpg,0.7912453413009644,1
../images/test/data/Just_Images/Caucasian/Woman/m.09gp_gx_0001.jpg,../images/test/data/Just_Images/Caucasian/Woman/m.09gp_gx_0002.jpg,0.9319581985473633,1
../images/test/data/Just_Images/Caucasian/Man/m.048wxg_0003.jpg,../images/test/data/Just_Images/Caucasian/Man/m.048wxg_0002.jpg,0.8508371114730835,1
../images/test/data/Just_Images/Caucasian/Man/m.05zlk3__0004.jpg,../images/test/data/Just_Images/Caucasian/Man/m.05zlk3__0002.jpg,0.9103952646255493,1
../images/test/data/Just_Images/Caucasian/Man/m.09g_5r__0002.jpg,../images/test/data/Just_Images/Caucasian/Man/m.09g_5r__0003.jpg,0.9261398315429688,1
../images/test/data/Just_Images/Caucasian/Woman/m.0672x2_0001.jpg,../images/test/data/Just_Images/Caucasian/Woman/m.0672x2_0002.jpg,0.9029861092567444,1
../images/test/data/Just_Images/Caucasian/Man/m.0h950dj_0001.jpg,../images/test/data/Just_Images/Caucasian/Man/m.0h950dj_0003.jpg,0.8844972252845764,1
../images/test/data/Just_Images/Caucasian/Woman/m.027sndm_0003.jpg,../images/test/data/Just_Images/Caucasian/Woman/m.027sndm_0001.jpg,0.8695980310440063,1
../images/test/data/Just_Images/Caucasian/Woman/m.064l65f_0001.jpg,../images/test/data/Just_Images/Caucasian/Woman/m.064l65f_0003.jpg,0.931149959564209,1
../images/test/data/Just_Images/Caucasian/Man/m.04ct11t_0002.jpg,../images/test/data/Just_Images/Caucasian/Man/m.04ct11t_0003.jpg,0.8665549755096436,1
../images/test/data/Just_Images/Caucasian/Man/m.08l9m9_0002.jpg,../images/test/data/Just_Images/Caucasian/Man/m.08l9m9_0003.jpg,0.8396525382995605,1
../images/test/data/Just_Images/Caucasian/Man/m.02864f_0003.jpg,../images/test/data/Just_Images/Caucasian/Man/m.02864f_0001.jpg,0.8988853693008423,1
../images/test/data/Just_Images/Caucasian/Man/m.025zhs0_0001.jpg,../images/test/data/Just_Images/Caucasian/Man/m.025zhs0_0003.jpg,0.84001624584198,1
../images/test/data/Just_Images/Caucasian/Man/m.0k3k0z7_0002.jpg,../images/test/data/Just_Images/Caucasian/Man/m.0k3k0z7_0001.jpg,0.8576533794403076,1
../images/test/data/Just_Images/Caucasian/Man/m.04pvyz_0001.jpg,../images/test/data/Just_Images/Caucasian/Man/m.04pvyz_0003.jpg,0.8979576826095581,1
../images/test/data/Just_Images/Caucasian/Man/m.081lxk_0004.jpg,../images/test/data/Just_Images/Caucasian/Man/m.081lxk_0003.jpg,0.8998298645019531,1
../images/test/data/Just_Images/Caucasian/Man/m.08q94v_0002.jpg,../images/test/data/Just_Images/Caucasian/Man/m.08q94v_0001.jpg,0.9044819474220276,1
../images/test/data/Just_Images/Caucasian/Man/m.0gx2s9n_0002.jpg,../images/test/data/Just_Images/Caucasian/Man/m.0gx2s9n_0004.jpg,0.8426839113235474,1
../images/test/data/Just_Images/Caucasian/Woman/m.03r333_0002.jpg,../images/test/data/Just_Images/Caucasian/Woman/m.03r333_0003.jpg,0.9310312271118164,1
../images/test/data/Just_Images/Caucasian/Man/m.0347gw_0003.jpg,../images/test/data/Just_Images/Caucasian/Man/m.0347gw_0001.jpg,0.8698030114173889,1
../images/test/data/Just_Images/Caucasian/Man/m.070cmt_0005.jpg,../images/test/data/Just_Images/Caucasian/Man/m.070cmt_0002.jpg,0.8586293458938599,1
../images/test/data/Just_Images/Caucasian/Man/m.0cp95r_0001.jpg,../images/test/data/Just_Images/Caucasian/Man/m.0cp95r_0003.jpg,0.9071208238601685,1
../images/test/data/Just_Images/Caucasian/Woman/m.04g1vnf_0001.jpg,../images/test/data/Just_Images/Caucasian/Woman/m.04g1vnf_0003.jpg,0.9011639952659607,1
../images/test/data/Just_Images/Caucasian/Man/m.01wx66t_0002.jpg,../images/test/data/Just_Images/Caucasian/Man/m.01wx66t_0001.jpg,0.7451540231704712,1
../images/test/data/Just_Images/Caucasian/Woman/m.0j44svx_0003.jpg,../images/test/data/Just_Images/Caucasian/Woman/m.0j44svx_0002.jpg,0.9296635389328003,1
../images/test/data/Just_Images/Caucasian/Man/m.06fqnk_0002.jpg,../images/test/data/Just_Images/Caucasian/Man/m.06fqnk_0001.jpg,0.8393909931182861,1
../images/test/data/Just_Images/Caucasian/Woman/m.03cnx89_0001.jpg,../images/test/data/Just_Images/Caucasian/Woman/m.03cnx89_0003.jpg,0.8739914894104004,1
../images/test/data/Just_Images/Caucasian/Woman/m.0bxdvw_0002.jpg,../images/test/data/Just_Images/Caucasian/Woman/m.0bxdvw_0003.jpg,0.8531116247177124,1
../images/test/data/Just_Images/Caucasian/Woman/m.02q6t6j_0003.jpg,../images/test/data/Just_Images/Caucasian/Woman/m.02q6t6j_0004.jpg,0.9042141437530518,1
../images/test/data/Just_Images/Caucasian/Woman/m.03f6_jr_0004.jpg,../images/test/data/Just_Images/Caucasian/Woman/m.03f6_jr_0002.jpg,0.8666623830795288,1
../images/test/data/Just_Images/Caucasian/Woman/m.019l9q_0003.jpg,../images/test/data/Just_Images/Caucasian/Woman/m.019l9q_0001.jpg,0.8912143111228943,1
../images/test/data/Just_Images/Caucasian/Man/m.05txc4_0002.jpg,../images/test/data/Just_Images/Caucasian/Man/m.05txc4_0001.jpg,0.9099364280700684,1
../images/test/data/Just_Images/Caucasian/Man/m.01kx4h__0005.jpg,../images/test/data/Just_Images/Caucasian/Man/m.01kx4h__0003.jpg,0.8689496517181396,1
../images/test/data/Just_Images/Caucasian/Woman/m.01kxfvq_0004.jpg,../images/test/data/Just_Images/Caucasian/Woman/m.01kxfvq_0001.jpg,0.8342409729957581,1
../images/test/data/Just_Images/Caucasian/Man/m.053qc6_0002.jpg,../images/test/data/Just_Images/Caucasian/Man/m.053qc6_0003.jpg,0.8736593723297119,1
../images/test/data/Just_Images/Caucasian/Man/m.01w2hbq_0001.jpg,../images/test/data/Just_Images/Caucasian/Man/m.01w2hbq_0003.jpg,0.8882552981376648,1
../images/test/data/Just_Images/Caucasian/Man/m.0dd7tv_0004.jpg,../images/test/data/Just_Images/Caucasian/Man/m.0dd7tv_0001.jpg,0.8327740430831909,1
../images/test/data/Just_Images/Caucasian/Man/m.04xs8v_0004.jpg,../images/test/data/Just_Images/Caucasian/Man/m.04xs8v_0003.jpg,0.9007003307342529,1
../images/test/data/Just_Images/Caucasian/Woman/m.03m1q9_0001.jpg,../images/test/data/Just_Images/Caucasian/Woman/m.03m1q9_0004.jpg,0.924201250076294,1
../images/test/data/Just_Images/Caucasian/Man/m.02vxmw3_0002.jpg,../images/test/data/Just_Images/Caucasian/Man/m.02vxmw3_0003.jpg,0.9232766032218933,1
../images/test/data/Just_Images/Caucasian/Woman/m.0qtngg8_0001.jpg,../images/test/data/Just_Images/Caucasian/Woman/m.0qtngg8_0003.jpg,0.8920623064041138,1
../images/test/data/Just_Images/Caucasian/Man/m.05zrn1w_0002.jpg,../images/test/data/Just_Images/Caucasian/Man/m.05zrn1w_0003.jpg,0.8461257219314575,1
../images/test/data/Just_Images/Caucasian/Woman/m.03h4yg2_0003.jpg,../images/test/data/Just_Images/Caucasian/Woman/m.03h4yg2_0001.jpg,0.9498770236968994,1
../images/test/data/Just_Images/Caucasian/Man/m.0bxfq_0002.jpg,../images/test/data/Just_Images/Caucasian/Man/m.0bxfq_0001.jpg,0.8824781179428101,1
../images/test/data/Just_Images/Caucasian/Man/m.01vrpnp_0002.jpg,../images/test/data/Just_Images/Caucasian/Man/m.01vrpnp_0001.jpg,0.7856288552284241,1
../images/test/data/Just_Images/Caucasian/Man/m.07001l_0002.jpg,../images/test/data/Just_Images/Caucasian/Man/m.07001l_0001.jpg,0.8891884088516235,1
../images/test/data/Just_Images/Caucasian/Man/m.0krwnm_0002.jpg,../images/test/data/Just_Images/Caucasian/Man/m.0krwnm_0004.jpg,0.8805516362190247,1
../images/test/data/Just_Images/Caucasian/Man/m.09rs9vf_0002.jpg,../images/test/data/Just_Images/Caucasian/Man/m.09rs9vf_0001.jpg,0.7790435552597046,1
../images/test/data/Just_Images/Caucasian/Woman/m.09fb5_0002.jpg,../images/test/data/Just_Images/Caucasian/Woman/m.09fb5_0001.jpg,0.9048493504524231,1
../images/test/data/Just_Images/Caucasian/Man/m.08zw8n_0001.jpg,../images/test/data/Just_Images/Caucasian/Man/m.08zw8n_0003.jpg,0.8759028315544128,1
../images/test/data/Just_Images/Caucasian/Man/m.0k29vbc_0003.jpg,../images/test/data/Just_Images/Caucasian/Man/m.0k29vbc_0001.jpg,0.8021529316902161,1
../images/test/data/Just_Images/Caucasian/Man/m.01v526_0003.jpg,../images/test/data/Just_Images/Caucasian/Man/m.01v526_0004.jpg,0.9262334108352661,1
../images/test/data/Just_Images/Caucasian/Man/m.050phc_0001.jpg,../images/test/data/Just_Images/Caucasian/Man/m.050phc_0004.jpg,0.8727865219116211,1
../images/test/data/Just_Images/Caucasian/Man/m.04gnpyg_0001.jpg,../images/test/data/Just_Images/Caucasian/Man/m.04gnpyg_0003.jpg,0.8173215985298157,1
../images/test/data/Just_Images/Caucasian/Man/m.028bfp7_0004.jpg,../images/test/data/Just_Images/Caucasian/Man/m.028bfp7_0002.jpg,0.9292981028556824,1
../images/test/data/Just_Images/Caucasian/Man/m.02psq9c_0001.jpg,../images/test/data/Just_Images/Caucasian/Man/m.02psq9c_0002.jpg,0.7073928117752075,1
../images/test/data/Just_Images/Caucasian/Man/m.06dn4l_0003.jpg,../images/test/data/Just_Images/Caucasian/Man/m.06dn4l_0001.jpg,0.8679079413414001,1
../images/test/data/Just_Images/Caucasian/Woman/m.05p98bd_0004.jpg,../images/test/data/Just_Images/Caucasian/Woman/m.05p98bd_0003.jpg,0.792113721370697,1
../images/test/data/Just_Images/Caucasian/Man/m.096td_0003.jpg,../images/test/data/Just_Images/Caucasian/Man/m.096td_0004.jpg,0.908489465713501,1
../images/test/data/Just_Images/Caucasian/Woman/m.07jcbz_0002.jpg,../images/test/data/Just_Images/Caucasian/Woman/m.07jcbz_0001.jpg,0.9162987470626831,1
../images/test/data/Just_Images/Caucasian/Man/m.02pstft_0003.jpg,../images/test/data/Just_Images/Caucasian/Man/m.02pstft_0005.jpg,0.7876056432723999,1
../images/test/data/Just_Images/Caucasian/Man/m.026njl2_0001.jpg,../images/test/data/Just_Images/Caucasian/Man/m.026njl2_0003.jpg,0.8274421095848083,1
../images/test/data/Just_Images/Caucasian/Woman/m.0cmdjp2_0001.jpg,../images/test/data/Just_Images/Caucasian/Woman/m.0cmdjp2_0002.jpg,0.967531681060791,1
../images/test/data/Just_Images/Caucasian/Man/m.02q5kjt_0003.jpg,../images/test/data/Just_Images/Caucasian/Man/m.02q5kjt_0004.jpg,0.8324840068817139,1
../images/test/data/Just_Images/Caucasian/Man/m.036lz0_0003.jpg,../images/test/data/Just_Images/Caucasian/Man/m.036lz0_0004.jpg,0.7175196409225464,1
../images/test/data/Just_Images/Caucasian/Man/m.03czzzz_0004.jpg,../images/test/data/Just_Images/Caucasian/Man/m.03czzzz_0003.jpg,0.8822054266929626,1
../images/test/data/Just_Images/Caucasian/Man/m.0nk_k_0002.jpg,../images/test/data/Just_Images/Caucasian/Man/m.0nk_k_0001.jpg,0.8927505016326904,1
../images/test/data/Just_Images/Caucasian/Man/m.0415w2s_0003.jpg,../images/test/data/Just_Images/Caucasian/Man/m.0415w2s_0004.jpg,0.7143713235855103,1
../images/test/data/Just_Images/Caucasian/Man/m.0jt370x_0003.jpg,../images/test/data/Just_Images/Caucasian/Man/m.0jt370x_0001.jpg,0.8347995281219482,1
../images/test/data/Just_Images/Caucasian/Man/m.02w6dfc_0003.jpg,../images/test/data/Just_Images/Caucasian/Man/m.02w6dfc_0002.jpg,0.8910112380981445,1
../images/test/data/Just_Images/Caucasian/Man/m.07d9pg_0001.jpg,../images/test/data/Just_Images/Caucasian/Man/m.07d9pg_0002.jpg,0.893722414970398,1
../images/test/data/Just_Images/Caucasian/Man/m.01n18b_0002.jpg,../images/test/data/Just_Images/Caucasian/Man/m.01n18b_0004.jpg,0.9381908774375916,1
../images/test/data/Just_Images/Caucasian/Woman/m.0h6jx7_0001.jpg,../images/test/data/Just_Images/Caucasian/Woman/m.0h6jx7_0003.jpg,0.9310884475708008,1
../images/test/data/Just_Images/Caucasian/Woman/m.026kw4b_0001.jpg,../images/test/data/Just_Images/Caucasian/Woman/m.026kw4b_0004.jpg,0.8889846205711365,1
../images/test/data/Just_Images/Caucasian/Man/m.047md3x_0004.jpg,../images/test/data/Just_Images/Caucasian/Man/m.047md3x_0002.jpg,0.8852980136871338,1
../images/test/data/Just_Images/Caucasian/Woman/m.04ydhc0_0002.jpg,../images/test/data/Just_Images/Caucasian/Woman/m.04ydhc0_0004.jpg,0.9597676992416382,1
../images/test/data/Just_Images/Caucasian/Man/m.02nqdy_0004.jpg,../images/test/data/Just_Images/Caucasian/Man/m.02nqdy_0001.jpg,0.8779380321502686,1
../images/test/data/Just_Images/Caucasian/Man/m.02pc9l4_0005.jpg,../images/test/data/Just_Images/Caucasian/Man/m.02pc9l4_0004.jpg,0.7818166613578796,1
../images/test/data/Just_Images/Caucasian/Woman/m.0crk70_0002.jpg,../images/test/data/Just_Images/Caucasian/Woman/m.0crk70_0004.jpg,0.9182336330413818,1
../images/test/data/Just_Images/Caucasian/Woman/m.085b_x_0003.jpg,../images/test/data/Just_Images/Caucasian/Woman/m.085b_x_0002.jpg,0.9097568988800049,1
../images/test/data/Just_Images/Caucasian/Man/m.02qw0c4_0004.jpg,../images/test/data/Just_Images/Caucasian/Man/m.02qw0c4_0002.jpg,0.9742247462272644,1
../images/test/data/Just_Images/Caucasian/Man/m.0bh9pqh_0002.jpg,../images/test/data/Just_Images/Caucasian/Man/m.0bh9pqh_0005.jpg,0.7780419588088989,1
../images/test/data/Just_Images/Caucasian/Man/m.0d5lk_0002.jpg,../images/test/data/Just_Images/Caucasian/Man/m.0d5lk_0001.jpg,0.8939688205718994,1
../images/test/data/Just_Images/Caucasian/Man/m.0bvy7xr_0002.jpg,../images/test/data/Just_Images/Caucasian/Man/m.0bvy7xr_0003.jpg,0.9074139595031738,1
../images/test/data/Just_Images/Caucasian/Woman/m.0983_n_0001.jpg,../images/test/data/Just_Images/Caucasian/Woman/m.0983_n_0002.jpg,0.9312859773635864,1
../images/test/data/Just_Images/Caucasian/Woman/m.0h3sj3n_0002.jpg,../images/test/data/Just_Images/Caucasian/Woman/m.0h3sj3n_0001.jpg,0.8595025539398193,1
../images/test/data/Just_Images/Caucasian/Man/m.0k014_0002.jpg,../images/test/data/Just_Images/Caucasian/Man/m.0k014_0003.jpg,0.9387587308883667,1
../images/test/data/Just_Images/Caucasian/Man/m.0cm12j_0001.jpg,../images/test/data/Just_Images/Caucasian/Man/m.0cm12j_0002.jpg,0.9193266034126282,1
../images/test/data/Just_Images/Caucasian/Man/m.09c2bf_0001.jpg,../images/test/data/Just_Images/Caucasian/Man/m.09c2bf_0002.jpg,0.9295012950897217,1
../images/test/data/Just_Images/Caucasian/Man/m.02d9q6_0003.jpg,../images/test/data/Just_Images/Caucasian/Man/m.02d9q6_0001.jpg,0.9160717129707336,1
../images/test/data/Just_Images/Caucasian/Man/m.03wh5yj_0001.jpg,../images/test/data/Just_Images/Caucasian/Man/m.03wh5yj_0002.jpg,0.8551570177078247,1
../images/test/data/Just_Images/Caucasian/Man/m.02pwbf1_0006.jpg,../images/test/data/Just_Images/Caucasian/Man/m.02pwbf1_0001.jpg,0.8067088723182678,1
../images/test/data/Just_Images/Caucasian/Man/m.01jzlj_0002.jpg,../images/test/data/Just_Images/Caucasian/Man/m.01jzlj_0003.jpg,0.8512336611747742,1
../images/test/data/Just_Images/Caucasian/Man/m.04zxz43_0002.jpg,../images/test/data/Just_Images/Caucasian/Man/m.04zxz43_0001.jpg,0.8214216232299805,1
../images/test/data/Just_Images/Caucasian/Woman/m.0lpx2_0003.jpg,../images/test/data/Just_Images/Caucasian/Woman/m.0lpx2_0001.jpg,0.9216795563697815,1
../images/test/data/Just_Images/Caucasian/Man/m.06w2rl_0003.jpg,../images/test/data/Just_Images/Caucasian/Man/m.06w2rl_0004.jpg,0.8617866039276123,1
../images/test/data/Just_Images/Caucasian/Man/m.0269fgs_0001.jpg,../images/test/data/Just_Images/Caucasian/Man/m.0269fgs_0003.jpg,0.8927980661392212,1
../images/test/data/Just_Images/Caucasian/Man/m.0d4k4y_0002.jpg,../images/test/data/Just_Images/Caucasian/Man/m.0d4k4y_0001.jpg,0.8845309019088745,1
../images/test/data/Just_Images/Caucasian/Man/m.02llzy_0003.jpg,../images/test/data/Just_Images/Caucasian/Man/m.02llzy_0001.jpg,0.7568454742431641,1
../images/test/data/Just_Images/Caucasian/Man/m.070hf5_0002.jpg,../images/test/data/Just_Images/Caucasian/Man/m.070hf5_0001.jpg,0.827549159526825,1
../images/test/data/Just_Images/Caucasian/Man/m.01qtvnk_0001.jpg,../images/test/data/Just_Images/Caucasian/Man/m.01qtvnk_0003.jpg,0.7981972694396973,1
../images/test/data/Just_Images/Caucasian/Woman/m.02tqcw_0002.jpg,../images/test/data/Just_Images/Caucasian/Woman/m.02tqcw_0001.jpg,0.7558778524398804,1
../images/test/data/Just_Images/Caucasian/Woman/m.07k9qf1_0002.jpg,../images/test/data/Just_Images/Caucasian/Woman/m.07k9qf1_0003.jpg,0.8646321296691895,1
../images/test/data/Just_Images/Caucasian/Man/m.0bq7m_0001.jpg,../images/test/data/Just_Images/Caucasian/Man/m.0bq7m_0002.jpg,0.8509687185287476,1
../images/test/data/Just_Images/Caucasian/Man/m.03mkb3_0003.jpg,../images/test/data/Just_Images/Caucasian/Man/m.03mkb3_0001.jpg,0.7979573607444763,1
../images/test/data/Just_Images/Caucasian/Woman/m.0n_kftf_0001.jpg,../images/test/data/Just_Images/Caucasian/Woman/m.0n_kftf_0002.jpg,0.9547314643859863,1
../images/test/data/Just_Images/Caucasian/Man/m.02j9g_0002.jpg,../images/test/data/Just_Images/Caucasian/Man/m.02j9g_0003.jpg,0.8855579495429993,1
../images/test/data/Just_Images/Caucasian/Man/m.03q4y7_0003.jpg,../images/test/data/Just_Images/Caucasian/Man/m.03q4y7_0001.jpg,0.9328750371932983,1
../images/test/data/Just_Images/Caucasian/Man/m.02sh8y_0002.jpg,../images/test/data/Just_Images/Caucasian/Man/m.02sh8y_0003.jpg,0.9236912131309509,1
../images/test/data/Just_Images/Caucasian/Man/m.01w495d_0001.jpg,../images/test/data/Just_Images/Caucasian/Man/m.01w495d_0004.jpg,0.7872775793075562,1
../images/test/data/Just_Images/Caucasian/Man/m.07ct8v_0002.jpg,../images/test/data/Just_Images/Caucasian/Man/m.07ct8v_0001.jpg,0.8519558906555176,1
../images/test/data/Just_Images/Caucasian/Man/m.07s9ymt_0002.jpg,../images/test/data/Just_Images/Caucasian/Man/m.07s9ymt_0004.jpg,0.8680583238601685,1
../images/test/data/Just_Images/Caucasian/Man/m.05q6vt8_0003.jpg,../images/test/data/Just_Images/Caucasian/Man/m.05q6vt8_0001.jpg,0.844566822052002,1
../images/test/data/Just_Images/Caucasian/Man/m.01wmdh_0001.jpg,../images/test/data/Just_Images/Caucasian/Man/m.01wmdh_0003.jpg,0.9320118427276611,1
../images/test/data/Just_Images/Caucasian/Man/m.07m65l_0003.jpg,../images/test/data/Just_Images/Caucasian/Man/m.07m65l_0001.jpg,0.910781741142273,1
../images/test/data/Just_Images/Caucasian/Man/m.0cm8rrs_0001.jpg,../images/test/data/Just_Images/Caucasian/Man/m.0cm8rrs_0003.jpg,0.7873581647872925,1
../images/test/data/Just_Images/Caucasian/Man/m.043hg_0001.jpg,../images/test/data/Just_Images/Caucasian/Man/m.043hg_0003.jpg,0.8791543245315552,1
../images/test/data/Just_Images/Caucasian/Man/m.047bmyn_0001.jpg,../images/test/data/Just_Images/Caucasian/Man/m.047bmyn_0003.jpg,0.8772182464599609,1
../images/test/data/Just_Images/Caucasian/Man/m.05xym__0003.jpg,../images/test/data/Just_Images/Caucasian/Man/m.05xym__0002.jpg,0.9141286611557007,1
../images/test/data/Just_Images/Caucasian/Man/m.065wxv_0001.jpg,../images/test/data/Just_Images/Caucasian/Man/m.065wxv_0003.jpg,0.8636364936828613,1
../images/test/data/Just_Images/Caucasian/Man/m.05n8ln_0002.jpg,../images/test/data/Just_Images/Caucasian/Man/m.05n8ln_0001.jpg,0.8926160335540771,1
../images/test/data/Just_Images/Caucasian/Woman/m.0bmbpsc_0002.jpg,../images/test/data/Just_Images/Caucasian/Woman/m.0bmbpsc_0003.jpg,0.9290798902511597,1
../images/test/data/Just_Images/Caucasian/Man/m.02nz8f_0003.jpg,../images/test/data/Just_Images/Caucasian/Man/m.02nz8f_0002.jpg,0.8371996879577637,1
../images/test/data/Just_Images/Caucasian/Man/m.0csgdr_0001.jpg,../images/test/data/Just_Images/Caucasian/Man/m.0csgdr_0002.jpg,0.8444758057594299,1
../images/test/data/Just_Images/Caucasian/Man/m.036w72_0002.jpg,../images/test/data/Just_Images/Caucasian/Man/m.06_wwsd_0002.jpg,0.8991144895553589,0
../images/test/data/Just_Images/Caucasian/Man/m.0187qd_0004.jpg,../images/test/data/Just_Images/Caucasian/Man/m.04d50l_0005.jpg,0.8791007399559021,0
../images/test/data/Just_Images/Caucasian/Man/m.09rscjd_0002.jpg,../images/test/data/Just_Images/Caucasian/Man/m.0kchtv8_0001.jpg,0.774429440498352,0
../images/test/data/Just_Images/Caucasian/Woman/m.0qb55z6_0002.jpg,../images/test/data/Just_Images/Caucasian/Man/m.01d9m2_0004.jpg,0.8285269737243652,0
../images/test/data/Just_Images/Caucasian/Man/m.01ljk0w_0001.jpg,../images/test/data/Just_Images/Caucasian/Woman/m.0d8_cf_0001.jpg,0.8860160112380981,0
../images/test/data/Just_Images/Caucasian/Man/m.0h_dcjr_0004.jpg,../images/test/data/Just_Images/Caucasian/Man/m.0jsfs9k_0005.jpg,0.8735281229019165,0
../images/test/data/Just_Images/Caucasian/Woman/m.092fmj_0003.jpg,../images/test/data/Just_Images/Caucasian/Man/m.02qhwqv_0001.jpg,0.9114350080490112,0
../images/test/data/Just_Images/Caucasian/Man/m.08lnh1_0001.jpg,../images/test/data/Just_Images/Caucasian/Woman/m.0cxxn6_0005.jpg,0.8491514325141907,0
../images/test/data/Just_Images/Caucasian/Man/m.01sbxsm_0002.jpg,../images/test/data/Just_Images/Caucasian/Woman/m.04tv8s_0003.jpg,0.856804609298706,0
../images/test/data/Just_Images/Caucasian/Man/m.053158_0003.jpg,../images/test/data/Just_Images/Caucasian/Woman/m.03h1yrz_0003.jpg,0.9181169271469116,0
../images/test/data/Just_Images/Caucasian/Man/m.01my3sw_0004.jpg,../images/test/data/Just_Images/Caucasian/Man/m.01kdft_0004.jpg,0.8537694215774536,0
../images/test/data/Just_Images/Caucasian/Man/m.0gx_3lk_0001.jpg,../images/test/data/Just_Images/Caucasian/Man/m.02hdth_0003.jpg,0.8717600703239441,0
../images/test/data/Just_Images/Caucasian/Man/m.0gp43r_0002.jpg,../images/test/data/Just_Images/Caucasian/Man/m.0746mr_0001.jpg,0.8391974568367004,0
../images/test/data/Just_Images/Caucasian/Man/m.02hdth_0002.jpg,../images/test/data/Just_Images/Caucasian/Man/m.03bl_w_0003.jpg,0.9054453372955322,0
../images/test/data/Just_Images/Caucasian/Man/m.0h_9kyw_0002.jpg,../images/test/data/Just_Images/Caucasian/Man/m.07_7fx_0004.jpg,0.9138647317886353,0
../images/test/data/Just_Images/Caucasian/Man/m.025zhs0_0004.jpg,../images/test/data/Just_Images/Caucasian/Man/m.0bctcv_0004.jpg,0.8894842863082886,0
../images/test/data/Just_Images/Caucasian/Man/m.038s0n_0002.jpg,../images/test/data/Just_Images/Caucasian/Man/m.0drv7r_0004.jpg,0.8643854856491089,0
../images/test/data/Just_Images/Caucasian/Man/m.0d8p3__0004.jpg,../images/test/data/Just_Images/Caucasian/Man/m.0d5lk_0005.jpg,0.8798681497573853,0
../images/test/data/Just_Images/Caucasian/Man/m.047by6p_0005.jpg,../images/test/data/Just_Images/Caucasian/Man/m.0dtbs0_0002.jpg,0.8915635347366333,0
../images/test/data/Just_Images/Caucasian/Man/m.04062k__0003.jpg,../images/test/data/Just_Images/Caucasian/Woman/m.02wcg9p_0004.jpg,0.8548660278320312,0
../images/test/data/Just_Images/Caucasian/Man/m.01mvhpl_0003.jpg,../images/test/data/Just_Images/Caucasian/Man/m.0234bw_0002.jpg,0.7901724576950073,0
../images/test/data/Just_Images/Caucasian/Man/m.028ht5_0003.jpg,../images/test/data/Just_Images/Caucasian/Man/m.01l4syf_0002.jpg,0.6792138814926147,0
../images/test/data/Just_Images/Caucasian/Man/m.02psq9c_0002.jpg,../images/test/data/Just_Images/Caucasian/Man/m.03cf1r_0001.jpg,0.7376177310943604,0
../images/test/data/Just_Images/Caucasian/Man/m.0j447yb_0002.jpg,../images/test/data/Just_Images/Caucasian/Man/m.05pbbnj_0004.jpg,0.9056987762451172,0
../images/test/data/Just_Images/Caucasian/Woman/m.094xh_0002.jpg,../images/test/data/Just_Images/Caucasian/Man/m.086133_0002.jpg,0.841865062713623,0
../images/test/data/Just_Images/Caucasian/Woman/m.03bz0xh_0003.jpg,../images/test/data/Just_Images/Caucasian/Man/m.01q810_0003.jpg,0.8829185366630554,0
../images/test/data/Just_Images/Caucasian/Man/m.07ldj3_0002.jpg,../images/test/data/Just_Images/Caucasian/Man/m.024kx8_0003.jpg,0.9211761951446533,0
../images/test/data/Just_Images/Caucasian/Woman/m.0g57v7j_0002.jpg,../images/test/data/Just_Images/Caucasian/Man/m.05ynsz_0002.jpg,0.761969268321991,0
../images/test/data/Just_Images/Caucasian/Woman/m.0bwz1l_0002.jpg,../images/test/data/Just_Images/Caucasian/Man/m.07vypw_0003.jpg,0.8543088436126709,0
../images/test/data/Just_Images/Caucasian/Man/m.0769sd_0002.jpg,../images/test/data/Just_Images/Caucasian/Man/m.08ylxl_0002.jpg,0.8788919448852539,0
../images/test/data/Just_Images/Caucasian/Man/m.05y_48_0004.jpg,../images/test/data/Just_Images/Caucasian/Woman/m.08mrr0_0002.jpg,0.9398974776268005,0
../images/test/data/Just_Images/Caucasian/Man/m.025yv1m_0001.jpg,../images/test/data/Just_Images/Caucasian/Man/m.0rytzv1_0003.jpg,0.8178642988204956,0
../images/test/data/Just_Images/Caucasian/Man/m.05p36x1_0003.jpg,../images/test/data/Just_Images/Caucasian/Man/m.09592__0003.jpg,0.8482799530029297,0
../images/test/data/Just_Images/Caucasian/Man/m.048l20_0003.jpg,../images/test/data/Just_Images/Caucasian/Woman/m.027ylw_0003.jpg,0.9114037156105042,0
../images/test/data/Just_Images/Caucasian/Woman/m.0cqj2v_0003.jpg,../images/test/data/Just_Images/Caucasian/Man/m.047md3x_0004.jpg,0.8173432946205139,0
../images/test/data/Just_Images/Caucasian/Man/m.0bs90ts_0001.jpg,../images/test/data/Just_Images/Caucasian/Man/m.04n12ty_0006.jpg,0.8742727637290955,0
../images/test/data/Just_Images/Caucasian/Man/m.08wpfw_0001.jpg,../images/test/data/Just_Images/Caucasian/Man/m.015076_0005.jpg,0.9140360355377197,0
../images/test/data/Just_Images/Caucasian/Woman/m.027ff1c_0002.jpg,../images/test/data/Just_Images/Caucasian/Man/m.02q5s41_0001.jpg,0.866852879524231,0
../images/test/data/Just_Images/Caucasian/Man/m.03c2x_h_0002.jpg,../images/test/data/Just_Images/Caucasian/Man/m.05c11d5_0004.jpg,0.9210206270217896,0
../images/test/data/Just_Images/Caucasian/Man/m.0gcxbt6_0002.jpg,../images/test/data/Just_Images/Caucasian/Man/m.0fn9m8_0002.jpg,0.9277175664901733,0
../images/test/data/Just_Images/Caucasian/Man/m.0465cbx_0002.jpg,../images/test/data/Just_Images/Caucasian/Man/m.0d5_f_0002.jpg,0.889606237411499,0
../images/test/data/Just_Images/Caucasian/Man/m.03mbjgj_0002.jpg,../images/test/data/Just_Images/Caucasian/Man/m.05zp39m_0001.jpg,0.8661229610443115,0
../images/test/data/Just_Images/Caucasian/Man/m.0h3t5zv_0002.jpg,../images/test/data/Just_Images/Caucasian/Man/m.020sr8_0003.jpg,0.7803447246551514,0
../images/test/data/Just_Images/Caucasian/Woman/m.047c4t_0003.jpg,../images/test/data/Just_Images/Caucasian/Man/m.027s9kg_0002.jpg,0.9085385799407959,0
../images/test/data/Just_Images/Caucasian/Man/m.043qy01_0002.jpg,../images/test/data/Just_Images/Caucasian/Man/m.027jg2__0002.jpg,0.895320475101471,0
../images/test/data/Just_Images/Caucasian/Woman/m.060d5l_0003.jpg,../images/test/data/Just_Images/Caucasian/Man/m.0nbtxf1_0003.jpg,0.8205199241638184,0
../images/test/data/Just_Images/Caucasian/Man/m.02hcs_0002.jpg,../images/test/data/Just_Images/Caucasian/Woman/m.0bqqv_0004.jpg,0.8945328593254089,0
../images/test/data/Just_Images/Caucasian/Woman/m.026kw4b_0002.jpg,../images/test/data/Just_Images/Caucasian/Woman/m.0crm6l_0002.jpg,0.8788959383964539,0
../images/test/data/Just_Images/Caucasian/Man/m.01v42g_0002.jpg,../images/test/data/Just_Images/Caucasian/Man/m.027h21l_0001.jpg,0.9221398830413818,0
../images/test/data/Just_Images/Caucasian/Man/m.0j45msp_0004.jpg,../images/test/data/Just_Images/Caucasian/Man/m.03yv98_0002.jpg,0.9153352975845337,0
../images/test/data/Just_Images/Caucasian/Man/m.04y70v_0001.jpg,../images/test/data/Just_Images/Caucasian/Man/m.096yh_0004.jpg,0.77109694480896,0
../images/test/data/Just_Images/Caucasian/Man/m.01ny3c_0002.jpg,../images/test/data/Just_Images/Caucasian/Man/m.0g67jh_0001.jpg,0.894451916217804,0
../images/test/data/Just_Images/Caucasian/Woman/m.02z35g0_0003.jpg,../images/test/data/Just_Images/Caucasian/Man/m.026j9j3_0002.jpg,0.9132740497589111,0
../images/test/data/Just_Images/Caucasian/Woman/m.02qf_k6_0003.jpg,../images/test/data/Just_Images/Caucasian/Man/m.0gh6vf1_0002.jpg,0.8164751529693604,0
../images/test/data/Just_Images/Caucasian/Man/m.0p_2r_0002.jpg,../images/test/data/Just_Images/Caucasian/Woman/m.01lgdc_0001.jpg,0.9445542097091675,0
../images/test/data/Just_Images/Caucasian/Woman/m.060gwl_0001.jpg,../images/test/data/Just_Images/Caucasian/Man/m.05nhmn_0003.jpg,0.8350284099578857,0
../images/test/data/Just_Images/Caucasian/Woman/m.0d69k__0002.jpg,../images/test/data/Just_Images/Caucasian/Man/m.030xd_0004.jpg,0.8410959839820862,0
../images/test/data/Just_Images/Caucasian/Man/m.09jfhz_0003.jpg,../images/test/data/Just_Images/Caucasian/Man/m.04k4jh_0002.jpg,0.8403209447860718,0
../images/test/data/Just_Images/Caucasian/Man/m.05n8ln_0004.jpg,../images/test/data/Just_Images/Caucasian/Man/m.0271yq_0005.jpg,0.8535110950469971,0
../images/test/data/Just_Images/Caucasian/Man/m.05nqz8_0003.jpg,../images/test/data/Just_Images/Caucasian/Man/m.0g9zt_w_0004.jpg,0.7905871868133545,0
../images/test/data/Just_Images/Caucasian/Man/m.09sxc1_0001.jpg,../images/test/data/Just_Images/Caucasian/Man/m.09gdn38_0001.jpg,0.7482147216796875,0
../images/test/data/Just_Images/Caucasian/Man/m.0g2mf1_0004.jpg,../images/test/data/Just_Images/Caucasian/Man/m.01d8v3_0002.jpg,0.8778655529022217,0
../images/test/data/Just_Images/Caucasian/Man/m.04ydqk2_0001.jpg,../images/test/data/Just_Images/Caucasian/Man/m.09d2q6_0002.jpg,0.9036980867385864,0
../images/test/data/Just_Images/Caucasian/Man/m.0hvwn_0003.jpg,../images/test/data/Just_Images/Caucasian/Man/m.0416x13_0001.jpg,0.8541443347930908,0
../images/test/data/Just_Images/Caucasian/Man/m.094_1r_0001.jpg,../images/test/data/Just_Images/Caucasian/Man/m.0g9v2lq_0002.jpg,0.7637954950332642,0
../images/test/data/Just_Images/Caucasian/Woman/m.07z7vt_0001.jpg,../images/test/data/Just_Images/Caucasian/Man/m.04n0wn__0002.jpg,0.8690405488014221,0
../images/test/data/Just_Images/Caucasian/Man/m.0h2ftf_0002.jpg,../images/test/data/Just_Images/Caucasian/Woman/m.014nfw_0005.jpg,0.7873537540435791,0
../images/test/data/Just_Images/Caucasian/Man/m.0c2fvr_0004.jpg,../images/test/data/Just_Images/Caucasian/Man/m.0402tg_0002.jpg,0.932935357093811,0
../images/test/data/Just_Images/Caucasian/Man/m.01lb3wy_0005.jpg,../images/test/data/Just_Images/Caucasian/Man/m.08gyz8_0003.jpg,0.8385790586471558,0
../images/test/data/Just_Images/Caucasian/Woman/m.09v5jqn_0004.jpg,../images/test/data/Just_Images/Caucasian/Man/m.0gx2s9n_0003.jpg,0.851988673210144,0
../images/test/data/Just_Images/Caucasian/Man/m.05mtwt_0001.jpg,../images/test/data/Just_Images/Caucasian/Man/m.0k014_0003.jpg,0.8780431747436523,0
../images/test/data/Just_Images/Caucasian/Man/m.06q1jt_0004.jpg,../images/test/data/Just_Images/Caucasian/Woman/m.02vn7m9_0003.jpg,0.8703807592391968,0
../images/test/data/Just_Images/Caucasian/Man/m.015qty_0002.jpg,../images/test/data/Just_Images/Caucasian/Man/m.01mc7k7_0002.jpg,0.8017010688781738,0
../images/test/data/Just_Images/Caucasian/Man/m.03vzbr_0001.jpg,../images/test/data/Just_Images/Caucasian/Man/m.04k7yy_0001.jpg,0.8746846914291382,0
../images/test/data/Just_Images/Caucasian/Man/m.05szhj2_0003.jpg,../images/test/data/Just_Images/Caucasian/Man/m.066m4g_0002.jpg,0.8458327054977417,0
../images/test/data/Just_Images/Caucasian/Woman/m.0bgwxt_0005.jpg,../images/test/data/Just_Images/Caucasian/Man/m.026clqp_0001.jpg,0.9137750267982483,0
../images/test/data/Just_Images/Caucasian/Woman/m.03qk847_0003.jpg,../images/test/data/Just_Images/Caucasian/Woman/m.0cc6nc_0002.jpg,0.9338135719299316,0
../images/test/data/Just_Images/Caucasian/Man/m.040539_0002.jpg,../images/test/data/Just_Images/Caucasian/Man/m.026njl2_0006.jpg,0.8805657625198364,0
../images/test/data/Just_Images/Caucasian/Man/m.01564j_0002.jpg,../images/test/data/Just_Images/Caucasian/Man/m.04gtd0j_0004.jpg,0.9357938170433044,0
../images/test/data/Just_Images/Caucasian/Man/m.03ms85_0003.jpg,../images/test/data/Just_Images/Caucasian/Man/m.0dlfjj_0006.jpg,0.773438036441803,0
../images/test/data/Just_Images/Caucasian/Man/m.0j44_4b_0001.jpg,../images/test/data/Just_Images/Caucasian/Man/m.08dgms_0004.jpg,0.8487087488174438,0
../images/test/data/Just_Images/Caucasian/Man/m.02vxmw3_0002.jpg,../images/test/data/Just_Images/Caucasian/Man/m.07c9z5_0002.jpg,0.8338702917098999,0
../images/test/data/Just_Images/Caucasian/Man/m.07y23k_0001.jpg,../images/test/data/Just_Images/Caucasian/Man/m.027q3qg_0003.jpg,0.9122687578201294,0
../images/test/data/Just_Images/Caucasian/Man/m.0555z_0003.jpg,../images/test/data/Just_Images/Caucasian/Man/m.062g4l_0004.jpg,0.900813639163971,0
../images/test/data/Just_Images/Caucasian/Man/m.01ttym5_0001.jpg,../images/test/data/Just_Images/Caucasian/Woman/m.031bsz_0001.jpg,0.9294427037239075,0
../images/test/data/Just_Images/Caucasian/Man/m.0gdkzp2_0003.jpg,../images/test/data/Just_Images/Caucasian/Man/m.04zbq8_0004.jpg,0.8141145706176758,0
../images/test/data/Just_Images/Caucasian/Man/m.020sr8_0003.jpg,../images/test/data/Just_Images/Caucasian/Man/m.05h55p7_0002.jpg,0.7874161601066589,0
../images/test/data/Just_Images/Caucasian/Man/m.06mf7y_0001.jpg,../images/test/data/Just_Images/Caucasian/Man/m.0dc6nt_0004.jpg,0.9239664077758789,0
../images/test/data/Just_Images/Caucasian/Man/m.05y4f__0002.jpg,../images/test/data/Just_Images/Caucasian/Man/m.08093s1_0001.jpg,0.8943716883659363,0
../images/test/data/Just_Images/Caucasian/Woman/m.02z4v2w_0001.jpg,../images/test/data/Just_Images/Caucasian/Man/m.06ck88_0002.jpg,0.8825773000717163,0
../images/test/data/Just_Images/Caucasian/Man/m.07zy82_0001.jpg,../images/test/data/Just_Images/Caucasian/Man/m.0gg54b_0004.jpg,0.9100189208984375,0
../images/test/data/Just_Images/Caucasian/Man/m.021kpl_0001.jpg,../images/test/data/Just_Images/Caucasian/Man/m.01n0nh_0004.jpg,0.7732264399528503,0
../images/test/data/Just_Images/Caucasian/Man/m.07_7fx_0001.jpg,../images/test/data/Just_Images/Caucasian/Woman/m.04y6xwf_0002.jpg,0.8376055359840393,0
../images/test/data/Just_Images/Caucasian/Woman/m.0drwqtn_0003.jpg,../images/test/data/Just_Images/Caucasian/Woman/m.040qc7_0003.jpg,0.8604922294616699,0
../images/test/data/Just_Images/Caucasian/Man/m.027xrq_0001.jpg,../images/test/data/Just_Images/Caucasian/Woman/m.0dsbtd1_0005.jpg,0.9357752799987793,0
../images/test/data/Just_Images/Caucasian/Man/m.0rpg459_0003.jpg,../images/test/data/Just_Images/Caucasian/Man/m.01vgcd6_0001.jpg,0.9070934057235718,0
../images/test/data/Just_Images/Caucasian/Man/m.036_rc_0003.jpg,../images/test/data/Just_Images/Caucasian/Man/m.02lyx4_0002.jpg,0.9457080364227295,0
../images/test/data/Just_Images/Caucasian/Woman/m.01kxfvq_0003.jpg,../images/test/data/Just_Images/Caucasian/Woman/m.0gjc6m0_0005.jpg,0.9316726326942444,0
../images/test/data/Just_Images/Caucasian/Man/m.055pfp_0001.jpg,../images/test/data/Just_Images/Caucasian/Man/m.02kbh4_0002.jpg,0.7837015986442566,0
../images/test/data/Just_Images/Caucasian/Man/m.03m8xys_0001.jpg,../images/test/data/Just_Images/Caucasian/Man/m.08d9qf_0002.jpg,0.9132768511772156,0
../images/test/data/Just_Images/Caucasian/Man/m.076tz6w_0002.jpg,../images/test/data/Just_Images/Caucasian/Woman/m.05zt0d4_0003.jpg,0.8761422634124756,0
../images/test/data/Just_Images/Caucasian/Man/m.0kk4q_0003.jpg,../images/test/data/Just_Images/Caucasian/Man/m.087x6z_0002.jpg,0.8749022483825684,0
../images/test/data/Just_Images/Caucasian/Woman/m.05pgt1_0001.jpg,../images/test/data/Just_Images/Caucasian/Man/m.06zt7p8_0003.jpg,0.8169175386428833,0
../images/test/data/Just_Images/Caucasian/Man/m.02w20rn_0001.jpg,../images/test/data/Just_Images/Caucasian/Man/m.06w5yn_0004.jpg,0.9417101144790649,0
../images/test/data/Just_Images/Caucasian/Man/m.04pck2_0004.jpg,../images/test/data/Just_Images/Caucasian/Man/m.0dg0v6_0003.jpg,0.7579789757728577,0
../images/test/data/Just_Images/Caucasian/Woman/m.04ydhc0_0001.jpg,../images/test/data/Just_Images/Caucasian/Woman/m.04pdlf_0007.jpg,0.9477712512016296,0
../images/test/data/Just_Images/Caucasian/Woman/m.0h3wypc_0004.jpg,../images/test/data/Just_Images/Caucasian/Man/m.0cn0l7_0002.jpg,0.8494167327880859,0
../images/test/data/Just_Images/Caucasian/Man/m.03c2spd_0003.jpg,../images/test/data/Just_Images/Caucasian/Man/m.04wvhm_0002.jpg,0.8846513032913208,0
../images/test/data/Just_Images/Caucasian/Man/m.062zv9_0002.jpg,../images/test/data/Just_Images/Caucasian/Man/m.03qgk5p_0001.jpg,0.788990318775177,0
../images/test/data/Just_Images/Caucasian/Man/m.03ydsb_0001.jpg,../images/test/data/Just_Images/Caucasian/Man/m.07twdn_0003.jpg,0.8489842414855957,0
../images/test/data/Just_Images/Caucasian/Woman/m.09j60t3_0002.jpg,../images/test/data/Just_Images/Caucasian/Man/m.04n6r7_0002.jpg,0.8777601718902588,0
../images/test/data/Just_Images/Caucasian/Woman/m.03yh_sw_0003.jpg,../images/test/data/Just_Images/Caucasian/Woman/m.01pvywj_0002.jpg,0.908760666847229,0
../images/test/data/Just_Images/Caucasian/Woman/m.095pb1_0002.jpg,../images/test/data/Just_Images/Caucasian/Man/m.016lb3_0001.jpg,0.869395911693573,0
../images/test/data/Just_Images/Caucasian/Man/m.07nlcf_0004.jpg,../images/test/data/Just_Images/Caucasian/Man/m.04f1wxr_0003.jpg,0.9106250405311584,0
../images/test/data/Just_Images/Caucasian/Woman/m.02qq_f2_0001.jpg,../images/test/data/Just_Images/Caucasian/Man/m.07tm2y_0003.jpg,0.9174241423606873,0
../images/test/data/Just_Images/Caucasian/Man/m.0412chs_0001.jpg,../images/test/data/Just_Images/Caucasian/Man/m.05jyjn_0002.jpg,0.8763388395309448,0
../images/test/data/Just_Images/Caucasian/Man/m.03m_77_0001.jpg,../images/test/data/Just_Images/Caucasian/Man/m.04pr7x_0002.jpg,0.818162739276886,0
../images/test/data/Just_Images/Caucasian/Man/m.08rswk_0002.jpg,../images/test/data/Just_Images/Caucasian/Man/m.0c3bq1_0001.jpg,0.7776708602905273,0
../images/test/data/Just_Images/Caucasian/Woman/m.02wcd14_0004.jpg,../images/test/data/Just_Images/Caucasian/Woman/m.0bryrk4_0003.jpg,0.8911013603210449,0
../images/test/data/Just_Images/Caucasian/Man/m.05z_hdm_0003.jpg,../images/test/data/Just_Images/Caucasian/Man/m.04lqls_0001.jpg,0.8340004086494446,0
../images/test/data/Just_Images/Caucasian/Man/m.05zprqz_0001.jpg,../images/test/data/Just_Images/Caucasian/Woman/m.0fphssd_0002.jpg,0.8483682870864868,0
../images/test/data/Just_Images/Caucasian/Woman/m.0gsksn_0001.jpg,../images/test/data/Just_Images/Caucasian/Man/m.03qftfq_0001.jpg,0.8774885535240173,0
../images/test/data/Just_Images/Caucasian/Woman/m.04ybxxh_0004.jpg,../images/test/data/Just_Images/Caucasian/Man/m.0dw37f_0004.jpg,0.831895112991333,0
../images/test/data/Just_Images/Caucasian/Man/m.047bmyn_0002.jpg,../images/test/data/Just_Images/Caucasian/Man/m.02zhkm_0002.jpg,0.8614346981048584,0
../images/test/data/Just_Images/Caucasian/Woman/m.06h508_0001.jpg,../images/test/data/Just_Images/Caucasian/Woman/m.07ybmn3_0004.jpg,0.8635469079017639,0
../images/test/data/Just_Images/Caucasian/Woman/m.0gd19__0002.jpg,../images/test/data/Just_Images/Caucasian/Man/m.0gf75k_0001.jpg,0.9172756671905518,0
../images/test/data/Just_Images/Caucasian/Man/m.01js29_0002.jpg,../images/test/data/Just_Images/Caucasian/Man/m.07h1f1_0002.jpg,0.8945887684822083,0
../images/test/data/Just_Images/Caucasian/Man/m.0gf75k_0004.jpg,../images/test/data/Just_Images/Caucasian/Woman/m.04ql20_0003.jpg,0.8974920511245728,0
../images/test/data/Just_Images/Caucasian/Man/m.054n91_0001.jpg,../images/test/data/Just_Images/Caucasian/Man/m.0gqrzn_0002.jpg,0.9191781878471375,0
../images/test/data/Just_Images/Caucasian/Man/m.02fcs2_0003.jpg,../images/test/data/Just_Images/Caucasian/Man/m.07nx9j_0005.jpg,0.755875289440155,0
../images/test/data/Just_Images/Caucasian/Man/m.0g1xc3_0002.jpg,../images/test/data/Just_Images/Caucasian/Man/m.0288yd_0003.jpg,0.9184499382972717,0
../images/test/data/Just_Images/Caucasian/Woman/m.096lpb_0002.jpg,../images/test/data/Just_Images/Caucasian/Man/m.0gcxbt6_0001.jpg,0.8009119629859924,0
../images/test/data/Just_Images/Caucasian/Man/m.0nb8dkl_0002.jpg,../images/test/data/Just_Images/Caucasian/Woman/m.03d9sf_0002.jpg,0.8165318369865417,0
../images/test/data/Just_Images/Caucasian/Man/m.01s2zh3_0002.jpg,../images/test/data/Just_Images/Caucasian/Woman/m.03nndg3_0001.jpg,0.7200618386268616,0
../images/test/data/Just_Images/Caucasian/Man/m.04pvyz_0001.jpg,../images/test/data/Just_Images/Caucasian/Man/m.03ccn04_0004.jpg,0.8727215528488159,0
../images/test/data/Just_Images/Caucasian/Man/m.03v84y_0001.jpg,../images/test/data/Just_Images/Caucasian/Man/m.08fryk_0003.jpg,0.9187681674957275,0
../images/test/data/Just_Images/Caucasian/Man/m.03gk9b_0001.jpg,../images/test/data/Just_Images/Caucasian/Man/m.01d_7n_0005.jpg,0.9081192016601562,0
../images/test/data/Just_Images/Caucasian/Man/m.07lj0y_0001.jpg,../images/test/data/Just_Images/Caucasian/Man/m.03f0m74_0001.jpg,0.8307059407234192,0
../images/test/data/Just_Images/Caucasian/Man/m.07129q_0001.jpg,../images/test/data/Just_Images/Caucasian/Man/m.01lb3wy_0001.jpg,0.8617925047874451,0
../images/test/data/Just_Images/Caucasian/Man/m.0fp05l_0001.jpg,../images/test/data/Just_Images/Caucasian/Man/m.018gjx_0002.jpg,0.8131851553916931,0
../images/test/data/Just_Images/Caucasian/Man/m.026_pp4_0001.jpg,../images/test/data/Just_Images/Caucasian/Woman/m.0qfrvhq_0002.jpg,0.7759979367256165,0
../images/test/data/Just_Images/Caucasian/Man/m.04d70b_0003.jpg,../images/test/data/Just_Images/Caucasian/Man/m.03fq7w_0004.jpg,0.8695685267448425,0
../images/test/data/Just_Images/Caucasian/Man/m.095805_0002.jpg,../images/test/data/Just_Images/Caucasian/Man/m.0zwh1k1_0001.jpg,0.8451031446456909,0
../images/test/data/Just_Images/Caucasian/Man/m.01lmj3q_0002.jpg,../images/test/data/Just_Images/Caucasian/Woman/m.0698rn_0003.jpg,0.9711600542068481,0
../images/test/data/Just_Images/Caucasian/Man/m.01qqzc_0003.jpg,../images/test/data/Just_Images/Caucasian/Man/m.01r3r43_0003.jpg,0.9370010495185852,0
../images/test/data/Just_Images/Caucasian/Man/m.03fqnx_0001.jpg,../images/test/data/Just_Images/Caucasian/Man/m.02wxj3_0004.jpg,0.87192302942276,0
../images/test/data/Just_Images/Caucasian/Man/m.07t25k_0002.jpg,../images/test/data/Just_Images/Caucasian/Man/m.0bwcgt_0001.jpg,0.8184517621994019,0
../images/test/data/Just_Images/Caucasian/Man/m.01vrr8y_0001.jpg,../images/test/data/Just_Images/Caucasian/Woman/m.02vn7m9_0001.jpg,0.8598072528839111,0
../images/test/data/Just_Images/Caucasian/Man/m.0h_bsq6_0001.jpg,../images/test/data/Just_Images/Caucasian/Man/m.02r_bmd_0002.jpg,0.8847689628601074,0
../images/test/data/Just_Images/Caucasian/Woman/m.061b24_0002.jpg,../images/test/data/Just_Images/Caucasian/Man/m.087q51_0001.jpg,0.9219635128974915,0
../images/test/data/Just_Images/Caucasian/Man/m.0196dc_0001.jpg,../images/test/data/Just_Images/Caucasian/Man/m.012034_0001.jpg,0.9388518333435059,0
../images/test/data/Just_Images/Caucasian/Man/m.01hbc7_0001.jpg,../images/test/data/Just_Images/Caucasian/Man/m.088nn7_0005.jpg,0.8576856851577759,0
../images/test/data/Just_Images/Caucasian/Woman/m.0768sp_0002.jpg,../images/test/data/Just_Images/Caucasian/Man/m.0gm0_qj_0001.jpg,0.8785008192062378,0
../images/test/data/Just_Images/Caucasian/Man/m.01p1ft_0003.jpg,../images/test/data/Just_Images/Caucasian/Man/m.04kywz_0001.jpg,0.8259291648864746,0
../images/test/data/Just_Images/Caucasian/Woman/m.0256zn_0003.jpg,../images/test/data/Just_Images/Caucasian/Woman/m.0lq75yc_0004.jpg,0.8969798684120178,0
../images/test/data/Just_Images/Caucasian/Man/m.03c1tnc_0001.jpg,../images/test/data/Just_Images/Caucasian/Man/m.07ddkz_0002.jpg,0.9336185455322266,0
../images/test/data/Just_Images/Caucasian/Man/m.02mhdv_0005.jpg,../images/test/data/Just_Images/Caucasian/Man/m.076pcx_0001.jpg,0.7205712795257568,0
../images/test/data/Just_Images/Caucasian/Man/m.02pqbv_0001.jpg,../images/test/data/Just_Images/Caucasian/Man/m.07bhcq_0003.jpg,0.9030446410179138,0
../images/test/data/Just_Images/Caucasian/Woman/m.0fsb1r6_0001.jpg,../images/test/data/Just_Images/Caucasian/Woman/m.0bky4s_0003.jpg,0.8831850290298462,0
../images/test/data/Just_Images/Caucasian/Man/m.0h_gd68_0002.jpg,../images/test/data/Just_Images/Caucasian/Man/m.02rjgqf_0001.jpg,0.9411337971687317,0
../images/test/data/Just_Images/Caucasian/Man/m.05zpsmw_0002.jpg,../images/test/data/Just_Images/Caucasian/Man/m.0g9677_0001.jpg,0.8023785948753357,0
../images/test/data/Just_Images/Caucasian/Woman/m.050_5z_0002.jpg,../images/test/data/Just_Images/Caucasian/Man/m.027xrq_0003.jpg,0.8886983394622803,0
../images/test/data/Just_Images/Caucasian/Man/m.04xws4_0001.jpg,../images/test/data/Just_Images/Caucasian/Man/m.02qvtbg_0004.jpg,0.9339232444763184,0
../images/test/data/Just_Images/Caucasian/Woman/m.0g36rz_0003.jpg,../images/test/data/Just_Images/Caucasian/Man/m.043rgrz_0001.jpg,0.8424308896064758,0
../images/test/data/Just_Images/Caucasian/Man/m.063_stg_0002.jpg,../images/test/data/Just_Images/Caucasian/Man/m.0ftrkg_0002.jpg,0.9226813316345215,0
../images/test/data/Just_Images/Caucasian/Man/m.0g8869_0003.jpg,../images/test/data/Just_Images/Caucasian/Man/m.041pkb_0003.jpg,0.8425601720809937,0
../images/test/data/Just_Images/Caucasian/Man/m.03mpxf_0002.jpg,../images/test/data/Just_Images/Caucasian/Man/m.06_t8__0003.jpg,0.8532996773719788,0
../images/test/data/Just_Images/Caucasian/Man/m.05g7rg_0001.jpg,../images/test/data/Just_Images/Caucasian/Woman/m.0bwz1l_0002.jpg,0.9163935780525208,0
../images/test/data/Just_Images/Caucasian/Woman/m.09wsvh_0001.jpg,../images/test/data/Just_Images/Caucasian/Woman/m.061ll5_0003.jpg,0.8578816652297974,0
../images/test/data/Just_Images/Caucasian/Woman/m.04pdlf_0004.jpg,../images/test/data/Just_Images/Caucasian/Man/m.08yt0z_0001.jpg,0.9260128736495972,0
../images/test/data/Just_Images/Caucasian/Man/m.0275pyb_0001.jpg,../images/test/data/Just_Images/Caucasian/Woman/m.0h57ml_0002.jpg,0.8384847640991211,0
../images/test/data/Just_Images/Caucasian/Man/m.05nj7n_0001.jpg,../images/test/data/Just_Images/Caucasian/Man/m.0bgjp9_0001.jpg,0.8780397772789001,0
../images/test/data/Just_Images/Caucasian/Man/m.02dtcr_0001.jpg,../images/test/data/Just_Images/Caucasian/Man/m.07z81k_0004.jpg,0.907520055770874,0
../images/test/data/Just_Images/Caucasian/Man/m.02wrbb_0003.jpg,../images/test/data/Just_Images/Caucasian/Man/m.05lw7l_0001.jpg,0.8877564668655396,0
../images/test/data/Just_Images/Caucasian/Man/m.05b03ww_0002.jpg,../images/test/data/Just_Images/Caucasian/Man/m.046mnc_0004.jpg,0.8779315948486328,0
../images/test/data/Just_Images/Caucasian/Man/m.01wd76l_0002.jpg,../images/test/data/Just_Images/Caucasian/Man/m.076h5__0002.jpg,0.9447280764579773,0
../images/test/data/Just_Images/Caucasian/Man/m.05zx1f_0001.jpg,../images/test/data/Just_Images/Caucasian/Man/m.039xxb_0004.jpg,0.8180662989616394,0
../images/test/data/Just_Images/Caucasian/Man/m.01wmdx5_0003.jpg,../images/test/data/Just_Images/Caucasian/Woman/m.03yz2rv_0003.jpg,0.7959349155426025,0
../images/test/data/Just_Images/Caucasian/Man/m.0gg54b_0001.jpg,../images/test/data/Just_Images/Caucasian/Man/m.04b2l__0004.jpg,0.892379879951477,0
../images/test/data/Just_Images/Caucasian/Woman/m.08f1h__0003.jpg,../images/test/data/Just_Images/Caucasian/Man/m.087q51_0005.jpg,0.9013554453849792,0
../images/test/data/Just_Images/Caucasian/Man/m.03gvmcq_0004.jpg,../images/test/data/Just_Images/Caucasian/Man/m.066m4g_0003.jpg,0.9130203723907471,0
../images/test/data/Just_Images/Caucasian/Man/m.0g3_w3_0002.jpg,../images/test/data/Just_Images/Caucasian/Man/m.02qfxhy_0001.jpg,0.8981164693832397,0
../images/test/data/Just_Images/Caucasian/Man/m.080c88_0002.jpg,../images/test/data/Just_Images/Caucasian/Man/m.01h2n3_0002.jpg,0.832169771194458,0
../images/test/data/Just_Images/Caucasian/Man/m.0k3k0z7_0003.jpg,../images/test/data/Just_Images/Caucasian/Man/m.02r79x1_0003.jpg,0.9090632200241089,0
../images/test/data/Just_Images/Caucasian/Man/m.088nn7_0004.jpg,../images/test/data/Just_Images/Caucasian/Man/m.02pwbf1_0002.jpg,0.8122646808624268,0
../images/test/data/Just_Images/Caucasian/Man/m.09z6mc_0003.jpg,../images/test/data/Just_Images/Caucasian/Man/m.04zbq8_0005.jpg,0.9078323841094971,0
../images/test/data/Just_Images/Caucasian/Man/m.02jh6x_0001.jpg,../images/test/data/Just_Images/Caucasian/Man/m.023c9m_0003.jpg,0.915367603302002,0
../images/test/data/Just_Images/Caucasian/Man/m.0262jy__0004.jpg,../images/test/data/Just_Images/Caucasian/Man/m.0k29vbc_0002.jpg,0.8729068040847778,0
../images/test/data/Just_Images/Caucasian/Man/m.07qbxb_0005.jpg,../images/test/data/Just_Images/Caucasian/Man/m.040fhq_0004.jpg,0.9259390234947205,0
../images/test/data/Just_Images/Caucasian/Man/m.047rs3_0002.jpg,../images/test/data/Just_Images/Caucasian/Man/m.08dgms_0003.jpg,0.8789393901824951,0
../images/test/data/Just_Images/Caucasian/Man/m.03czzzz_0002.jpg,../images/test/data/Just_Images/Caucasian/Man/m.030hcs_0003.jpg,0.8932675123214722,0
../images/test/data/Just_Images/Caucasian/Man/m.02nz8f_0001.jpg,../images/test/data/Just_Images/Caucasian/Man/m.01vt556_0001.jpg,0.8320366740226746,0
../images/test/data/Just_Images/Caucasian/Man/m.01gbb4_0002.jpg,../images/test/data/Just_Images/Caucasian/Man/m.0gn4mc_0003.jpg,0.7753020524978638,0
../images/test/data/Just_Images/Caucasian/Man/m.065y301_0001.jpg,../images/test/data/Just_Images/Caucasian/Man/m.080c20_0001.jpg,0.8953127861022949,0
../images/test/data/Just_Images/Caucasian/Woman/m.079pn3_0001.jpg,../images/test/data/Just_Images/Caucasian/Man/m.05m9f9_0001.jpg,0.908379077911377,0
../images/test/data/Just_Images/Caucasian/Man/m.01g1zb_0001.jpg,../images/test/data/Just_Images/Caucasian/Woman/m.04g1vnf_0002.jpg,0.8967227935791016,0
../images/test/data/Just_Images/Caucasian/Woman/m.064l65f_0002.jpg,../images/test/data/Just_Images/Caucasian/Woman/m.05thxp_0004.jpg,0.9261817932128906,0
../images/test/data/Just_Images/Caucasian/Man/m.01p9wc__0002.jpg,../images/test/data/Just_Images/Caucasian/Woman/m.0bky4s_0004.jpg,0.8279095888137817,0
../images/test/data/Just_Images/Caucasian/Man/m.06sdqc_0003.jpg,../images/test/data/Just_Images/Caucasian/Man/m.0clw5j_0004.jpg,0.807390570640564,0
../images/test/data/Just_Images/Caucasian/Man/m.0nk_k_0001.jpg,../images/test/data/Just_Images/Caucasian/Woman/m.05f9c1h_0002.jpg,0.8963297009468079,0
../images/test/data/Just_Images/Caucasian/Woman/m.02j6cs_0001.jpg,../images/test/data/Just_Images/Caucasian/Man/m.01vm3rs_0001.jpg,0.8375163078308105,0
../images/test/data/Just_Images/Caucasian/Woman/m.0f7st4_0002.jpg,../images/test/data/Just_Images/Caucasian/Woman/m.08kmv__0003.jpg,0.9378826022148132,0
../images/test/data/Just_Images/Caucasian/Man/m.01mw0ng_0001.jpg,../images/test/data/Just_Images/Caucasian/Woman/m.0dpzdg_0002.jpg,0.9110202789306641,0
../images/test/data/Just_Images/Caucasian/Woman/m.03c3_nf_0002.jpg,../images/test/data/Just_Images/Caucasian/Man/m.095805_0003.jpg,0.8448346257209778,0
../images/test/data/Just_Images/Caucasian/Man/m.02ng5q_0001.jpg,../images/test/data/Just_Images/Caucasian/Man/m.0d0mf2_0001.jpg,0.8968095779418945,0
../images/test/data/Just_Images/Caucasian/Man/m.03wf4cc_0003.jpg,../images/test/data/Just_Images/Caucasian/Man/m.0p8t21s_0004.jpg,0.9544957876205444,0
../images/test/data/Just_Images/Caucasian/Man/m.03q8_j_0003.jpg,../images/test/data/Just_Images/Caucasian/Woman/m.04gp917_0004.jpg,0.9408026337623596,0
../images/test/data/Just_Images/Caucasian/Man/m.03cj8z_0003.jpg,../images/test/data/Just_Images/Caucasian/Man/m.01nk1ny_0001.jpg,0.8399310111999512,0
../images/test/data/Just_Images/Caucasian/Man/m.0h47vk_0005.jpg,../images/test/data/Just_Images/Caucasian/Man/m.01w7x3p_0002.jpg,0.906829297542572,0
../images/test/data/Just_Images/Caucasian/Man/m.05fbpt_0001.jpg,../images/test/data/Just_Images/Caucasian/Woman/m.0668hy_0004.jpg,0.9208022356033325,0
../images/test/data/Just_Images/Caucasian/Man/m.0f8kb8_0002.jpg,../images/test/data/Just_Images/Caucasian/Man/m.0c2213_0003.jpg,0.8742125034332275,0
../images/test/data/Just_Images/Caucasian/Woman/m.0ft3dj_0002.jpg,../images/test/data/Just_Images/Caucasian/Woman/m.0c998h_0001.jpg,0.9260361194610596,0
../images/test/data/Just_Images/Caucasian/Man/m.03yz7n6_0002.jpg,../images/test/data/Just_Images/Caucasian/Man/m.03m3_p0_0004.jpg,0.8980270624160767,0
../images/test/data/Just_Images/Caucasian/Man/m.0ql9l_0002.jpg,../images/test/data/Just_Images/Caucasian/Man/m.06rvvl_0002.jpg,0.9177715182304382,0
../images/test/data/Just_Images/Caucasian/Man/m.03hvw2_0001.jpg,../images/test/data/Just_Images/Caucasian/Man/m.0903yz_0002.jpg,0.9511422514915466,0
../images/test/data/Just_Images/Caucasian/Man/m.03yx01_0003.jpg,../images/test/data/Just_Images/Caucasian/Man/m.0dgzl__0001.jpg,0.6637094616889954,0
../images/test/data/Just_Images/Caucasian/Woman/m.0b3rh5_0001.jpg,../images/test/data/Just_Images/Caucasian/Woman/m.0338ws_0001.jpg,0.9336771965026855,0
../images/test/data/Just_Images/Caucasian/Man/m.06_r3f_0001.jpg,../images/test/data/Just_Images/Caucasian/Woman/m.09j60t3_0004.jpg,0.8776166439056396,0
../images/test/data/Just_Images/Caucasian/Woman/m.0g3s66_0002.jpg,../images/test/data/Just_Images/Caucasian/Woman/m.01l_vgt_0003.jpg,0.9583300352096558,0
../images/test/data/Just_Images/Caucasian/Man/m.0gdms9__0001.jpg,../images/test/data/Just_Images/Caucasian/Man/m.04cvpmr_0001.jpg,0.7903625965118408,0
../images/test/data/Just_Images/Caucasian/Man/m.07mvwx_0002.jpg,../images/test/data/Just_Images/Caucasian/Man/m.02wrbb_0001.jpg,0.8710715174674988,0
../images/test/data/Just_Images/Caucasian/Woman/m.03f7lsq_0002.jpg,../images/test/data/Just_Images/Caucasian/Man/m.05txc4_0002.jpg,0.9002379775047302,0
../images/test/data/Just_Images/Caucasian/Woman/m.0gw5nsq_0002.jpg,../images/test/data/Just_Images/Caucasian/Man/m.02tkxd_0001.jpg,0.9145285487174988,0
../images/test/data/Just_Images/Caucasian/Man/m.03xv7z_0005.jpg,../images/test/data/Just_Images/Caucasian/Man/m.0bz2_z_0001.jpg,0.8470932841300964,0
../images/test/data/Just_Images/Caucasian/Man/m.061sy__0002.jpg,../images/test/data/Just_Images/Caucasian/Man/m.07wglj_0001.jpg,0.8482793569564819,0
../images/test/data/Just_Images/Caucasian/Man/m.0bzync_0004.jpg,../images/test/data/Just_Images/Caucasian/Woman/m.0768sp_0003.jpg,0.921605110168457,0
../images/test/data/Just_Images/Caucasian/Man/m.0gmdsz2_0001.jpg,../images/test/data/Just_Images/Caucasian/Woman/m.0280ttg_0005.jpg,0.9074934720993042,0
../images/test/data/Just_Images/Caucasian/Woman/m.0bxdvw_0001.jpg,../images/test/data/Just_Images/Caucasian/Man/m.03j0h4_0001.jpg,0.9071539640426636,0
../images/test/data/Just_Images/Caucasian/Woman/m.05r24b_0001.jpg,../images/test/data/Just_Images/Caucasian/Woman/m.07prh7_0001.jpg,0.8341586589813232,0
../images/test/data/Just_Images/Caucasian/Man/m.01ttk9t_0001.jpg,../images/test/data/Just_Images/Caucasian/Man/m.07nlcf_0002.jpg,0.9606315493583679,0
../images/test/data/Just_Images/Caucasian/Man/m.034d_j_0005.jpg,../images/test/data/Just_Images/Caucasian/Man/m.0cbxht3_0001.jpg,0.7946046590805054,0
../images/test/data/Just_Images/Caucasian/Man/m.02gt9t_0004.jpg,../images/test/data/Just_Images/Caucasian/Man/m.05s_gqc_0005.jpg,0.8690128326416016,0
../images/test/data/Just_Images/Caucasian/Woman/m.03h3w2p_0003.jpg,../images/test/data/Just_Images/Caucasian/Woman/m.0g57v7j_0003.jpg,0.8945879936218262,0
../images/test/data/Just_Images/Caucasian/Man/m.0bhghr_0001.jpg,../images/test/data/Just_Images/Caucasian/Woman/m.028x00_0004.jpg,0.8268604874610901,0
../images/test/data/Just_Images/Caucasian/Man/m.024qdq_0001.jpg,../images/test/data/Just_Images/Caucasian/Man/m.05m9f9_0004.jpg,0.8989241719245911,0
../images/test/data/Just_Images/Caucasian/Man/m.0165dv_0002.jpg,../images/test/data/Just_Images/Caucasian/Man/m.02q467m_0003.jpg,0.919611930847168,0
../images/test/data/Just_Images/Caucasian/Man/m.0292lw_0003.jpg,../images/test/data/Just_Images/Caucasian/Woman/m.0280ttg_0001.jpg,0.8811187744140625,0
../images/test/data/Just_Images/Caucasian/Man/m.04hx87_0001.jpg,../images/test/data/Just_Images/Caucasian/Man/m.07xxb5_0001.jpg,0.9084817171096802,0
../images/test/data/Just_Images/Caucasian/Man/m.06jpjl_0002.jpg,../images/test/data/Just_Images/Caucasian/Man/m.04k4jh_0004.jpg,0.8988544344902039,0
../images/test/data/Just_Images/Caucasian/Man/m.02zhkm_0004.jpg,../images/test/data/Just_Images/Caucasian/Man/m.047rs3_0001.jpg,0.9169127941131592,0
../images/test/data/Just_Images/Caucasian/Woman/m.09zmys_0004.jpg,../images/test/data/Just_Images/Caucasian/Woman/m.0k2l97g_0001.jpg,0.9190714359283447,0
../images/test/data/Just_Images/Caucasian/Woman/m.0bzpc2_0001.jpg,../images/test/data/Just_Images/Caucasian/Woman/m.0698rn_0001.jpg,0.8576045036315918,0
../images/test/data/Just_Images/Caucasian/Man/m.05xym__0001.jpg,../images/test/data/Just_Images/Caucasian/Woman/m.01ztqk_0004.jpg,0.9034239649772644,0
../images/test/data/Just_Images/Caucasian/Man/m.041bzs_0003.jpg,../images/test/data/Just_Images/Caucasian/Man/m.0n4bn92_0001.jpg,0.8699710965156555,0
../images/test/data/Just_Images/Caucasian/Man/m.01v349_0002.jpg,../images/test/data/Just_Images/Caucasian/Man/m.05pp13_0003.jpg,0.8320362567901611,0
../images/test/data/Just_Images/Caucasian/Woman/m.09clgy_0003.jpg,../images/test/data/Just_Images/Caucasian/Man/m.01jscz_0001.jpg,0.8593909740447998,0
../images/test/data/Just_Images/Caucasian/Man/m.01w7x3p_0004.jpg,../images/test/data/Just_Images/Caucasian/Man/m.047qstq_0002.jpg,0.705596923828125,0
../images/test/data/Just_Images/Caucasian/Man/m.0r3w8lh_0002.jpg,../images/test/data/Just_Images/Caucasian/Man/m.01nf051_0002.jpg,0.8548028469085693,0
../images/test/data/Just_Images/Caucasian/Man/m.01r43l_0001.jpg,../images/test/data/Just_Images/Caucasian/Man/m.09rs9vf_0004.jpg,0.9142571687698364,0
../images/test/data/Just_Images/Caucasian/Man/m.0705mg_0001.jpg,../images/test/data/Just_Images/Caucasian/Man/m.06qv4y_0001.jpg,0.8640155792236328,0
../images/test/data/Just_Images/Caucasian/Man/m.05t2cs_0002.jpg,../images/test/data/Just_Images/Caucasian/Man/m.081lxk_0001.jpg,0.9036486148834229,0
../images/test/data/Just_Images/Caucasian/Woman/m.05xrf6_0001.jpg,../images/test/data/Just_Images/Caucasian/Man/m.065y6xk_0002.jpg,0.947726845741272,0
../images/test/data/Just_Images/Caucasian/Man/m.01qdc1_0002.jpg,../images/test/data/Just_Images/Caucasian/Woman/m.01jm_5_0002.jpg,0.9097078442573547,0
../images/test/data/Just_Images/Caucasian/Man/m.0ftrkg_0004.jpg,../images/test/data/Just_Images/Caucasian/Man/m.01kx4h__0001.jpg,0.8715450763702393,0
../images/test/data/Just_Images/Caucasian/Man/m.03kvq4_0004.jpg,../images/test/data/Just_Images/Caucasian/Man/m.047wsq_0002.jpg,0.9110859632492065,0
../images/test/data/Just_Images/Caucasian/Man/m.02f93t_0003.jpg,../images/test/data/Just_Images/Caucasian/Woman/m.02r70k3_0001.jpg,0.9084519147872925,0
../images/test/data/Just_Images/Caucasian/Man/m.032xmd_0001.jpg,../images/test/data/Just_Images/Caucasian/Man/m.0h7r_j_0001.jpg,0.8868118524551392,0
../images/test/data/Just_Images/Caucasian/Man/m.02n7_9_0003.jpg,../images/test/data/Just_Images/Caucasian/Man/m.08sv66_0003.jpg,0.9279886484146118,0
../images/test/data/Just_Images/Caucasian/Man/m.03hj_2f_0003.jpg,../images/test/data/Just_Images/Caucasian/Woman/m.069lpq_0004.jpg,0.8779128193855286,0
../images/test/data/Just_Images/Caucasian/Man/m.0gt1xg_0001.jpg,../images/test/data/Just_Images/Caucasian/Woman/m.0r4ps4l_0003.jpg,0.8715269565582275,0
../images/test/data/Just_Images/Caucasian/Man/m.058kqy_0004.jpg,../images/test/data/Just_Images/Caucasian/Man/m.0dz861_0004.jpg,0.8423593640327454,0
../images/test/data/Just_Images/Caucasian/Man/m.0bs1f1l_0006.jpg,../images/test/data/Just_Images/Caucasian/Man/m.03qfqy8_0003.jpg,0.892827033996582,0
../images/test/data/Just_Images/Caucasian/Man/m.015yg9_0003.jpg,../images/test/data/Just_Images/Caucasian/Man/m.01df1y_0003.jpg,0.9629424810409546,0
../images/test/data/Just_Images/Caucasian/Man/m.0dlfjj_0004.jpg,../images/test/data/Just_Images/Caucasian/Man/m.07hc7d_0004.jpg,0.9208542704582214,0
../images/test/data/Just_Images/Caucasian/Woman/m.072d5h_0002.jpg,../images/test/data/Just_Images/Caucasian/Man/m.03t0g__0003.jpg,0.8123965859413147,0
../images/test/data/Just_Images/Caucasian/Woman/m.0gjb1y4_0002.jpg,../images/test/data/Just_Images/Caucasian/Woman/m.039gj2_0003.jpg,0.9325705766677856,0
../images/test/data/Just_Images/Caucasian/Woman/m.05gm41_0001.jpg,../images/test/data/Just_Images/Caucasian/Man/m.06cb9s_0003.jpg,0.9361140727996826,0
../images/test/data/Just_Images/Caucasian/Man/m.069s6h_0003.jpg,../images/test/data/Just_Images/Caucasian/Woman/m.09mf3s_0001.jpg,0.9270368814468384,0
../images/test/data/Just_Images/Caucasian/Man/m.077b2t_0002.jpg,../images/test/data/Just_Images/Caucasian/Woman/m.03m83s_0001.jpg,0.8206725716590881,0
../images/test/data/Just_Images/Caucasian/Woman/m.05ngcv_0002.jpg,../images/test/data/Just_Images/Caucasian/Man/m.04ygg80_0003.jpg,0.8510457277297974,0
../images/test/data/Just_Images/Caucasian/Man/m.01l3mw_0001.jpg,../images/test/data/Just_Images/Caucasian/Woman/m.03n4mk_0002.jpg,0.8977148532867432,0
../images/test/data/Just_Images/Caucasian/Man/m.0gvtb5z_0003.jpg,../images/test/data/Just_Images/Caucasian/Man/m.07rcm5_0003.jpg,0.8680789470672607,0
../images/test/data/Just_Images/Caucasian/Woman/m.05mkfb_0002.jpg,../images/test/data/Just_Images/Caucasian/Man/m.02z1ff7_0002.jpg,0.9595153331756592,0
../images/test/data/Just_Images/Caucasian/Man/m.0865xp_0002.jpg,../images/test/data/Just_Images/Caucasian/Man/m.06wb5bj_0001.jpg,0.8924241065979004,0
../images/test/data/Just_Images/Caucasian/Man/m.0dddv8__0002.jpg,../images/test/data/Just_Images/Caucasian/Man/m.02pq0d9_0001.jpg,0.8684946894645691,0
../images/test/data/Just_Images/Caucasian/Woman/m.07s9qf2_0005.jpg,../images/test/data/Just_Images/Caucasian/Man/m.03_s6q_0001.jpg,0.7925102710723877,0
../images/test/data/Just_Images/Caucasian/Man/m.030n50_0003.jpg,../images/test/data/Just_Images/Caucasian/Man/m.01trlq_0003.jpg,0.8435200452804565,0
../images/test/data/Just_Images/Caucasian/Woman/m.076ywg_0001.jpg,../images/test/data/Just_Images/Caucasian/Man/m.057b02_0001.jpg,0.8863542079925537,0
../images/test/data/Just_Images/Caucasian/Man/m.082tkl_0004.jpg,../images/test/data/Just_Images/Caucasian/Woman/m.02r3g5z_0004.jpg,0.87286376953125,0
../images/test/data/Just_Images/Caucasian/Man/m.0cm7sjv_0002.jpg,../images/test/data/Just_Images/Caucasian/Woman/m.043p916_0002.jpg,0.9013007879257202,0
../images/test/data/Just_Images/Caucasian/Man/m.037pnm_0001.jpg,../images/test/data/Just_Images/Caucasian/Man/m.05mykr_0001.jpg,0.9494369029998779,0
../images/test/data/Just_Images/Caucasian/Man/m.061fnq_0001.jpg,../images/test/data/Just_Images/Caucasian/Man/m.08bzjq_0001.jpg,0.8826537728309631,0
../images/test/data/Just_Images/Caucasian/Man/m.03c55bh_0001.jpg,../images/test/data/Just_Images/Caucasian/Man/m.0c8fy1_0005.jpg,0.8222553730010986,0
../images/test/data/Just_Images/Caucasian/Woman/m.07xhz6_0003.jpg,../images/test/data/Just_Images/Caucasian/Woman/m.0f0jc3_0004.jpg,0.9147447347640991,0
../images/test/data/Just_Images/Caucasian/Man/m.026nv3_0001.jpg,../images/test/data/Just_Images/Caucasian/Woman/m.0chlpf_0002.jpg,0.8103894591331482,0
../images/test/data/Just_Images/Caucasian/Woman/m.027j8ws_0002.jpg,../images/test/data/Just_Images/Caucasian/Man/m.0gmdsz2_0002.jpg,0.9348669052124023,0
../images/test/data/Just_Images/Caucasian/Man/m.0164nb_0003.jpg,../images/test/data/Just_Images/Caucasian/Man/m.01fnb2_0001.jpg,0.8723142147064209,0
../images/test/data/Just_Images/Caucasian/Woman/m.0856f6_0003.jpg,../images/test/data/Just_Images/Caucasian/Woman/m.01r4_t_0005.jpg,0.8519628643989563,0
../images/test/data/Just_Images/Caucasian/Woman/m.02dpkj_0001.jpg,../images/test/data/Just_Images/Caucasian/Man/m.0b4y2g_0004.jpg,0.8809115886688232,0
../images/test/data/Just_Images/Caucasian/Man/m.03f4nyq_0004.jpg,../images/test/data/Just_Images/Caucasian/Man/m.02nlps_0004.jpg,0.8529772758483887,0
../images/test/data/Just_Images/Caucasian/Man/m.0b39c3_0001.jpg,../images/test/data/Just_Images/Caucasian/Woman/m.05xjkv_0002.jpg,0.8666055202484131,0
../images/test/data/Just_Images/Caucasian/Woman/m.0k4015_0003.jpg,../images/test/data/Just_Images/Caucasian/Woman/m.0cp08gq_0003.jpg,0.8148768544197083,0
../images/test/data/Just_Images/Caucasian/Man/m.040fhq_0002.jpg,../images/test/data/Just_Images/Caucasian/Man/m.0642gkc_0001.jpg,0.9085732102394104,0
../images/test/data/Just_Images/Caucasian/Woman/m.0575w4_0001.jpg,../images/test/data/Just_Images/Caucasian/Man/m.02k21g_0002.jpg,0.7876383662223816,0
../images/test/data/Just_Images/Caucasian/Woman/m.029yw7_0002.jpg,../images/test/data/Just_Images/Caucasian/Woman/m.01lz_v_0003.jpg,0.8101598620414734,0
../images/test/data/Just_Images/Caucasian/Man/m.07wb3__0002.jpg,../images/test/data/Just_Images/Caucasian/Man/m.053158_0001.jpg,0.8658724427223206,0
../images/test/data/Just_Images/Caucasian/Man/m.0ch929y_0001.jpg,../images/test/data/Just_Images/Caucasian/Man/m.04pck2_0001.jpg,0.716097891330719,0
../images/test/data/Just_Images/Caucasian/Man/m.046zl5_0001.jpg,../images/test/data/Just_Images/Caucasian/Man/m.09fjh6_0004.jpg,0.8185890913009644,0
../images/test/data/Just_Images/Caucasian/Man/m.01vr20_0002.jpg,../images/test/data/Just_Images/Caucasian/Man/m.05b3gw_0003.jpg,0.7891861796379089,0
../images/test/data/Just_Images/Caucasian/Man/m.01n2_7_0002.jpg,../images/test/data/Just_Images/Caucasian/Man/m.0gfc_5__0001.jpg,0.8694944381713867,0
../images/test/data/Just_Images/Caucasian/Woman/m.01n4t8x_0002.jpg,../images/test/data/Just_Images/Caucasian/Woman/m.01n4t8x_0001.jpg,0.8556337356567383,1
../images/test/data/Just_Images/Caucasian/Man/m.086b84_0001.jpg,../images/test/data/Just_Images/Caucasian/Man/m.086b84_0005.jpg,0.8491911888122559,1
../images/test/data/Just_Images/Caucasian/Woman/m.02fgxt_0002.jpg,../images/test/data/Just_Images/Caucasian/Woman/m.02fgxt_0004.jpg,0.9410629272460938,1
../images/test/data/Just_Images/Caucasian/Woman/m.03mcwq3_0001.jpg,../images/test/data/Just_Images/Caucasian/Woman/m.03mcwq3_0003.jpg,0.9016425609588623,1
../images/test/data/Just_Images/Caucasian/Woman/m.02rygs7_0001.jpg,../images/test/data/Just_Images/Caucasian/Woman/m.02rygs7_0002.jpg,0.8515936136245728,1
../images/test/data/Just_Images/Caucasian/Man/m.073y_j_0001.jpg,../images/test/data/Just_Images/Caucasian/Man/m.073y_j_0002.jpg,0.9159822463989258,1
../images/test/data/Just_Images/Caucasian/Man/m.06zrlyg_0002.jpg,../images/test/data/Just_Images/Caucasian/Man/m.06zrlyg_0003.jpg,0.9183149337768555,1
../images/test/data/Just_Images/Caucasian/Woman/m.09f3hh_0003.jpg,../images/test/data/Just_Images/Caucasian/Woman/m.09f3hh_0001.jpg,0.9727190732955933,1
../images/test/data/Just_Images/Caucasian/Man/m.0jt1vfy_0002.jpg,../images/test/data/Just_Images/Caucasian/Man/m.0jt1vfy_0003.jpg,0.8779903650283813,1
../images/test/data/Just_Images/Caucasian/Woman/m.0384pc_0003.jpg,../images/test/data/Just_Images/Caucasian/Woman/m.0384pc_0001.jpg,0.8314323425292969,1
../images/test/data/Just_Images/Caucasian/Man/m.015khm_0003.jpg,../images/test/data/Just_Images/Caucasian/Man/m.015khm_0001.jpg,0.9562162160873413,1
../images/test/data/Just_Images/Caucasian/Woman/m.05vq6r9_0001.jpg,../images/test/data/Just_Images/Caucasian/Woman/m.05vq6r9_0003.jpg,0.9598349332809448,1
../images/test/data/Just_Images/Caucasian/Man/m.01l4syf_0001.jpg,../images/test/data/Just_Images/Caucasian/Man/m.01l4syf_0003.jpg,0.7423664331436157,1
../images/test/data/Just_Images/Caucasian/Man/m.03d258z_0005.jpg,../images/test/data/Just_Images/Caucasian/Man/m.03d258z_0003.jpg,0.858462929725647,1
../images/test/data/Just_Images/Caucasian/Man/m.062xtx_0004.jpg,../images/test/data/Just_Images/Caucasian/Man/m.062xtx_0001.jpg,0.8250093460083008,1
../images/test/data/Just_Images/Caucasian/Man/m.0g2rwz_0003.jpg,../images/test/data/Just_Images/Caucasian/Man/m.0g2rwz_0001.jpg,0.8513361215591431,1
../images/test/data/Just_Images/Caucasian/Woman/m.01p76zn_0002.jpg,../images/test/data/Just_Images/Caucasian/Woman/m.01p76zn_0004.jpg,0.9138014912605286,1
../images/test/data/Just_Images/Caucasian/Man/m.08rns6_0004.jpg,../images/test/data/Just_Images/Caucasian/Man/m.08rns6_0002.jpg,0.9024771451950073,1
../images/test/data/Just_Images/Caucasian/Man/m.01pwjxk_0002.jpg,../images/test/data/Just_Images/Caucasian/Man/m.01pwjxk_0003.jpg,0.9433437585830688,1
../images/test/data/Just_Images/Caucasian/Man/m.04tkfj_0001.jpg,../images/test/data/Just_Images/Caucasian/Man/m.04tkfj_0006.jpg,0.8295470476150513,1
../images/test/data/Just_Images/Caucasian/Man/m.0dg0v6_0001.jpg,../images/test/data/Just_Images/Caucasian/Man/m.0dg0v6_0002.jpg,0.8878062963485718,1
../images/test/data/Just_Images/Caucasian/Man/m.02pjkzy_0001.jpg,../images/test/data/Just_Images/Caucasian/Man/m.02pjkzy_0003.jpg,0.8493030667304993,1
../images/test/data/Just_Images/Caucasian/Man/m.0k216_0002.jpg,../images/test/data/Just_Images/Caucasian/Man/m.0k216_0001.jpg,0.8714312314987183,1
../images/test/data/Just_Images/Caucasian/Man/m.0gprt0_0004.jpg,../images/test/data/Just_Images/Caucasian/Man/m.0gprt0_0003.jpg,0.7880313396453857,1
../images/test/data/Just_Images/Caucasian/Woman/m.07td21_0003.jpg,../images/test/data/Just_Images/Caucasian/Woman/m.07td21_0002.jpg,0.8610029220581055,1
../images/test/data/Just_Images/Caucasian/Woman/m.06616j_0001.jpg,../images/test/data/Just_Images/Caucasian/Woman/m.06616j_0002.jpg,0.8997171521186829,1
../images/test/data/Just_Images/Caucasian/Man/m.0g5nmz_0002.jpg,../images/test/data/Just_Images/Caucasian/Man/m.0g5nmz_0001.jpg,0.8966397047042847,1
../images/test/data/Just_Images/Caucasian/Man/m.09pgdh_0002.jpg,../images/test/data/Just_Images/Caucasian/Man/m.09pgdh_0003.jpg,0.8231900334358215,1
../images/test/data/Just_Images/Caucasian/Man/m.04m3sw_0002.jpg,../images/test/data/Just_Images/Caucasian/Man/m.04m3sw_0001.jpg,0.7276227474212646,1
../images/test/data/Just_Images/Caucasian/Man/m.06340r_0002.jpg,../images/test/data/Just_Images/Caucasian/Man/m.06340r_0001.jpg,0.7475348711013794,1
../images/test/data/Just_Images/Caucasian/Woman/m.03f7lsq_0002.jpg,../images/test/data/Just_Images/Caucasian/Woman/m.03f7lsq_0003.jpg,0.7750449180603027,1
../images/test/data/Just_Images/Caucasian/Man/m.07yz7f_0002.jpg,../images/test/data/Just_Images/Caucasian/Man/m.07yz7f_0004.jpg,0.8738284111022949,1
../images/test/data/Just_Images/Caucasian/Man/m.057dhc_0001.jpg,../images/test/data/Just_Images/Caucasian/Man/m.057dhc_0003.jpg,0.9685609936714172,1
../images/test/data/Just_Images/Caucasian/Woman/m.0g36rz_0001.jpg,../images/test/data/Just_Images/Caucasian/Woman/m.0g36rz_0002.jpg,0.8976202011108398,1
../images/test/data/Just_Images/Caucasian/Man/m.03nk3t_0002.jpg,../images/test/data/Just_Images/Caucasian/Man/m.03nk3t_0003.jpg,0.8362928628921509,1
../images/test/data/Just_Images/Caucasian/Woman/m.0g3s66_0001.jpg,../images/test/data/Just_Images/Caucasian/Woman/m.0g3s66_0003.jpg,0.9329697489738464,1
../images/test/data/Just_Images/Caucasian/Man/m.0bg_mp_0003.jpg,../images/test/data/Just_Images/Caucasian/Man/m.0bg_mp_0001.jpg,0.8444467782974243,1
../images/test/data/Just_Images/Caucasian/Man/m.0ql9l_0002.jpg,../images/test/data/Just_Images/Caucasian/Man/m.0ql9l_0001.jpg,0.9162381887435913,1
../images/test/data/Just_Images/Caucasian/Man/m.01pp4dr_0002.jpg,../images/test/data/Just_Images/Caucasian/Man/m.01pp4dr_0005.jpg,0.8461141586303711,1
../images/test/data/Just_Images/Caucasian/Woman/m.097fys_0005.jpg,../images/test/data/Just_Images/Caucasian/Woman/m.097fys_0003.jpg,0.798721969127655,1
../images/test/data/Just_Images/Caucasian/Man/m.03mhgw__0002.jpg,../images/test/data/Just_Images/Caucasian/Man/m.03mhgw__0001.jpg,0.95130455493927,1
../images/test/data/Just_Images/Caucasian/Man/m.0cl9kh_0001.jpg,../images/test/data/Just_Images/Caucasian/Man/m.0cl9kh_0002.jpg,0.8972198963165283,1
../images/test/data/Just_Images/Caucasian/Man/m.0dbxj_0004.jpg,../images/test/data/Just_Images/Caucasian/Man/m.0dbxj_0003.jpg,0.8605425357818604,1
../images/test/data/Just_Images/Caucasian/Woman/m.0n8z150_0003.jpg,../images/test/data/Just_Images/Caucasian/Woman/m.0n8z150_0002.jpg,0.9029643535614014,1
../images/test/data/Just_Images/Caucasian/Woman/m.0gw5nsq_0001.jpg,../images/test/data/Just_Images/Caucasian/Woman/m.0gw5nsq_0003.jpg,0.9165427684783936,1
../images/test/data/Just_Images/Caucasian/Man/m.04bt9q_0002.jpg,../images/test/data/Just_Images/Caucasian/Man/m.04bt9q_0003.jpg,0.8804994225502014,1
../images/test/data/Just_Images/Caucasian/Man/m.03xv7z_0001.jpg,../images/test/data/Just_Images/Caucasian/Man/m.03xv7z_0003.jpg,0.8935929536819458,1
../images/test/data/Just_Images/Caucasian/Man/m.02q9f06_0001.jpg,../images/test/data/Just_Images/Caucasian/Man/m.02q9f06_0002.jpg,0.7374160289764404,1
../images/test/data/Just_Images/Caucasian/Man/m.05t01gy_0004.jpg,../images/test/data/Just_Images/Caucasian/Man/m.05t01gy_0002.jpg,0.8867172002792358,1
../images/test/data/Just_Images/Caucasian/Man/m.0b47ns_0001.jpg,../images/test/data/Just_Images/Caucasian/Man/m.0b47ns_0002.jpg,0.9245973825454712,1
../images/test/data/Just_Images/Caucasian/Woman/m.025wgbz_0003.jpg,../images/test/data/Just_Images/Caucasian/Woman/m.025wgbz_0001.jpg,0.8737884759902954,1
../images/test/data/Just_Images/Caucasian/Man/m.02qfxhy_0002.jpg,../images/test/data/Just_Images/Caucasian/Man/m.02qfxhy_0004.jpg,0.8825473189353943,1
../images/test/data/Just_Images/Caucasian/Man/m.0gbxdbg_0001.jpg,../images/test/data/Just_Images/Caucasian/Man/m.0gbxdbg_0002.jpg,0.8414590358734131,1
../images/test/data/Just_Images/Caucasian/Woman/m.04lh7qd_0003.jpg,../images/test/data/Just_Images/Caucasian/Woman/m.04lh7qd_0001.jpg,0.9150119423866272,1
../images/test/data/Just_Images/Caucasian/Woman/m.02vn7m9_0001.jpg,../images/test/data/Just_Images/Caucasian/Woman/m.02vn7m9_0002.jpg,0.9304452538490295,1
../images/test/data/Just_Images/Caucasian/Man/m.08mwh9_0003.jpg,../images/test/data/Just_Images/Caucasian/Man/m.08mwh9_0002.jpg,0.8825384378433228,1
../images/test/data/Just_Images/Caucasian/Man/m.04134b2_0003.jpg,../images/test/data/Just_Images/Caucasian/Man/m.04134b2_0001.jpg,0.7857742309570312,1
../images/test/data/Just_Images/Caucasian/Man/m.0cl29w_0001.jpg,../images/test/data/Just_Images/Caucasian/Man/m.0cl29w_0003.jpg,0.8925334215164185,1
../images/test/data/Just_Images/Caucasian/Man/m.026j908_0003.jpg,../images/test/data/Just_Images/Caucasian/Man/m.026j908_0001.jpg,0.8227918148040771,1
../images/test/data/Just_Images/Caucasian/Man/m.065y66x_0002.jpg,../images/test/data/Just_Images/Caucasian/Man/m.065y66x_0001.jpg,0.7274495959281921,1
../images/test/data/Just_Images/Caucasian/Woman/m.0521wcd_0002.jpg,../images/test/data/Just_Images/Caucasian/Woman/m.0521wcd_0003.jpg,0.8969623446464539,1
../images/test/data/Just_Images/Caucasian/Man/m.0515s8_0002.jpg,../images/test/data/Just_Images/Caucasian/Man/m.0515s8_0001.jpg,0.9109838008880615,1
../images/test/data/Just_Images/Caucasian/Man/m.0b61_h_0001.jpg,../images/test/data/Just_Images/Caucasian/Man/m.0b61_h_0003.jpg,0.8487776517868042,1
../images/test/data/Just_Images/Caucasian/Man/m.02rp9ly_0003.jpg,../images/test/data/Just_Images/Caucasian/Man/m.02rp9ly_0002.jpg,0.8870035409927368,1
../images/test/data/Just_Images/Caucasian/Man/m.02pk8c9_0002.jpg,../images/test/data/Just_Images/Caucasian/Man/m.02pk8c9_0003.jpg,0.9148407578468323,1
../images/test/data/Just_Images/Caucasian/Man/m.0h36nm_0003.jpg,../images/test/data/Just_Images/Caucasian/Man/m.0h36nm_0002.jpg,0.9020777940750122,1
../images/test/data/Just_Images/Caucasian/Woman/m.09wsvh_0003.jpg,../images/test/data/Just_Images/Caucasian/Woman/m.09wsvh_0002.jpg,0.9143090844154358,1
../images/test/data/Just_Images/Caucasian/Woman/m.08_nsh_0003.jpg,../images/test/data/Just_Images/Caucasian/Woman/m.08_nsh_0002.jpg,0.934701681137085,1
../images/test/data/Just_Images/Caucasian/Man/m.07939s_0002.jpg,../images/test/data/Just_Images/Caucasian/Man/m.07939s_0001.jpg,0.905584990978241,1
../images/test/data/Just_Images/Caucasian/Man/m.08xkdn_0001.jpg,../images/test/data/Just_Images/Caucasian/Man/m.08xkdn_0003.jpg,0.8465332984924316,1
../images/test/data/Just_Images/Caucasian/Man/m.0dmxm__0003.jpg,../images/test/data/Just_Images/Caucasian/Man/m.0dmxm__0001.jpg,0.7915451526641846,1
../images/test/data/Just_Images/Caucasian/Man/m.06yckn_0001.jpg,../images/test/data/Just_Images/Caucasian/Man/m.06yckn_0003.jpg,0.8217453956604004,1
../images/test/data/Just_Images/Caucasian/Man/m.0dmn2b_0003.jpg,../images/test/data/Just_Images/Caucasian/Man/m.0dmn2b_0001.jpg,0.8539519309997559,1
../images/test/data/Just_Images/Caucasian/Man/m.02zljk_0003.jpg,../images/test/data/Just_Images/Caucasian/Man/m.02zljk_0002.jpg,0.9690595865249634,1
../images/test/data/Just_Images/Caucasian/Woman/m.075z3n_0001.jpg,../images/test/data/Just_Images/Caucasian/Woman/m.075z3n_0002.jpg,0.9366096258163452,1
../images/test/data/Just_Images/Caucasian/Woman/m.0b90h0_0003.jpg,../images/test/data/Just_Images/Caucasian/Woman/m.0b90h0_0002.jpg,0.9060942530632019,1
../images/test/data/Just_Images/Caucasian/Man/m.01w83xk_0002.jpg,../images/test/data/Just_Images/Caucasian/Man/m.01w83xk_0003.jpg,0.8433956503868103,1
../images/test/data/Just_Images/Caucasian/Woman/m.0dhcrh_0002.jpg,../images/test/data/Just_Images/Caucasian/Woman/m.0dhcrh_0001.jpg,0.9109936356544495,1
../images/test/data/Just_Images/Caucasian/Man/m.02qjkcy_0001.jpg,../images/test/data/Just_Images/Caucasian/Man/m.02qjkcy_0002.jpg,0.9218282699584961,1
../images/test/data/Just_Images/Caucasian/Man/m.0kk4q_0003.jpg,../images/test/data/Just_Images/Caucasian/Man/m.0kk4q_0001.jpg,0.9230633974075317,1
../images/test/data/Just_Images/Caucasian/Man/m.041bzs_0002.jpg,../images/test/data/Just_Images/Caucasian/Man/m.041bzs_0001.jpg,0.8124401569366455,1
../images/test/data/Just_Images/Caucasian/Man/m.0crcjd9_0003.jpg,../images/test/data/Just_Images/Caucasian/Man/m.0crcjd9_0002.jpg,0.8555247783660889,1
../images/test/data/Just_Images/Caucasian/Man/m.05zkd3_0004.jpg,../images/test/data/Just_Images/Caucasian/Man/m.05zkd3_0001.jpg,0.8897029161453247,1
../images/test/data/Just_Images/Caucasian/Man/m.080j2c9_0001.jpg,../images/test/data/Just_Images/Caucasian/Man/m.080j2c9_0002.jpg,0.8717750310897827,1
../images/test/data/Just_Images/Caucasian/Man/m.018t67_0003.jpg,../images/test/data/Just_Images/Caucasian/Man/m.018t67_0001.jpg,0.9226870536804199,1
../images/test/data/Just_Images/Caucasian/Man/m.0364m5_0001.jpg,../images/test/data/Just_Images/Caucasian/Man/m.0364m5_0002.jpg,0.8178789615631104,1
../images/test/data/Just_Images/Caucasian/Woman/m.0h49z4_0001.jpg,../images/test/data/Just_Images/Caucasian/Woman/m.0h49z4_0004.jpg,0.8933260440826416,1
../images/test/data/Just_Images/Caucasian/Man/m.03hjzfd_0002.jpg,../images/test/data/Just_Images/Caucasian/Man/m.03hjzfd_0001.jpg,0.8370040655136108,1
../images/test/data/Just_Images/Caucasian/Man/m.040fhq_0001.jpg,../images/test/data/Just_Images/Caucasian/Man/m.040fhq_0003.jpg,0.8820348381996155,1
../images/test/data/Just_Images/Caucasian/Woman/m.0dltj_0002.jpg,../images/test/data/Just_Images/Caucasian/Woman/m.0dltj_0003.jpg,0.8528462648391724,1
../images/test/data/Just_Images/Caucasian/Man/m.04gnm10_0002.jpg,../images/test/data/Just_Images/Caucasian/Man/m.04gnm10_0003.jpg,0.8687924146652222,1
../images/test/data/Just_Images/Caucasian/Woman/m.04mn7m_0001.jpg,../images/test/data/Just_Images/Caucasian/Woman/m.04mn7m_0002.jpg,0.9016845226287842,1
../images/test/data/Just_Images/Caucasian/Man/m.0hgx__0002.jpg,../images/test/data/Just_Images/Caucasian/Man/m.0hgx__0003.jpg,0.8732922673225403,1
../images/test/data/Just_Images/Caucasian/Man/m.0hnbl2n_0001.jpg,../images/test/data/Just_Images/Caucasian/Man/m.0hnbl2n_0002.jpg,0.7957673668861389,1
../images/test/data/Just_Images/Caucasian/Woman/m.06bhxw_0001.jpg,../images/test/data/Just_Images/Caucasian/Woman/m.06bhxw_0003.jpg,0.9506291151046753,1
../images/test/data/Just_Images/Caucasian/Man/m.05nhmn_0002.jpg,../images/test/data/Just_Images/Caucasian/Man/m.05nhmn_0001.jpg,0.865180253982544,1
../images/test/data/Just_Images/Caucasian/Woman/m.069lpq_0003.jpg,../images/test/data/Just_Images/Caucasian/Woman/m.069lpq_0001.jpg,0.9483305215835571,1
../images/test/data/Just_Images/Caucasian/Woman/m.06y7t6_0002.jpg,../images/test/data/Just_Images/Caucasian/Woman/m.06y7t6_0001.jpg,0.9034453630447388,1
../images/test/data/Just_Images/Caucasian/Woman/m.051_0sq_0002.jpg,../images/test/data/Just_Images/Caucasian/Woman/m.051_0sq_0001.jpg,0.8878310918807983,1
../images/test/data/Just_Images/Caucasian/Woman/m.04w9ky_0001.jpg,../images/test/data/Just_Images/Caucasian/Woman/m.04w9ky_0003.jpg,0.9329001307487488,1
../images/test/data/Just_Images/Caucasian/Man/m.02wrbv_0001.jpg,../images/test/data/Just_Images/Caucasian/Man/m.02wrbv_0003.jpg,0.7514510154724121,1
../images/test/data/Just_Images/Caucasian/Woman/m.05c_wv_0004.jpg,../images/test/data/Just_Images/Caucasian/Woman/m.05c_wv_0002.jpg,0.8873797655105591,1
../images/test/data/Just_Images/Caucasian/Man/m.01nt7bh_0004.jpg,../images/test/data/Just_Images/Caucasian/Man/m.01nt7bh_0003.jpg,0.7830747365951538,1
../images/test/data/Just_Images/Caucasian/Man/m.05c07wb_0002.jpg,../images/test/data/Just_Images/Caucasian/Man/m.05c07wb_0001.jpg,0.902959942817688,1
../images/test/data/Just_Images/Caucasian/Man/m.09v3wc5_0003.jpg,../images/test/data/Just_Images/Caucasian/Man/m.09v3wc5_0001.jpg,0.8273199200630188,1
../images/test/data/Just_Images/Caucasian/Man/m.070p26_0003.jpg,../images/test/data/Just_Images/Caucasian/Man/m.070p26_0001.jpg,0.8503223657608032,1
../images/test/data/Just_Images/Caucasian/Man/m.04ygxkt_0003.jpg,../images/test/data/Just_Images/Caucasian/Man/m.04ygxkt_0001.jpg,0.7357549667358398,1
../images/test/data/Just_Images/Caucasian/Man/m.06d4rj_0002.jpg,../images/test/data/Just_Images/Caucasian/Man/m.06d4rj_0001.jpg,0.8073554635047913,1
../images/test/data/Just_Images/Caucasian/Man/m.01_pll_0001.jpg,../images/test/data/Just_Images/Caucasian/Man/m.01_pll_0004.jpg,0.8334957361221313,1
../images/test/data/Just_Images/Caucasian/Man/m.0c3tl_f_0004.jpg,../images/test/data/Just_Images/Caucasian/Man/m.0c3tl_f_0001.jpg,0.850693941116333,1
../images/test/data/Just_Images/Caucasian/Man/m.09pyn__0003.jpg,../images/test/data/Just_Images/Caucasian/Man/m.09pyn__0002.jpg,0.9225572347640991,1
../images/test/data/Just_Images/Caucasian/Woman/m.0g57v7j_0001.jpg,../images/test/data/Just_Images/Caucasian/Woman/m.0g57v7j_0003.jpg,0.7818403244018555,1
../images/test/data/Just_Images/Caucasian/Man/m.065fg7_0001.jpg,../images/test/data/Just_Images/Caucasian/Man/m.065fg7_0005.jpg,0.8680194020271301,1
../images/test/data/Just_Images/Caucasian/Man/m.08h_2n_0002.jpg,../images/test/data/Just_Images/Caucasian/Man/m.08h_2n_0001.jpg,0.8762283325195312,1
../images/test/data/Just_Images/Caucasian/Man/m.0bbzqzc_0002.jpg,../images/test/data/Just_Images/Caucasian/Man/m.0bbzqzc_0001.jpg,0.8367343544960022,1
../images/test/data/Just_Images/Caucasian/Man/m.052nxy_0002.jpg,../images/test/data/Just_Images/Caucasian/Man/m.052nxy_0001.jpg,0.9233606457710266,1
../images/test/data/Just_Images/Caucasian/Man/m.02q27k2_0003.jpg,../images/test/data/Just_Images/Caucasian/Man/m.02q27k2_0001.jpg,0.8738576173782349,1
../images/test/data/Just_Images/Caucasian/Man/m.027q3qg_0002.jpg,../images/test/data/Just_Images/Caucasian/Man/m.027q3qg_0004.jpg,0.8966538310050964,1
../images/test/data/Just_Images/Caucasian/Man/m.0gl1jv_0002.jpg,../images/test/data/Just_Images/Caucasian/Man/m.0gl1jv_0001.jpg,0.9028231501579285,1
../images/test/data/Just_Images/Caucasian/Woman/m.0g_gmg_0002.jpg,../images/test/data/Just_Images/Caucasian/Woman/m.0g_gmg_0003.jpg,0.9235895276069641,1
../images/test/data/Just_Images/Caucasian/Man/m.04n0wn__0001.jpg,../images/test/data/Just_Images/Caucasian/Man/m.04n0wn__0003.jpg,0.9109509587287903,1
../images/test/data/Just_Images/Caucasian/Woman/m.04797vx_0003.jpg,../images/test/data/Just_Images/Caucasian/Woman/m.04797vx_0004.jpg,0.843187689781189,1
../images/test/data/Just_Images/Caucasian/Man/m.01vx08v_0003.jpg,../images/test/data/Just_Images/Caucasian/Man/m.01vx08v_0001.jpg,0.9406526684761047,1
../images/test/data/Just_Images/Caucasian/Man/m.03n68w_0002.jpg,../images/test/data/Just_Images/Caucasian/Man/m.03n68w_0004.jpg,0.8858712911605835,1
../images/test/data/Just_Images/Caucasian/Man/m.042hzg_0003.jpg,../images/test/data/Just_Images/Caucasian/Man/m.042hzg_0002.jpg,0.908551812171936,1
../images/test/data/Just_Images/Caucasian/Man/m.01vzrpq_0001.jpg,../images/test/data/Just_Images/Caucasian/Man/m.01vzrpq_0002.jpg,0.8788115978240967,1
../images/test/data/Just_Images/Caucasian/Man/m.06_6j3_0001.jpg,../images/test/data/Just_Images/Caucasian/Man/m.06_6j3_0003.jpg,0.892564058303833,1
../images/test/data/Just_Images/Caucasian/Woman/m.04778_0003.jpg,../images/test/data/Just_Images/Caucasian/Woman/m.04778_0002.jpg,0.9524051547050476,1
../images/test/data/Just_Images/Caucasian/Man/m.02zrgt_0001.jpg,../images/test/data/Just_Images/Caucasian/Man/m.02zrgt_0003.jpg,0.9004842042922974,1
../images/test/data/Just_Images/Caucasian/Man/m.0ftrjf_0001.jpg,../images/test/data/Just_Images/Caucasian/Man/m.0ftrjf_0002.jpg,0.873345136642456,1
../images/test/data/Just_Images/Caucasian/Woman/m.01r4_t_0004.jpg,../images/test/data/Just_Images/Caucasian/Woman/m.01r4_t_0001.jpg,0.7122794389724731,1
../images/test/data/Just_Images/Caucasian/Woman/m.02l9t8_0002.jpg,../images/test/data/Just_Images/Caucasian/Woman/m.02l9t8_0004.jpg,0.8554364442825317,1
../images/test/data/Just_Images/Caucasian/Woman/m.0j_33_r_0002.jpg,../images/test/data/Just_Images/Caucasian/Woman/m.0j_33_r_0001.jpg,0.8808114528656006,1
../images/test/data/Just_Images/Caucasian/Man/m.07qbxb_0001.jpg,../images/test/data/Just_Images/Caucasian/Man/m.07qbxb_0003.jpg,0.8051888942718506,1
../images/test/data/Just_Images/Caucasian/Man/m.0f081f_0001.jpg,../images/test/data/Just_Images/Caucasian/Man/m.0f081f_0003.jpg,0.9085063338279724,1
../images/test/data/Just_Images/Caucasian/Man/m.03tb4n_0002.jpg,../images/test/data/Just_Images/Caucasian/Man/m.03tb4n_0003.jpg,0.8948419690132141,1
../images/test/data/Just_Images/Caucasian/Woman/m.04z2xc_0003.jpg,../images/test/data/Just_Images/Caucasian/Woman/m.04z2xc_0002.jpg,0.8952906131744385,1
../images/test/data/Just_Images/Caucasian/Woman/m.0bgwxt_0001.jpg,../images/test/data/Just_Images/Caucasian/Woman/m.0bgwxt_0003.jpg,0.9279374480247498,1
../images/test/data/Just_Images/Caucasian/Man/m.02z814b_0001.jpg,../images/test/data/Just_Images/Caucasian/Man/m.02z814b_0004.jpg,0.7629246115684509,1
../images/test/data/Just_Images/Caucasian/Man/m.09rt81z_0001.jpg,../images/test/data/Just_Images/Caucasian/Man/m.09rt81z_0002.jpg,0.8452982902526855,1
../images/test/data/Just_Images/Caucasian/Man/m.01qlq1w_0001.jpg,../images/test/data/Just_Images/Caucasian/Man/m.01qlq1w_0002.jpg,0.9274040460586548,1
../images/test/data/Just_Images/Caucasian/Man/m.088qgm_0002.jpg,../images/test/data/Just_Images/Caucasian/Man/m.088qgm_0001.jpg,0.9166098237037659,1
../images/test/data/Just_Images/Caucasian/Man/m.06t8lv_0002.jpg,../images/test/data/Just_Images/Caucasian/Man/m.06t8lv_0003.jpg,0.8328561782836914,1
../images/test/data/Just_Images/Caucasian/Man/m.0g_00_0001.jpg,../images/test/data/Just_Images/Caucasian/Man/m.0g_00_0002.jpg,0.9588911533355713,1
../images/test/data/Just_Images/Caucasian/Man/m.0drjz8_0002.jpg,../images/test/data/Just_Images/Caucasian/Man/m.0drjz8_0003.jpg,0.9392337203025818,1
../images/test/data/Just_Images/Caucasian/Man/m.06rvvl_0003.jpg,../images/test/data/Just_Images/Caucasian/Man/m.06rvvl_0001.jpg,0.8644564151763916,1
../images/test/data/Just_Images/Caucasian/Man/m.0p8t21s_0001.jpg,../images/test/data/Just_Images/Caucasian/Man/m.0p8t21s_0003.jpg,0.8229610323905945,1
../images/test/data/Just_Images/Caucasian/Man/m.0fqqcz_0001.jpg,../images/test/data/Just_Images/Caucasian/Man/m.0fqqcz_0002.jpg,0.9292221069335938,1
../images/test/data/Just_Images/Caucasian/Man/m.02jp9__0001.jpg,../images/test/data/Just_Images/Caucasian/Man/m.02jp9__0003.jpg,0.9301661252975464,1
../images/test/data/Just_Images/Caucasian/Man/m.043cq6_0001.jpg,../images/test/data/Just_Images/Caucasian/Man/m.043cq6_0003.jpg,0.9260699152946472,1
../images/test/data/Just_Images/Caucasian/Man/m.046zl5_0002.jpg,../images/test/data/Just_Images/Caucasian/Man/m.046zl5_0003.jpg,0.8435263633728027,1
../images/test/data/Just_Images/Caucasian/Man/m.0778pj_0002.jpg,../images/test/data/Just_Images/Caucasian/Man/m.0778pj_0003.jpg,0.8297740817070007,1
../images/test/data/Just_Images/Caucasian/Man/m.08_qhp_0003.jpg,../images/test/data/Just_Images/Caucasian/Man/m.08_qhp_0002.jpg,0.9145450592041016,1
../images/test/data/Just_Images/Caucasian/Man/m.01js29_0001.jpg,../images/test/data/Just_Images/Caucasian/Man/m.01js29_0002.jpg,0.9244019985198975,1
../images/test/data/Just_Images/Caucasian/Woman/m.02kxwk_0003.jpg,../images/test/data/Just_Images/Caucasian/Woman/m.02kxwk_0002.jpg,0.9246290922164917,1
../images/test/data/Just_Images/Caucasian/Man/m.0n4bn92_0002.jpg,../images/test/data/Just_Images/Caucasian/Man/m.0n4bn92_0004.jpg,0.8806381225585938,1
../images/test/data/Just_Images/Caucasian/Woman/m.04_1mgd_0002.jpg,../images/test/data/Just_Images/Caucasian/Woman/m.04_1mgd_0001.jpg,0.8870827555656433,1
../images/test/data/Just_Images/Caucasian/Woman/m.0cgr5j_0002.jpg,../images/test/data/Just_Images/Caucasian/Woman/m.0cgr5j_0003.jpg,0.9270577430725098,1
../images/test/data/Just_Images/Caucasian/Woman/m.07z7vt_0001.jpg,../images/test/data/Just_Images/Caucasian/Woman/m.07z7vt_0002.jpg,0.7865771055221558,1
../images/test/data/Just_Images/Caucasian/Man/m.0wb4_0001.jpg,../images/test/data/Just_Images/Caucasian/Man/m.0wb4_0002.jpg,0.8524336814880371,1
../images/test/data/Just_Images/Caucasian/Man/m.02q29rn_0001.jpg,../images/test/data/Just_Images/Caucasian/Man/m.02q29rn_0002.jpg,0.7490682005882263,1
../images/test/data/Just_Images/Caucasian/Woman/m.028tyf_0002.jpg,../images/test/data/Just_Images/Caucasian/Woman/m.028tyf_0003.jpg,0.9335067272186279,1
../images/test/data/Just_Images/Caucasian/Man/m.03yv98_0001.jpg,../images/test/data/Just_Images/Caucasian/Man/m.03yv98_0003.jpg,0.9063321948051453,1
../images/test/data/Just_Images/Caucasian/Woman/m.0b9r56_0001.jpg,../images/test/data/Just_Images/Caucasian/Woman/m.0b9r56_0002.jpg,0.9548249244689941,1
../images/test/data/Just_Images/Caucasian/Woman/m.0ccply_0003.jpg,../images/test/data/Just_Images/Caucasian/Woman/m.0ccply_0002.jpg,0.9724741578102112,1
../images/test/data/Just_Images/Caucasian/Woman/m.04rb5v_0002.jpg,../images/test/data/Just_Images/Caucasian/Woman/m.04rb5v_0001.jpg,0.9126124382019043,1
../images/test/data/Just_Images/Caucasian/Man/m.0b38gz_0002.jpg,../images/test/data/Just_Images/Caucasian/Man/m.0b38gz_0003.jpg,0.9482839107513428,1
../images/test/data/Just_Images/Caucasian/Man/m.02pq0d9_0003.jpg,../images/test/data/Just_Images/Caucasian/Man/m.02pq0d9_0002.jpg,0.8890730142593384,1
../images/test/data/Just_Images/Caucasian/Man/m.02rbgrl_0001.jpg,../images/test/data/Just_Images/Caucasian/Man/m.02rbgrl_0003.jpg,0.8142110705375671,1
../images/test/data/Just_Images/Caucasian/Woman/m.02dpkj_0001.jpg,../images/test/data/Just_Images/Caucasian/Woman/m.02dpkj_0002.jpg,0.9060632586479187,1
../images/test/data/Just_Images/Caucasian/Man/m.0hmx0mg_0003.jpg,../images/test/data/Just_Images/Caucasian/Man/m.0hmx0mg_0001.jpg,0.7956088781356812,1
../images/test/data/Just_Images/Caucasian/Man/m.027233r_0002.jpg,../images/test/data/Just_Images/Caucasian/Man/m.027233r_0003.jpg,0.8802158832550049,1
../images/test/data/Just_Images/Caucasian/Woman/m.0bct0h_0003.jpg,../images/test/data/Just_Images/Caucasian/Woman/m.0bct0h_0001.jpg,0.9510409235954285,1
../images/test/data/Just_Images/Caucasian/Woman/m.026fj42_0001.jpg,../images/test/data/Just_Images/Caucasian/Woman/m.026fj42_0002.jpg,0.9550670981407166,1
../images/test/data/Just_Images/Caucasian/Man/m.01gbb4_0002.jpg,../images/test/data/Just_Images/Caucasian/Man/m.01gbb4_0001.jpg,0.9512364864349365,1
../images/test/data/Just_Images/Caucasian/Woman/m.09t4lp_0001.jpg,../images/test/data/Just_Images/Caucasian/Woman/m.09t4lp_0003.jpg,0.9242008924484253,1
../images/test/data/Just_Images/Caucasian/Woman/m.02ssqb_0001.jpg,../images/test/data/Just_Images/Caucasian/Woman/m.02ssqb_0004.jpg,0.9088767766952515,1
../images/test/data/Just_Images/Caucasian/Man/m.033lqh_0001.jpg,../images/test/data/Just_Images/Caucasian/Man/m.033lqh_0003.jpg,0.9028804302215576,1
../images/test/data/Just_Images/Caucasian/Man/m.01r43l_0001.jpg,../images/test/data/Just_Images/Caucasian/Man/m.01r43l_0002.jpg,0.8867515325546265,1
../images/test/data/Just_Images/Caucasian/Man/m.05f7k4x_0001.jpg,../images/test/data/Just_Images/Caucasian/Man/m.05f7k4x_0002.jpg,0.8822183609008789,1
../images/test/data/Just_Images/Caucasian/Man/m.02vl73x_0002.jpg,../images/test/data/Just_Images/Caucasian/Man/m.02vl73x_0001.jpg,0.8713445067405701,1
../images/test/data/Just_Images/Caucasian/Man/m.0zwh1k1_0004.jpg,../images/test/data/Just_Images/Caucasian/Man/m.0zwh1k1_0001.jpg,0.954614520072937,1
../images/test/data/Just_Images/Caucasian/Man/m.0b4kj5_0004.jpg,../images/test/data/Just_Images/Caucasian/Man/m.0b4kj5_0001.jpg,0.8219884634017944,1
../images/test/data/Just_Images/Caucasian/Man/m.0h2ftf_0004.jpg,../images/test/data/Just_Images/Caucasian/Man/m.0h2ftf_0003.jpg,0.839512288570404,1
../images/test/data/Just_Images/Caucasian/Woman/m.0gsksn_0002.jpg,../images/test/data/Just_Images/Caucasian/Woman/m.0gsksn_0003.jpg,0.7738128900527954,1
../images/test/data/Just_Images/Caucasian/Man/m.034bnd_0004.jpg,../images/test/data/Just_Images/Caucasian/Man/m.034bnd_0003.jpg,0.923805832862854,1
../images/test/data/Just_Images/Caucasian/Man/m.0cc7ywq_0003.jpg,../images/test/data/Just_Images/Caucasian/Man/m.0cc7ywq_0001.jpg,0.8846447467803955,1
../images/test/data/Just_Images/Caucasian/Man/m.05p7_tb_0004.jpg,../images/test/data/Just_Images/Caucasian/Man/m.05p7_tb_0003.jpg,0.8711806535720825,1
../images/test/data/Just_Images/Caucasian/Woman/m.06w9n4c_0001.jpg,../images/test/data/Just_Images/Caucasian/Woman/m.06w9n4c_0003.jpg,0.866938591003418,1
../images/test/data/Just_Images/Caucasian/Man/m.07ky6b_0002.jpg,../images/test/data/Just_Images/Caucasian/Man/m.07ky6b_0001.jpg,0.9013006091117859,1
../images/test/data/Just_Images/Caucasian/Man/m.06yscz_0001.jpg,../images/test/data/Just_Images/Caucasian/Man/m.06yscz_0003.jpg,0.9456661343574524,1
../images/test/data/Just_Images/Caucasian/Man/m.04vq3h_0004.jpg,../images/test/data/Just_Images/Caucasian/Man/m.04vq3h_0005.jpg,0.8365732431411743,1
../images/test/data/Just_Images/Caucasian/Woman/m.01r4447_0001.jpg,../images/test/data/Just_Images/Caucasian/Woman/m.01r4447_0002.jpg,0.9062110185623169,1
../images/test/data/Just_Images/Caucasian/Man/m.0g4xv9_0002.jpg,../images/test/data/Just_Images/Caucasian/Man/m.0g4xv9_0001.jpg,0.9060027599334717,1
../images/test/data/Just_Images/Caucasian/Man/m.0343_2_0003.jpg,../images/test/data/Just_Images/Caucasian/Man/m.0343_2_0001.jpg,0.7118465900421143,1
../images/test/data/Just_Images/Caucasian/Man/m.0cq3_r_0003.jpg,../images/test/data/Just_Images/Caucasian/Man/m.0cq3_r_0004.jpg,0.9326781034469604,1
../images/test/data/Just_Images/Caucasian/Man/m.046vvt_0003.jpg,../images/test/data/Just_Images/Caucasian/Man/m.046vvt_0002.jpg,0.9405435919761658,1
../images/test/data/Just_Images/Caucasian/Man/m.07f4wr_0003.jpg,../images/test/data/Just_Images/Caucasian/Man/m.07f4wr_0002.jpg,0.9376323223114014,1
../images/test/data/Just_Images/Caucasian/Man/m.0pcjw99_0001.jpg,../images/test/data/Just_Images/Caucasian/Man/m.0pcjw99_0002.jpg,0.8035317659378052,1
../images/test/data/Just_Images/Caucasian/Woman/m.027ylw_0001.jpg,../images/test/data/Just_Images/Caucasian/Woman/m.027ylw_0002.jpg,0.8885133266448975,1
../images/test/data/Just_Images/Caucasian/Man/m.03w4j4_0002.jpg,../images/test/data/Just_Images/Caucasian/Man/m.03w4j4_0003.jpg,0.8503838777542114,1
../images/test/data/Just_Images/Caucasian/Man/m.080ky6g_0001.jpg,../images/test/data/Just_Images/Caucasian/Man/m.080ky6g_0002.jpg,0.8155372142791748,1
../images/test/data/Just_Images/Caucasian/Man/m.02w6dfc_0002.jpg,../images/test/data/Just_Images/Caucasian/Man/m.02w6dfc_0001.jpg,0.8982049226760864,1
../images/test/data/Just_Images/Caucasian/Man/m.01ptrh_0005.jpg,../images/test/data/Just_Images/Caucasian/Man/m.01ptrh_0002.jpg,0.8976112008094788,1
../images/test/data/Just_Images/Caucasian/Man/m.05vqg_0001.jpg,../images/test/data/Just_Images/Caucasian/Man/m.05vqg_0002.jpg,0.9190067052841187,1
../images/test/data/Just_Images/Caucasian/Man/m.01387g_0001.jpg,../images/test/data/Just_Images/Caucasian/Man/m.01387g_0004.jpg,0.8437299132347107,1
../images/test/data/Just_Images/Caucasian/Man/m.015r3q_0001.jpg,../images/test/data/Just_Images/Caucasian/Man/m.015r3q_0004.jpg,0.9245131015777588,1
../images/test/data/Just_Images/Caucasian/Woman/m.08vrsq_0002.jpg,../images/test/data/Just_Images/Caucasian/Woman/m.08vrsq_0003.jpg,0.8660737872123718,1
../images/test/data/Just_Images/Caucasian/Man/m.0j28l3q_0002.jpg,../images/test/data/Just_Images/Caucasian/Man/m.0j28l3q_0001.jpg,0.8973127603530884,1
../images/test/data/Just_Images/Caucasian/Man/m.0fzspf_0001.jpg,../images/test/data/Just_Images/Caucasian/Man/m.0fzspf_0002.jpg,0.731677770614624,1
../images/test/data/Just_Images/Caucasian/Man/m.07dbmn_0002.jpg,../images/test/data/Just_Images/Caucasian/Man/m.07dbmn_0001.jpg,0.8445489406585693,1
../images/test/data/Just_Images/Caucasian/Man/m.054z0fx_0003.jpg,../images/test/data/Just_Images/Caucasian/Man/m.054z0fx_0001.jpg,0.9568164348602295,1
../images/test/data/Just_Images/Caucasian/Man/m.08pys0_0003.jpg,../images/test/data/Just_Images/Caucasian/Man/m.08pys0_0002.jpg,0.8921270966529846,1
../images/test/data/Just_Images/Caucasian/Man/m.01rcnr_0002.jpg,../images/test/data/Just_Images/Caucasian/Man/m.01rcnr_0003.jpg,0.9033769369125366,1
../images/test/data/Just_Images/Caucasian/Woman/m.0gbxscm_0001.jpg,../images/test/data/Just_Images/Caucasian/Woman/m.0gbxscm_0003.jpg,0.792957067489624,1
../images/test/data/Just_Images/Caucasian/Man/m.0167hz_0003.jpg,../images/test/data/Just_Images/Caucasian/Man/m.0167hz_0001.jpg,0.8588482141494751,1
../images/test/data/Just_Images/Caucasian/Woman/m.02w4fkq_0003.jpg,../images/test/data/Just_Images/Caucasian/Woman/m.02w4fkq_0005.jpg,0.8113213777542114,1
../images/test/data/Just_Images/Caucasian/Man/m.0pl2b_0_0002.jpg,../images/test/data/Just_Images/Caucasian/Man/m.0pl2b_0_0003.jpg,0.9050873517990112,1
../images/test/data/Just_Images/Caucasian/Man/m.0cjb7w_0002.jpg,../images/test/data/Just_Images/Caucasian/Man/m.0cjb7w_0001.jpg,0.9566342830657959,1
../images/test/data/Just_Images/Caucasian/Man/m.0k0pk97_0004.jpg,../images/test/data/Just_Images/Caucasian/Man/m.0k0pk97_0003.jpg,0.9065279960632324,1
../images/test/data/Just_Images/Caucasian/Man/m.09y58j_0002.jpg,../images/test/data/Just_Images/Caucasian/Man/m.09y58j_0003.jpg,0.8896946907043457,1
../images/test/data/Just_Images/Caucasian/Man/m.05mtwt_0003.jpg,../images/test/data/Just_Images/Caucasian/Man/m.05mtwt_0002.jpg,0.8314953446388245,1
../images/test/data/Just_Images/Caucasian/Man/m.07lj0y_0003.jpg,../images/test/data/Just_Images/Caucasian/Man/m.07lj0y_0002.jpg,0.7756694555282593,1
../images/test/data/Just_Images/Caucasian/Man/m.01w3117_0001.jpg,../images/test/data/Just_Images/Caucasian/Man/m.01w3117_0002.jpg,0.9110556840896606,1
../images/test/data/Just_Images/Caucasian/Woman/m.05ms4pb_0001.jpg,../images/test/data/Just_Images/Caucasian/Woman/m.05ms4pb_0003.jpg,0.7993341684341431,1
../images/test/data/Just_Images/Caucasian/Man/m.0b_vd5_0004.jpg,../images/test/data/Just_Images/Caucasian/Man/m.0b_vd5_0001.jpg,0.8712746500968933,1
../images/test/data/Just_Images/Caucasian/Woman/m.01npnk3_0004.jpg,../images/test/data/Just_Images/Caucasian/Woman/m.01npnk3_0003.jpg,0.9402894377708435,1
../images/test/data/Just_Images/Caucasian/Man/m.0h7k_7j_0003.jpg,../images/test/data/Just_Images/Caucasian/Man/m.0h7k_7j_0002.jpg,0.9186127185821533,1
../images/test/data/Just_Images/Caucasian/Man/m.01491d_0002.jpg,../images/test/data/Just_Images/Caucasian/Man/m.01491d_0003.jpg,0.8774001598358154,1
../images/test/data/Just_Images/Caucasian/Man/m.052_qn_0001.jpg,../images/test/data/Just_Images/Caucasian/Man/m.052_qn_0003.jpg,0.9257904887199402,1
../images/test/data/Just_Images/Caucasian/Man/m.02wx53z_0002.jpg,../images/test/data/Just_Images/Caucasian/Man/m.02wx53z_0001.jpg,0.8758090734481812,1
../images/test/data/Just_Images/Caucasian/Woman/m.0b__9tq_0001.jpg,../images/test/data/Just_Images/Caucasian/Woman/m.0b__9tq_0003.jpg,0.8183409571647644,1
../images/test/data/Just_Images/Caucasian/Man/m.0b6gv7_0002.jpg,../images/test/data/Just_Images/Caucasian/Man/m.0b6gv7_0003.jpg,0.90018630027771,1
../images/test/data/Just_Images/Caucasian/Man/m.0bqytm_0002.jpg,../images/test/data/Just_Images/Caucasian/Man/m.0bqytm_0001.jpg,0.8135753870010376,1
../images/test/data/Just_Images/Caucasian/Woman/m.0845nn_0005.jpg,../images/test/data/Just_Images/Caucasian/Woman/m.0845nn_0004.jpg,0.9077589511871338,1
../images/test/data/Just_Images/Caucasian/Man/m.01g1yy_0002.jpg,../images/test/data/Just_Images/Caucasian/Man/m.01g1yy_0001.jpg,0.9481204152107239,1
../images/test/data/Just_Images/Caucasian/Man/m.02j2y0_0002.jpg,../images/test/data/Just_Images/Caucasian/Man/m.02j2y0_0004.jpg,0.7271022200584412,1
../images/test/data/Just_Images/Caucasian/Man/m.01s4dk_0003.jpg,../images/test/data/Just_Images/Caucasian/Man/m.01s4dk_0001.jpg,0.7976467609405518,1
../images/test/data/Just_Images/Caucasian/Man/m.025csj_0002.jpg,../images/test/data/Just_Images/Caucasian/Man/m.025csj_0003.jpg,0.8604271411895752,1
../images/test/data/Just_Images/Caucasian/Man/m.09gk4md_0003.jpg,../images/test/data/Just_Images/Caucasian/Man/m.09gk4md_0004.jpg,0.8815889954566956,1
../images/test/data/Just_Images/Caucasian/Man/m.028116t_0004.jpg,../images/test/data/Just_Images/Caucasian/Man/m.028116t_0001.jpg,0.8915839195251465,1
../images/test/data/Just_Images/Caucasian/Man/m.03067p_0001.jpg,../images/test/data/Just_Images/Caucasian/Man/m.03067p_0004.jpg,0.9323402643203735,1
../images/test/data/Just_Images/Caucasian/Woman/m.02wc4p__0001.jpg,../images/test/data/Just_Images/Caucasian/Woman/m.02wc4p__0002.jpg,0.8514255285263062,1
../images/test/data/Just_Images/Caucasian/Woman/m.047fpjl_0002.jpg,../images/test/data/Just_Images/Caucasian/Woman/m.047fpjl_0004.jpg,0.9205882549285889,1
../images/test/data/Just_Images/Caucasian/Man/m.01dh0y_0003.jpg,../images/test/data/Just_Images/Caucasian/Man/m.01dh0y_0001.jpg,0.8491774201393127,1
../images/test/data/Just_Images/Caucasian/Man/m.03tg3x_0004.jpg,../images/test/data/Just_Images/Caucasian/Man/m.03tg3x_0005.jpg,0.8765207529067993,1
../images/test/data/Just_Images/Caucasian/Woman/m.01r5wc_0002.jpg,../images/test/data/Just_Images/Caucasian/Woman/m.01r5wc_0004.jpg,0.9299002885818481,1
../images/test/data/Just_Images/Caucasian/Man/m.07zmc2_0003.jpg,../images/test/data/Just_Images/Caucasian/Man/m.07zmc2_0002.jpg,0.8958288431167603,1
../images/test/data/Just_Images/Caucasian/Man/m.0h94ntg_0001.jpg,../images/test/data/Just_Images/Caucasian/Man/m.0h94ntg_0005.jpg,0.7748047113418579,1
../images/test/data/Just_Images/Caucasian/Woman/m.094xh_0001.jpg,../images/test/data/Just_Images/Caucasian/Woman/m.094xh_0003.jpg,0.8032059669494629,1
../images/test/data/Just_Images/Caucasian/Man/m.04640jp_0002.jpg,../images/test/data/Just_Images/Caucasian/Man/m.04640jp_0001.jpg,0.9302271604537964,1
../images/test/data/Just_Images/Caucasian/Woman/m.0ds9hhq_0001.jpg,../images/test/data/Just_Images/Caucasian/Woman/m.0ds9hhq_0002.jpg,0.7839280962944031,1
../images/test/data/Just_Images/Caucasian/Man/m.0b69rx_0002.jpg,../images/test/data/Just_Images/Caucasian/Man/m.0b69rx_0004.jpg,0.8710711002349854,1
../images/test/data/Just_Images/Caucasian/Man/m.0h1dn6q_0001.jpg,../images/test/data/Just_Images/Caucasian/Man/m.0h1dn6q_0003.jpg,0.7801283597946167,1
../images/test/data/Just_Images/Caucasian/Woman/m.0dwwrd_0002.jpg,../images/test/data/Just_Images/Caucasian/Woman/m.0dwwrd_0003.jpg,0.8998804092407227,1
../images/test/data/Just_Images/Caucasian/Man/m.0fh5d9_0003.jpg,../images/test/data/Just_Images/Caucasian/Man/m.0fh5d9_0002.jpg,0.8421522378921509,1
../images/test/data/Just_Images/Caucasian/Man/m.08qy73_0002.jpg,../images/test/data/Just_Images/Caucasian/Man/m.08qy73_0001.jpg,0.8926166296005249,1
../images/test/data/Just_Images/Caucasian/Man/m.02q484d_0002.jpg,../images/test/data/Just_Images/Caucasian/Man/m.02q484d_0003.jpg,0.8801676034927368,1
../images/test/data/Just_Images/Caucasian/Man/m.07fwwt_0001.jpg,../images/test/data/Just_Images/Caucasian/Man/m.07fwwt_0003.jpg,0.9541717767715454,1
../images/test/data/Just_Images/Caucasian/Man/m.03fh72_0001.jpg,../images/test/data/Just_Images/Caucasian/Man/m.03fh72_0003.jpg,0.7833549976348877,1
../images/test/data/Just_Images/Caucasian/Man/m.08yxz__0001.jpg,../images/test/data/Just_Images/Caucasian/Man/m.08yxz__0003.jpg,0.8940474987030029,1
../images/test/data/Just_Images/Caucasian/Man/m.07wxzf_0003.jpg,../images/test/data/Just_Images/Caucasian/Man/m.07wxzf_0001.jpg,0.794866681098938,1
../images/test/data/Just_Images/Caucasian/Woman/m.0djlqh_0004.jpg,../images/test/data/Just_Images/Caucasian/Woman/m.0djlqh_0005.jpg,0.9447193145751953,1
../images/test/data/Just_Images/Caucasian/Woman/m.033_rf_0004.jpg,../images/test/data/Just_Images/Caucasian/Woman/m.033_rf_0005.jpg,0.9114129543304443,1
../images/test/data/Just_Images/Caucasian/Man/m.01mc7k7_0003.jpg,../images/test/data/Just_Images/Caucasian/Man/m.01mc7k7_0002.jpg,0.8665799498558044,1
../images/test/data/Just_Images/Caucasian/Man/m.042rb0_0004.jpg,../images/test/data/Just_Images/Caucasian/Man/m.042rb0_0001.jpg,0.8651745915412903,1
../images/test/data/Just_Images/Caucasian/Man/m.027k130_0002.jpg,../images/test/data/Just_Images/Caucasian/Man/m.027k130_0003.jpg,0.8586133718490601,1
../images/test/data/Just_Images/Caucasian/Man/m.07h5d_0001.jpg,../images/test/data/Just_Images/Caucasian/Man/m.07h5d_0003.jpg,0.8598698377609253,1
../images/test/data/Just_Images/Caucasian/Man/m.03clrkq_0004.jpg,../images/test/data/Just_Images/Caucasian/Man/m.03clrkq_0003.jpg,0.8048772811889648,1
../images/test/data/Just_Images/Caucasian/Man/m.037t34_0002.jpg,../images/test/data/Just_Images/Caucasian/Man/m.037t34_0001.jpg,0.8973644971847534,1
../images/test/data/Just_Images/Caucasian/Woman/m.060d5l_0002.jpg,../images/test/data/Just_Images/Caucasian/Woman/m.060d5l_0004.jpg,0.8926985263824463,1
../images/test/data/Just_Images/Caucasian/Woman/m.03z0xl_0003.jpg,../images/test/data/Just_Images/Caucasian/Woman/m.03z0xl_0001.jpg,0.8300472497940063,1
../images/test/data/Just_Images/Caucasian/Man/m.0b8_2v_0001.jpg,../images/test/data/Just_Images/Caucasian/Man/m.0b8_2v_0002.jpg,0.8007296323776245,1
../images/test/data/Just_Images/Caucasian/Man/m.033mtp_0002.jpg,../images/test/data/Just_Images/Caucasian/Man/m.033mtp_0001.jpg,0.8899192810058594,1
../images/test/data/Just_Images/Caucasian/Man/m.0n52_0j_0001.jpg,../images/test/data/Just_Images/Caucasian/Man/m.0n52_0j_0003.jpg,0.8802815675735474,1
../images/test/data/Just_Images/Caucasian/Man/m.06dj3d_0004.jpg,../images/test/data/Just_Images/Caucasian/Man/m.06dj3d_0002.jpg,0.8183959722518921,1
../images/test/data/Just_Images/Caucasian/Man/m.05nnvb_0002.jpg,../images/test/data/Just_Images/Caucasian/Man/m.05nnvb_0001.jpg,0.9203126430511475,1
../images/test/data/Just_Images/Caucasian/Man/m.04k4jh_0001.jpg,../images/test/data/Just_Images/Caucasian/Man/m.04k4jh_0003.jpg,0.9628118276596069,1
../images/test/data/Just_Images/Caucasian/Man/m.01zbjj_0003.jpg,../images/test/data/Just_Images/Caucasian/Man/m.01zbjj_0002.jpg,0.796606183052063,1
../images/test/data/Just_Images/Caucasian/Man/m.08hphm_0001.jpg,../images/test/data/Just_Images/Caucasian/Man/m.08hphm_0003.jpg,0.9294282793998718,1
../images/test/data/Just_Images/Caucasian/Man/m.04rplp_0002.jpg,../images/test/data/Just_Images/Caucasian/Man/m.04rplp_0003.jpg,0.896241307258606,1
../images/test/data/Just_Images/Caucasian/Man/m.01vt203_0003.jpg,../images/test/data/Just_Images/Caucasian/Man/m.01vt203_0001.jpg,0.8533297777175903,1
../images/test/data/Just_Images/Caucasian/Man/m.026nv3_0001.jpg,../images/test/data/Just_Images/Caucasian/Man/m.026nv3_0003.jpg,0.9342842698097229,1
../images/test/data/Just_Images/Caucasian/Man/m.0fjrcl_0002.jpg,../images/test/data/Just_Images/Caucasian/Man/m.0fjrcl_0001.jpg,0.7921996712684631,1
../images/test/data/Just_Images/Caucasian/Man/m.06_nzh_0005.jpg,../images/test/data/Just_Images/Caucasian/Man/m.06_nzh_0002.jpg,0.8120808601379395,1
../images/test/data/Just_Images/Caucasian/Man/m.0gz53w3_0002.jpg,../images/test/data/Just_Images/Caucasian/Man/m.0gz53w3_0001.jpg,0.8882688879966736,1
../images/test/data/Just_Images/Caucasian/Man/m.04l13q_0001.jpg,../images/test/data/Just_Images/Caucasian/Man/m.04l13q_0002.jpg,0.7806152701377869,1
../images/test/data/Just_Images/Caucasian/Man/m.01m1mh2_0001.jpg,../images/test/data/Just_Images/Caucasian/Man/m.01m1mh2_0002.jpg,0.859232485294342,1
../images/test/data/Just_Images/Caucasian/Man/m.07h_0h_0001.jpg,../images/test/data/Just_Images/Caucasian/Man/m.07h_0h_0003.jpg,0.9069187045097351,1
../images/test/data/Just_Images/Caucasian/Man/m.0f307d_0002.jpg,../images/test/data/Just_Images/Caucasian/Man/m.0f307d_0004.jpg,0.9476942420005798,1
../images/test/data/Just_Images/Caucasian/Woman/m.02f8lw_0001.jpg,../images/test/data/Just_Images/Caucasian/Woman/m.02f8lw_0002.jpg,0.8851135969161987,1
../images/test/data/Just_Images/Caucasian/Woman/m.07yc88_0001.jpg,../images/test/data/Just_Images/Caucasian/Woman/m.07yc88_0002.jpg,0.8918030261993408,1
../images/test/data/Just_Images/Caucasian/Man/m.01s2zh3_0001.jpg,../images/test/data/Just_Images/Caucasian/Man/m.01s2zh3_0003.jpg,0.9076817035675049,1
../images/test/data/Just_Images/Caucasian/Woman/m.047tfjl_0002.jpg,../images/test/data/Just_Images/Caucasian/Woman/m.047tfjl_0001.jpg,0.9234251976013184,1
../images/test/data/Just_Images/Caucasian/Woman/m.07rtp3_0002.jpg,../images/test/data/Just_Images/Caucasian/Woman/m.07rtp3_0001.jpg,0.8551766872406006,1
../images/test/data/Just_Images/Caucasian/Man/m.02vyzmz_0001.jpg,../images/test/data/Just_Images/Caucasian/Man/m.02vyzmz_0002.jpg,0.8785608410835266,1
../images/test/data/Just_Images/Caucasian/Woman/m.0223zk_0004.jpg,../images/test/data/Just_Images/Caucasian/Woman/m.0223zk_0003.jpg,0.8212883472442627,1
../images/test/data/Just_Images/Caucasian/Woman/m.0q40vc5_0001.jpg,../images/test/data/Just_Images/Caucasian/Woman/m.0q40vc5_0004.jpg,0.9503979086875916,1
../images/test/data/Just_Images/Caucasian/Man/m.03c0k_0002.jpg,../images/test/data/Just_Images/Caucasian/Man/m.03c0k_0001.jpg,0.9208891987800598,1
../images/test/data/Just_Images/Caucasian/Man/m.05c1bgv_0004.jpg,../images/test/data/Just_Images/Caucasian/Man/m.05c1bgv_0002.jpg,0.8462705612182617,1
../images/test/data/Just_Images/Caucasian/Man/m.01khg3_0002.jpg,../images/test/data/Just_Images/Caucasian/Man/m.0qkrj_0002.jpg,0.7913545370101929,0
../images/test/data/Just_Images/Caucasian/Man/m.0b4qm3_0003.jpg,../images/test/data/Just_Images/Caucasian/Man/m.0d8p05_0006.jpg,0.8811944723129272,0
../images/test/data/Just_Images/Caucasian/Woman/m.0ddy2l_0001.jpg,../images/test/data/Just_Images/Caucasian/Man/m.0c7bmj_0004.jpg,0.9441072344779968,0
../images/test/data/Just_Images/Caucasian/Man/m.012s3y_0002.jpg,../images/test/data/Just_Images/Caucasian/Man/m.02qw0c4_0003.jpg,0.8928634524345398,0
../images/test/data/Just_Images/Caucasian/Woman/m.0c1cmz_0003.jpg,../images/test/data/Just_Images/Caucasian/Man/m.05gqsl_0003.jpg,0.9115175008773804,0
../images/test/data/Just_Images/Caucasian/Woman/m.04_08r__0001.jpg,../images/test/data/Just_Images/Caucasian/Man/m.02g3ds_0001.jpg,0.9207576513290405,0
../images/test/data/Just_Images/Caucasian/Man/m.026j908_0002.jpg,../images/test/data/Just_Images/Caucasian/Man/m.0dlm4zc_0003.jpg,0.8311091661453247,0
../images/test/data/Just_Images/Caucasian/Woman/m.04gtkcd_0002.jpg,../images/test/data/Just_Images/Caucasian/Man/m.065_s9h_0004.jpg,0.8422412276268005,0
../images/test/data/Just_Images/Caucasian/Man/m.029h0g_0001.jpg,../images/test/data/Just_Images/Caucasian/Man/m.06h_0v_0003.jpg,0.865594208240509,0
../images/test/data/Just_Images/Caucasian/Man/m.0150t6_0001.jpg,../images/test/data/Just_Images/Caucasian/Man/m.09mrbq_0001.jpg,0.8963691592216492,0
../images/test/data/Just_Images/Caucasian/Man/m.072bxj_0001.jpg,../images/test/data/Just_Images/Caucasian/Man/m.0585mx_0001.jpg,0.921367883682251,0
../images/test/data/Just_Images/Caucasian/Woman/m.02qxh28_0001.jpg,../images/test/data/Just_Images/Caucasian/Man/m.07s9qmw_0003.jpg,0.8275443315505981,0
../images/test/data/Just_Images/Caucasian/Man/m.08bzjq_0001.jpg,../images/test/data/Just_Images/Caucasian/Man/m.01pn28c_0001.jpg,0.7258716821670532,0
../images/test/data/Just_Images/Caucasian/Woman/m.01pvywj_0001.jpg,../images/test/data/Just_Images/Caucasian/Woman/m.05c4f94_0003.jpg,0.8734188079833984,0
../images/test/data/Just_Images/Caucasian/Man/m.0fsx_k_0002.jpg,../images/test/data/Just_Images/Caucasian/Man/m.03gyy91_0002.jpg,0.9445092678070068,0
../images/test/data/Just_Images/Caucasian/Man/m.0j28kl9_0003.jpg,../images/test/data/Just_Images/Caucasian/Man/m.07x23t_0001.jpg,0.8463826179504395,0
../images/test/data/Just_Images/Caucasian/Man/m.01hlvhq_0001.jpg,../images/test/data/Just_Images/Caucasian/Man/m.03gk9b_0003.jpg,0.9263063669204712,0
../images/test/data/Just_Images/Caucasian/Woman/m.02q6t6j_0005.jpg,../images/test/data/Just_Images/Caucasian/Man/m.04l1pv_0003.jpg,0.82056725025177,0
../images/test/data/Just_Images/Caucasian/Man/m.05hvy4_0004.jpg,../images/test/data/Just_Images/Caucasian/Man/m.0p_jc_0002.jpg,0.8952687978744507,0
../images/test/data/Just_Images/Caucasian/Man/m.051_p87_0002.jpg,../images/test/data/Just_Images/Caucasian/Man/m.01w9m0k_0003.jpg,0.8789349794387817,0
../images/test/data/Just_Images/Caucasian/Man/m.02rx86_0002.jpg,../images/test/data/Just_Images/Caucasian/Man/m.05zp39m_0002.jpg,0.9094023108482361,0
../images/test/data/Just_Images/Caucasian/Man/m.0gx_ccs_0002.jpg,../images/test/data/Just_Images/Caucasian/Man/m.01m1mh2_0002.jpg,0.8135402202606201,0
../images/test/data/Just_Images/Caucasian/Man/m.02xpkw_0002.jpg,../images/test/data/Just_Images/Caucasian/Man/m.0gcxbt6_0001.jpg,0.8674390316009521,0
../images/test/data/Just_Images/Caucasian/Man/m.03f2lhd_0001.jpg,../images/test/data/Just_Images/Caucasian/Man/m.01_gcy_0003.jpg,0.8896980881690979,0
../images/test/data/Just_Images/Caucasian/Man/m.090mls_0002.jpg,../images/test/data/Just_Images/Caucasian/Man/m.01451__0004.jpg,0.8731256127357483,0
../images/test/data/Just_Images/Caucasian/Man/m.01pgwcf_0001.jpg,../images/test/data/Just_Images/Caucasian/Woman/m.02tqcw_0003.jpg,0.8193323016166687,0
../images/test/data/Just_Images/Caucasian/Man/m.0djvkmb_0002.jpg,../images/test/data/Just_Images/Caucasian/Man/m.053ymk_0001.jpg,0.8266851305961609,0
../images/test/data/Just_Images/Caucasian/Man/m.07rzfx_0003.jpg,../images/test/data/Just_Images/Caucasian/Man/m.0hnc76t_0003.jpg,0.9356809854507446,0
../images/test/data/Just_Images/Caucasian/Man/m.0219kb_0002.jpg,../images/test/data/Just_Images/Caucasian/Man/m.027xrq_0002.jpg,0.8446393013000488,0
../images/test/data/Just_Images/Caucasian/Man/m.01m1mh2_0001.jpg,../images/test/data/Just_Images/Caucasian/Man/m.04y5j4n_0004.jpg,0.8868047595024109,0
../images/test/data/Just_Images/Caucasian/Man/m.02q6n5_0001.jpg,../images/test/data/Just_Images/Caucasian/Man/m.07rny4_0001.jpg,0.884068489074707,0
../images/test/data/Just_Images/Caucasian/Man/m.023lrv_0002.jpg,../images/test/data/Just_Images/Caucasian/Man/m.055bcck_0004.jpg,0.7659587264060974,0
../images/test/data/Just_Images/Caucasian/Woman/m.08vff9_0001.jpg,../images/test/data/Just_Images/Caucasian/Man/m.02v_04r_0003.jpg,0.8449546098709106,0
../images/test/data/Just_Images/Caucasian/Man/m.0413d4v_0002.jpg,../images/test/data/Just_Images/Caucasian/Woman/m.0dwhy_0002.jpg,0.9144273996353149,0
../images/test/data/Just_Images/Caucasian/Man/m.03vvlm_0003.jpg,../images/test/data/Just_Images/Caucasian/Man/m.02vxmw3_0001.jpg,0.9125564694404602,0
../images/test/data/Just_Images/Caucasian/Man/m.025xdfy_0001.jpg,../images/test/data/Just_Images/Caucasian/Man/m.053ymk_0004.jpg,0.8840942978858948,0
../images/test/data/Just_Images/Caucasian/Man/m.03d258z_0006.jpg,../images/test/data/Just_Images/Caucasian/Man/m.01kd57_0003.jpg,0.7554885149002075,0
../images/test/data/Just_Images/Caucasian/Woman/m.03h1yrz_0004.jpg,../images/test/data/Just_Images/Caucasian/Woman/m.027n6t8_0004.jpg,0.9313982129096985,0
../images/test/data/Just_Images/Caucasian/Woman/m.04n3skk_0001.jpg,../images/test/data/Just_Images/Caucasian/Woman/m.04ql20_0001.jpg,0.9085066914558411,0
../images/test/data/Just_Images/Caucasian/Woman/m.0ghybz_0001.jpg,../images/test/data/Just_Images/Caucasian/Man/m.0dgq72l_0004.jpg,0.9395275712013245,0
../images/test/data/Just_Images/Caucasian/Man/m.01vzrpq_0003.jpg,../images/test/data/Just_Images/Caucasian/Man/m.05pc2qb_0002.jpg,0.8400222063064575,0
../images/test/data/Just_Images/Caucasian/Man/m.06qz9f_0001.jpg,../images/test/data/Just_Images/Caucasian/Woman/m.060gwl_0003.jpg,0.9494202136993408,0
../images/test/data/Just_Images/Caucasian/Man/m.0ll2_ny_0001.jpg,../images/test/data/Just_Images/Caucasian/Woman/m.026j3gs_0002.jpg,0.7312459945678711,0
../images/test/data/Just_Images/Caucasian/Woman/m.02z5j2r_0002.jpg,../images/test/data/Just_Images/Caucasian/Man/m.0hl3d_0001.jpg,0.8069379329681396,0
../images/test/data/Just_Images/Caucasian/Man/m.01p4r3_0001.jpg,../images/test/data/Just_Images/Caucasian/Man/m.05hvy4_0001.jpg,0.9202018976211548,0
../images/test/data/Just_Images/Caucasian/Man/m.04wc1h_0001.jpg,../images/test/data/Just_Images/Caucasian/Man/m.01rmlmn_0003.jpg,0.8431166410446167,0
../images/test/data/Just_Images/Caucasian/Man/m.0gfc_5__0004.jpg,../images/test/data/Just_Images/Caucasian/Man/m.034d_j_0004.jpg,0.8184411525726318,0
../images/test/data/Just_Images/Caucasian/Man/m.052_qn_0002.jpg,../images/test/data/Just_Images/Caucasian/Man/m.04jg_m_0005.jpg,0.7274928689002991,0
../images/test/data/Just_Images/Caucasian/Man/m.0gczfv_0003.jpg,../images/test/data/Just_Images/Caucasian/Man/m.02zrgt_0002.jpg,0.8801334500312805,0
../images/test/data/Just_Images/Caucasian/Man/m.05t01gy_0001.jpg,../images/test/data/Just_Images/Caucasian/Man/m.057b02_0001.jpg,0.7859092950820923,0
../images/test/data/Just_Images/Caucasian/Man/m.022k9k_0001.jpg,../images/test/data/Just_Images/Caucasian/Woman/m.05hs7z_0001.jpg,0.8710639476776123,0
../images/test/data/Just_Images/Caucasian/Man/m.07vq3g_0002.jpg,../images/test/data/Just_Images/Caucasian/Man/m.062srm_0004.jpg,0.8522034883499146,0
../images/test/data/Just_Images/Caucasian/Man/m.0cbkw_0002.jpg,../images/test/data/Just_Images/Caucasian/Man/m.0dlfjj_0002.jpg,0.9019582271575928,0
../images/test/data/Just_Images/Caucasian/Man/m.06ck88_0004.jpg,../images/test/data/Just_Images/Caucasian/Man/m.0h94ntg_0004.jpg,0.8215495347976685,0
../images/test/data/Just_Images/Caucasian/Man/m.02r_bmd_0002.jpg,../images/test/data/Just_Images/Caucasian/Man/m.01thjy9_0003.jpg,0.864405632019043,0
../images/test/data/Just_Images/Caucasian/Woman/m.096589_0004.jpg,../images/test/data/Just_Images/Caucasian/Man/m.09wmk__0004.jpg,0.9044173359870911,0
../images/test/data/Just_Images/Caucasian/Woman/m.01t2sk_0004.jpg,../images/test/data/Just_Images/Caucasian/Man/m.08c0_0_0004.jpg,0.8962403535842896,0
../images/test/data/Just_Images/Caucasian/Man/m.0k_wwh_0001.jpg,../images/test/data/Just_Images/Caucasian/Man/m.0364m5_0004.jpg,0.9268268942832947,0
../images/test/data/Just_Images/Caucasian/Woman/m.06hh33_0003.jpg,../images/test/data/Just_Images/Caucasian/Woman/m.03dmy0_0004.jpg,0.917735755443573,0
../images/test/data/Just_Images/Caucasian/Woman/m.0h971ph_0003.jpg,../images/test/data/Just_Images/Caucasian/Woman/m.0809m8q_0002.jpg,0.9408814907073975,0
../images/test/data/Just_Images/Caucasian/Man/m.07csqp_0004.jpg,../images/test/data/Just_Images/Caucasian/Man/m.048dmc_0004.jpg,0.9028974771499634,0
../images/test/data/Just_Images/Caucasian/Man/m.04_lzw_0001.jpg,../images/test/data/Just_Images/Caucasian/Woman/m.02wlk3_0001.jpg,0.8802312612533569,0
../images/test/data/Just_Images/Caucasian/Man/m.0dbxj_0001.jpg,../images/test/data/Just_Images/Caucasian/Man/m.07y50t_0003.jpg,0.8200578093528748,0
../images/test/data/Just_Images/Caucasian/Man/m.03bjzh_0005.jpg,../images/test/data/Just_Images/Caucasian/Man/m.01sv0c_0003.jpg,0.9355846047401428,0
../images/test/data/Just_Images/Caucasian/Woman/m.04lh7qd_0002.jpg,../images/test/data/Just_Images/Caucasian/Man/m.0drv7r_0001.jpg,0.9075390100479126,0
../images/test/data/Just_Images/Caucasian/Man/m.027ymx_0001.jpg,../images/test/data/Just_Images/Caucasian/Man/m.04kc9m_0001.jpg,0.9332740306854248,0
../images/test/data/Just_Images/Caucasian/Man/m.0g9z94d_0001.jpg,../images/test/data/Just_Images/Caucasian/Man/m.0k0pk97_0002.jpg,0.9135903120040894,0
../images/test/data/Just_Images/Caucasian/Man/m.0gwzd9y_0002.jpg,../images/test/data/Just_Images/Caucasian/Man/m.02_4qt_0001.jpg,0.763819694519043,0
../images/test/data/Just_Images/Caucasian/Man/m.048wxg_0002.jpg,../images/test/data/Just_Images/Caucasian/Woman/m.05p98bd_0005.jpg,0.9022583961486816,0
../images/test/data/Just_Images/Caucasian/Man/m.0ch_0g_0003.jpg,../images/test/data/Just_Images/Caucasian/Woman/m.0d8_cf_0002.jpg,0.9219388961791992,0
../images/test/data/Just_Images/Caucasian/Man/m.06wx5c_0003.jpg,../images/test/data/Just_Images/Caucasian/Man/m.08bzjq_0002.jpg,0.8490625619888306,0
../images/test/data/Just_Images/Caucasian/Man/m.01nk1ny_0003.jpg,../images/test/data/Just_Images/Caucasian/Woman/m.06jlcl_0002.jpg,0.9270648956298828,0
../images/test/data/Just_Images/Caucasian/Man/m.01tv0b_0002.jpg,../images/test/data/Just_Images/Caucasian/Woman/m.02qv2bv_0002.jpg,0.7151044607162476,0
../images/test/data/Just_Images/Caucasian/Man/m.04kvhw_0001.jpg,../images/test/data/Just_Images/Caucasian/Man/m.023g9f_0003.jpg,0.8432587385177612,0
../images/test/data/Just_Images/Caucasian/Woman/m.01z_g6_0001.jpg,../images/test/data/Just_Images/Caucasian/Man/m.01p4r3_0004.jpg,0.8860085606575012,0
../images/test/data/Just_Images/Caucasian/Man/m.0hndysp_0002.jpg,../images/test/data/Just_Images/Caucasian/Man/m.03gryny_0005.jpg,0.9043320417404175,0
../images/test/data/Just_Images/Caucasian/Man/m.07k613n_0001.jpg,../images/test/data/Just_Images/Caucasian/Man/m.04y1b_0001.jpg,0.8385398387908936,0
../images/test/data/Just_Images/Caucasian/Woman/m.03dmy0_0002.jpg,../images/test/data/Just_Images/Caucasian/Man/m.0gvsj1b_0003.jpg,0.8348400592803955,0
../images/test/data/Just_Images/Caucasian/Man/m.01r3r43_0004.jpg,../images/test/data/Just_Images/Caucasian/Woman/m.03f7lsq_0001.jpg,0.91546231508255,0
../images/test/data/Just_Images/Caucasian/Man/m.06cv41_0004.jpg,../images/test/data/Just_Images/Caucasian/Man/m.017zy5_0004.jpg,0.7776657938957214,0
../images/test/data/Just_Images/Caucasian/Man/m.053ymk_0005.jpg,../images/test/data/Just_Images/Caucasian/Man/m.02vs8mx_0001.jpg,0.7702981233596802,0
../images/test/data/Just_Images/Caucasian/Man/m.0gctmg_0001.jpg,../images/test/data/Just_Images/Caucasian/Man/m.0h55kdw_0002.jpg,0.913798451423645,0
../images/test/data/Just_Images/Caucasian/Man/m.0x6brwx_0001.jpg,../images/test/data/Just_Images/Caucasian/Woman/m.04jlgp_0003.jpg,0.8247479200363159,0
../images/test/data/Just_Images/Caucasian/Woman/m.08nkfj_0002.jpg,../images/test/data/Just_Images/Caucasian/Woman/m.0809m8q_0004.jpg,0.9287971258163452,0
../images/test/data/Just_Images/Caucasian/Man/m.0641fzk_0004.jpg,../images/test/data/Just_Images/Caucasian/Man/m.027_v2k_0003.jpg,0.8874917030334473,0
../images/test/data/Just_Images/Caucasian/Man/m.02708x3_0003.jpg,../images/test/data/Just_Images/Caucasian/Man/m.0261j4_0004.jpg,0.9040830135345459,0
../images/test/data/Just_Images/Caucasian/Woman/m.08p1jw_0003.jpg,../images/test/data/Just_Images/Caucasian/Man/m.012cf3_0001.jpg,0.922980010509491,0
../images/test/data/Just_Images/Caucasian/Man/m.04ygxkt_0002.jpg,../images/test/data/Just_Images/Caucasian/Woman/m.0bwfnnj_0003.jpg,0.8904677629470825,0
../images/test/data/Just_Images/Caucasian/Woman/m.06ybty_0004.jpg,../images/test/data/Just_Images/Caucasian/Man/m.065_s9h_0002.jpg,0.8386765718460083,0
../images/test/data/Just_Images/Caucasian/Man/m.0bbdtv_0001.jpg,../images/test/data/Just_Images/Caucasian/Man/m.02swh3_0001.jpg,0.824012041091919,0
../images/test/data/Just_Images/Caucasian/Man/m.08gl6t_0002.jpg,../images/test/data/Just_Images/Caucasian/Man/m.063wxj_0004.jpg,0.9442579746246338,0
../images/test/data/Just_Images/Caucasian/Woman/m.07kc_pq_0004.jpg,../images/test/data/Just_Images/Caucasian/Man/m.03c12w__0004.jpg,0.8933082818984985,0
../images/test/data/Just_Images/Caucasian/Man/m.01hf4p_0002.jpg,../images/test/data/Just_Images/Caucasian/Man/m.05h4rbm_0002.jpg,0.9128316640853882,0
../images/test/data/Just_Images/Caucasian/Man/m.06_nzh_0001.jpg,../images/test/data/Just_Images/Caucasian/Woman/m.0bzklr_0002.jpg,0.8583936095237732,0
../images/test/data/Just_Images/Caucasian/Man/m.03bptr_0001.jpg,../images/test/data/Just_Images/Caucasian/Man/m.01whj0__0002.jpg,0.8674412369728088,0
../images/test/data/Just_Images/Caucasian/Man/m.02skv6_0002.jpg,../images/test/data/Just_Images/Caucasian/Man/m.0g3_w3_0001.jpg,0.9377169013023376,0
../images/test/data/Just_Images/Caucasian/Man/m.0ql2bgg_0001.jpg,../images/test/data/Just_Images/Caucasian/Man/m.01nb19j_0003.jpg,0.91444331407547,0
../images/test/data/Just_Images/Caucasian/Man/m.04lc5t_0004.jpg,../images/test/data/Just_Images/Caucasian/Man/m.0gmf21f_0002.jpg,0.901397705078125,0
../images/test/data/Just_Images/Caucasian/Man/m.02qvtbg_0002.jpg,../images/test/data/Just_Images/Caucasian/Woman/m.0bxsfw_0002.jpg,0.8516464233398438,0
../images/test/data/Just_Images/Caucasian/Man/m.05pbbnj_0003.jpg,../images/test/data/Just_Images/Caucasian/Man/m.07y23k_0005.jpg,0.8692703247070312,0
../images/test/data/Just_Images/Caucasian/Woman/m.01q_h_0002.jpg,../images/test/data/Just_Images/Caucasian/Man/m.01n18b_0003.jpg,0.8141058087348938,0
../images/test/data/Just_Images/Caucasian/Woman/m.07cchs_0002.jpg,../images/test/data/Just_Images/Caucasian/Man/m.03mc3p4_0001.jpg,0.8522325158119202,0
../images/test/data/Just_Images/Caucasian/Man/m.056dz5_0002.jpg,../images/test/data/Just_Images/Caucasian/Man/m.07f8wg_0004.jpg,0.9409387707710266,0
../images/test/data/Just_Images/Caucasian/Woman/m.03z9x4_0002.jpg,../images/test/data/Just_Images/Caucasian/Woman/m.08jf6z_0003.jpg,0.8463989496231079,0
../images/test/data/Just_Images/Caucasian/Man/m.0g3s25_0002.jpg,../images/test/data/Just_Images/Caucasian/Man/m.03qcd6h_0002.jpg,0.8794465065002441,0
../images/test/data/Just_Images/Caucasian/Man/m.05zrn1w_0001.jpg,../images/test/data/Just_Images/Caucasian/Man/m.03bl_w_0002.jpg,0.8879964351654053,0
../images/test/data/Just_Images/Caucasian/Woman/m.0crm6l_0004.jpg,../images/test/data/Just_Images/Caucasian/Woman/m.027hk21_0002.jpg,0.9621492624282837,0
../images/test/data/Just_Images/Caucasian/Man/m.057d89_0002.jpg,../images/test/data/Just_Images/Caucasian/Man/m.0dtbs0_0001.jpg,0.9048702120780945,0
../images/test/data/Just_Images/Caucasian/Man/m.044sp1_0002.jpg,../images/test/data/Just_Images/Caucasian/Man/m.06hwyx_0004.jpg,0.9326497912406921,0
../images/test/data/Just_Images/Caucasian/Man/m.02l0mw_0003.jpg,../images/test/data/Just_Images/Caucasian/Man/m.07nx9j_0003.jpg,0.9172468185424805,0
../images/test/data/Just_Images/Caucasian/Man/m.067fxy_0002.jpg,../images/test/data/Just_Images/Caucasian/Woman/m.039g9y_0004.jpg,0.8533545732498169,0
../images/test/data/Just_Images/Caucasian/Man/m.0ksv2n_0003.jpg,../images/test/data/Just_Images/Caucasian/Woman/m.01r5wc_0003.jpg,0.9037647247314453,0
../images/test/data/Just_Images/Caucasian/Man/m.02jvy9_0001.jpg,../images/test/data/Just_Images/Caucasian/Man/m.06w6ydl_0003.jpg,0.8001892566680908,0
../images/test/data/Just_Images/Caucasian/Man/m.02pjkzy_0002.jpg,../images/test/data/Just_Images/Caucasian/Man/m.096yh_0001.jpg,0.9052409529685974,0
../images/test/data/Just_Images/Caucasian/Man/m.0c_zxg_0004.jpg,../images/test/data/Just_Images/Caucasian/Man/m.0967nb_0002.jpg,0.8782006502151489,0
../images/test/data/Just_Images/Caucasian/Man/m.02t__l_0001.jpg,../images/test/data/Just_Images/Caucasian/Woman/m.05c_wv_0003.jpg,0.8734221458435059,0
../images/test/data/Just_Images/Caucasian/Man/m.0801_6_0003.jpg,../images/test/data/Just_Images/Caucasian/Man/m.065_3s_0002.jpg,0.8910866379737854,0
../images/test/data/Just_Images/Caucasian/Man/m.06hwyx_0002.jpg,../images/test/data/Just_Images/Caucasian/Man/m.03qftfq_0004.jpg,0.9029968976974487,0
../images/test/data/Just_Images/Caucasian/Woman/m.03m1q9_0002.jpg,../images/test/data/Just_Images/Caucasian/Woman/m.06ybty_0004.jpg,0.9014502167701721,0
../images/test/data/Just_Images/Caucasian/Woman/m.05p98bd_0002.jpg,../images/test/data/Just_Images/Caucasian/Woman/m.0ghybz_0004.jpg,0.9504911303520203,0
../images/test/data/Just_Images/Caucasian/Woman/m.02sm28_0002.jpg,../images/test/data/Just_Images/Caucasian/Woman/m.04d_7nc_0002.jpg,0.9385865330696106,0
../images/test/data/Just_Images/Caucasian/Woman/m.06t641_0004.jpg,../images/test/data/Just_Images/Caucasian/Man/m.07jf6t_0004.jpg,0.8328533172607422,0
../images/test/data/Just_Images/Caucasian/Man/m.04nf81_0003.jpg,../images/test/data/Just_Images/Caucasian/Man/m.04b1qp_0004.jpg,0.8844692707061768,0
../images/test/data/Just_Images/Caucasian/Woman/m.07yc88_0004.jpg,../images/test/data/Just_Images/Caucasian/Woman/m.03xhhd_0003.jpg,0.8846169710159302,0
../images/test/data/Just_Images/Caucasian/Man/m.06_t8__0001.jpg,../images/test/data/Just_Images/Caucasian/Man/m.08dhgx_0001.jpg,0.9087107181549072,0
../images/test/data/Just_Images/Caucasian/Woman/m.0dwwrd_0001.jpg,../images/test/data/Just_Images/Caucasian/Woman/m.0645h8b_0003.jpg,0.7671607732772827,0
../images/test/data/Just_Images/Caucasian/Man/m.0gmfwp8_0002.jpg,../images/test/data/Just_Images/Caucasian/Man/m.0nbtxf1_0001.jpg,0.7760733366012573,0
../images/test/data/Just_Images/Caucasian/Man/m.055bcck_0001.jpg,../images/test/data/Just_Images/Caucasian/Man/m.01mj3tb_0001.jpg,0.8867132663726807,0
../images/test/data/Just_Images/Caucasian/Man/m.014dv4_0003.jpg,../images/test/data/Just_Images/Caucasian/Man/m.026zhxp_0003.jpg,0.8528222441673279,0
../images/test/data/Just_Images/Caucasian/Woman/m.05vnsy_0001.jpg,../images/test/data/Just_Images/Caucasian/Woman/m.030vnz_0002.jpg,0.933168888092041,0
../images/test/data/Just_Images/Caucasian/Man/m.0339tj_0003.jpg,../images/test/data/Just_Images/Caucasian/Man/m.03pjgb_0003.jpg,0.8710013031959534,0
../images/test/data/Just_Images/Caucasian/Woman/m.01x20fc_0002.jpg,../images/test/data/Just_Images/Caucasian/Man/m.048dmc_0004.jpg,0.859749436378479,0
../images/test/data/Just_Images/Caucasian/Man/m.04rv1f_0003.jpg,../images/test/data/Just_Images/Caucasian/Man/m.086b84_0001.jpg,0.8212698698043823,0
../images/test/data/Just_Images/Caucasian/Man/m.01wf0wf_0004.jpg,../images/test/data/Just_Images/Caucasian/Man/m.0g5t3dq_0003.jpg,0.8181447386741638,0
../images/test/data/Just_Images/Caucasian/Woman/m.026ths5_0001.jpg,../images/test/data/Just_Images/Caucasian/Man/m.0d9zjs_0001.jpg,0.8688309192657471,0
../images/test/data/Just_Images/Caucasian/Woman/m.096ypd_0001.jpg,../images/test/data/Just_Images/Caucasian/Woman/m.01p76zn_0004.jpg,0.8957202434539795,0
../images/test/data/Just_Images/Caucasian/Man/m.03tg3x_0002.jpg,../images/test/data/Just_Images/Caucasian/Woman/m.025pqb_0003.jpg,0.8470814824104309,0
../images/test/data/Just_Images/Caucasian/Woman/m.07kd1h0_0002.jpg,../images/test/data/Just_Images/Caucasian/Man/m.0gyd4y_0002.jpg,0.8789387941360474,0
../images/test/data/Just_Images/Caucasian/Man/m.0q9kd_0002.jpg,../images/test/data/Just_Images/Caucasian/Man/m.02n10z_0001.jpg,0.8160558938980103,0
../images/test/data/Just_Images/Caucasian/Man/m.06js1c_0002.jpg,../images/test/data/Just_Images/Caucasian/Woman/m.0n49yh5_0002.jpg,0.9132310152053833,0
../images/test/data/Just_Images/Caucasian/Man/m.03ckjdx_0001.jpg,../images/test/data/Just_Images/Caucasian/Woman/m.0bmgy0_0002.jpg,0.8810552954673767,0
../images/test/data/Just_Images/Caucasian/Man/m.0347gw_0002.jpg,../images/test/data/Just_Images/Caucasian/Man/m.05zp39m_0003.jpg,0.908746600151062,0
../images/test/data/Just_Images/Caucasian/Woman/m.04z2xc_0001.jpg,../images/test/data/Just_Images/Caucasian/Woman/m.0d25py_0002.jpg,0.8513058423995972,0
../images/test/data/Just_Images/Caucasian/Woman/m.03cztr9_0003.jpg,../images/test/data/Just_Images/Caucasian/Man/m.02x3d98_0001.jpg,0.9107768535614014,0
../images/test/data/Just_Images/Caucasian/Woman/m.0q40vc5_0003.jpg,../images/test/data/Just_Images/Caucasian/Man/m.0dc6nt_0002.jpg,0.9440678358078003,0
../images/test/data/Just_Images/Caucasian/Man/m.02x3d98_0003.jpg,../images/test/data/Just_Images/Caucasian/Woman/m.0gw5nsq_0002.jpg,0.9353822469711304,0
../images/test/data/Just_Images/Caucasian/Woman/m.027hk21_0003.jpg,../images/test/data/Just_Images/Caucasian/Man/m.060ckn_0004.jpg,0.8884333968162537,0
../images/test/data/Just_Images/Caucasian/Woman/m.02pkb1c_0001.jpg,../images/test/data/Just_Images/Caucasian/Man/m.05c06qw_0003.jpg,0.8752321004867554,0
../images/test/data/Just_Images/Caucasian/Man/m.03q4y7_0002.jpg,../images/test/data/Just_Images/Caucasian/Man/m.05z47p_0002.jpg,0.875256359577179,0
../images/test/data/Just_Images/Caucasian/Man/m.03mc3p4_0003.jpg,../images/test/data/Just_Images/Caucasian/Man/m.09z6mc_0005.jpg,0.8218919038772583,0
../images/test/data/Just_Images/Caucasian/Man/m.03398_0004.jpg,../images/test/data/Just_Images/Caucasian/Man/m.02pstft_0004.jpg,0.7919890880584717,0
../images/test/data/Just_Images/Caucasian/Man/m.026j9j3_0003.jpg,../images/test/data/Just_Images/Caucasian/Man/m.09z81p_0003.jpg,0.8833216428756714,0
../images/test/data/Just_Images/Caucasian/Man/m.0b0j19_0001.jpg,../images/test/data/Just_Images/Caucasian/Woman/m.014nfw_0001.jpg,0.9152984023094177,0
../images/test/data/Just_Images/Caucasian/Woman/m.06gzb3_0001.jpg,../images/test/data/Just_Images/Caucasian/Man/m.02y174_0002.jpg,0.8913465738296509,0
../images/test/data/Just_Images/Caucasian/Man/m.030xfx_0001.jpg,../images/test/data/Just_Images/Caucasian/Man/m.04n12ty_0003.jpg,0.9035230875015259,0
../images/test/data/Just_Images/Caucasian/Man/m.05q6vt8_0002.jpg,../images/test/data/Just_Images/Caucasian/Man/m.08pys0_0004.jpg,0.8892079591751099,0
../images/test/data/Just_Images/Caucasian/Man/m.076m3j_0005.jpg,../images/test/data/Just_Images/Caucasian/Man/m.0967nb_0004.jpg,0.9205848574638367,0
../images/test/data/Just_Images/Caucasian/Man/m.048gc7_0002.jpg,../images/test/data/Just_Images/Caucasian/Man/m.03nxrdn_0001.jpg,0.8267841339111328,0
../images/test/data/Just_Images/Caucasian/Man/m.07tmj9_0002.jpg,../images/test/data/Just_Images/Caucasian/Man/m.01p4r3_0003.jpg,0.9149903059005737,0
../images/test/data/Just_Images/Caucasian/Man/m.07drk5_0005.jpg,../images/test/data/Just_Images/Caucasian/Man/m.0rytzv1_0001.jpg,0.7319480776786804,0
../images/test/data/Just_Images/Caucasian/Man/m.04f_555_0002.jpg,../images/test/data/Just_Images/Caucasian/Man/m.0bs1f1l_0003.jpg,0.9155930280685425,0
../images/test/data/Just_Images/Caucasian/Woman/m.03rxyz_0003.jpg,../images/test/data/Just_Images/Caucasian/Woman/m.023y9d_0002.jpg,0.8004649877548218,0
../images/test/data/Just_Images/Caucasian/Man/m.0gmf21f_0003.jpg,../images/test/data/Just_Images/Caucasian/Man/m.09v2l7b_0004.jpg,0.9463858604431152,0
../images/test/data/Just_Images/Caucasian/Man/m.052796_0001.jpg,../images/test/data/Just_Images/Caucasian/Woman/m.03ccstv_0003.jpg,0.9039735794067383,0
../images/test/data/Just_Images/Caucasian/Man/m.0c8d5w_0004.jpg,../images/test/data/Just_Images/Caucasian/Woman/m.0dvb30_0003.jpg,0.9493606090545654,0
../images/test/data/Just_Images/Caucasian/Man/m.0269b_s_0003.jpg,../images/test/data/Just_Images/Caucasian/Man/m.05vr5c_0001.jpg,0.7058855295181274,0
../images/test/data/Just_Images/Caucasian/Man/m.0dml84_0002.jpg,../images/test/data/Just_Images/Caucasian/Man/m.02gnx5_0002.jpg,0.911536455154419,0
../images/test/data/Just_Images/Caucasian/Man/m.03288s_0001.jpg,../images/test/data/Just_Images/Caucasian/Man/m.0457pz_0003.jpg,0.841505765914917,0
../images/test/data/Just_Images/Caucasian/Woman/m.0bvsqn_0001.jpg,../images/test/data/Just_Images/Caucasian/Woman/m.03h4yg2_0002.jpg,0.8460041284561157,0
../images/test/data/Just_Images/Caucasian/Man/m.06dn4l_0002.jpg,../images/test/data/Just_Images/Caucasian/Man/m.025zhs0_0002.jpg,0.9158433675765991,0
../images/test/data/Just_Images/Caucasian/Man/m.09qfyt_0003.jpg,../images/test/data/Just_Images/Caucasian/Man/m.04dz616_0002.jpg,0.8194040060043335,0
../images/test/data/Just_Images/Caucasian/Woman/m.03nvr9l_0003.jpg,../images/test/data/Just_Images/Caucasian/Woman/m.0gjc6m0_0003.jpg,0.9759491682052612,0
../images/test/data/Just_Images/Caucasian/Man/m.0cc8mh1_0003.jpg,../images/test/data/Just_Images/Caucasian/Man/m.0262jy__0002.jpg,0.7761979103088379,0
../images/test/data/Just_Images/Caucasian/Man/m.04xr9c_0001.jpg,../images/test/data/Just_Images/Caucasian/Man/m.03gk9b_0002.jpg,0.7909928560256958,0
../images/test/data/Just_Images/Caucasian/Woman/m.0c998h_0002.jpg,../images/test/data/Just_Images/Caucasian/Woman/m.018fwb_0002.jpg,0.8166723251342773,0
../images/test/data/Just_Images/Caucasian/Man/m.02z594b_0003.jpg,../images/test/data/Just_Images/Caucasian/Man/m.027jg2__0003.jpg,0.9213128685951233,0
../images/test/data/Just_Images/Caucasian/Man/m.067k19_0001.jpg,../images/test/data/Just_Images/Caucasian/Man/m.04wc1h_0001.jpg,0.9006756544113159,0
../images/test/data/Just_Images/Caucasian/Man/m.0hnc76t_0004.jpg,../images/test/data/Just_Images/Caucasian/Man/m.0j45msp_0003.jpg,0.9279162883758545,0
../images/test/data/Just_Images/Caucasian/Man/m.0g57lmj_0001.jpg,../images/test/data/Just_Images/Caucasian/Man/m.02mhdv_0003.jpg,0.8789000511169434,0
../images/test/data/Just_Images/Caucasian/Man/m.02qp5gf_0002.jpg,../images/test/data/Just_Images/Caucasian/Man/m.0dlfjj_0003.jpg,0.8753228187561035,0
../images/test/data/Just_Images/Caucasian/Man/m.03jdjc_0001.jpg,../images/test/data/Just_Images/Caucasian/Man/m.04rcgd_0003.jpg,0.9057691097259521,0
../images/test/data/Just_Images/Caucasian/Woman/m.0by02cb_0002.jpg,../images/test/data/Just_Images/Caucasian/Man/m.0bmjwhg_0003.jpg,0.9249494075775146,0
../images/test/data/Just_Images/Caucasian/Woman/m.024ss0_0003.jpg,../images/test/data/Just_Images/Caucasian/Man/m.01d5vk_0003.jpg,0.951317310333252,0
../images/test/data/Just_Images/Caucasian/Man/m.01n4q__0001.jpg,../images/test/data/Just_Images/Caucasian/Man/m.046zj3_0003.jpg,0.8736759424209595,0
../images/test/data/Just_Images/Caucasian/Woman/m.05ct74_0001.jpg,../images/test/data/Just_Images/Caucasian/Man/m.0cm8rrs_0003.jpg,0.6954867839813232,0
../images/test/data/Just_Images/Caucasian/Man/m.01m4kpp_0004.jpg,../images/test/data/Just_Images/Caucasian/Man/m.0f9861_0002.jpg,0.8063514232635498,0
../images/test/data/Just_Images/Caucasian/Woman/m.05m_zll_0002.jpg,../images/test/data/Just_Images/Caucasian/Woman/m.069lpq_0001.jpg,0.9001138806343079,0
../images/test/data/Just_Images/Caucasian/Man/m.040rjq_0005.jpg,../images/test/data/Just_Images/Caucasian/Man/m.01kx4h__0004.jpg,0.851026177406311,0
../images/test/data/Just_Images/Caucasian/Man/m.03m9twx_0002.jpg,../images/test/data/Just_Images/Caucasian/Man/m.077b2t_0001.jpg,0.902936577796936,0
../images/test/data/Just_Images/Caucasian/Man/m.0r4pmym_0002.jpg,../images/test/data/Just_Images/Caucasian/Man/m.0c0vj__0001.jpg,0.8518493175506592,0
../images/test/data/Just_Images/Caucasian/Man/m.013v1__0001.jpg,../images/test/data/Just_Images/Caucasian/Man/m.028f4z_0002.jpg,0.9191229343414307,0
../images/test/data/Just_Images/Caucasian/Man/m.076xd2d_0001.jpg,../images/test/data/Just_Images/Caucasian/Man/m.0gg9m3f_0001.jpg,0.960982084274292,0
../images/test/data/Just_Images/Caucasian/Man/m.01w1hsz_0003.jpg,../images/test/data/Just_Images/Caucasian/Man/m.02vsjy0_0007.jpg,0.8607735633850098,0
../images/test/data/Just_Images/Caucasian/Man/m.017bcv_0004.jpg,../images/test/data/Just_Images/Caucasian/Man/m.02pc9l4_0001.jpg,0.8918166160583496,0
../images/test/data/Just_Images/Caucasian/Woman/m.03cy3x3_0001.jpg,../images/test/data/Just_Images/Caucasian/Woman/m.052_0jg_0001.jpg,0.8506187200546265,0
../images/test/data/Just_Images/Caucasian/Woman/m.06w1sv1_0003.jpg,../images/test/data/Just_Images/Caucasian/Man/m.048wxg_0001.jpg,0.841677188873291,0
../images/test/data/Just_Images/Caucasian/Woman/m.05hs7z_0001.jpg,../images/test/data/Just_Images/Caucasian/Man/m.05c1bgv_0001.jpg,0.8689486980438232,0
../images/test/data/Just_Images/Caucasian/Man/m.04grdys_0001.jpg,../images/test/data/Just_Images/Caucasian/Man/m.06xtd__0004.jpg,0.8812611103057861,0
../images/test/data/Just_Images/Caucasian/Man/m.09rs9vf_0003.jpg,../images/test/data/Just_Images/Caucasian/Man/m.03jygk_0005.jpg,0.8364111185073853,0
../images/test/data/Just_Images/Caucasian/Man/m.07qyl3_0002.jpg,../images/test/data/Just_Images/Caucasian/Woman/m.047c4t_0002.jpg,0.9320557117462158,0
../images/test/data/Just_Images/Caucasian/Man/m.03bl43_0003.jpg,../images/test/data/Just_Images/Caucasian/Man/m.02g3ds_0004.jpg,0.8423513174057007,0
../images/test/data/Just_Images/Caucasian/Woman/m.0h56djk_0001.jpg,../images/test/data/Just_Images/Caucasian/Man/m.06g6fc_0004.jpg,0.8702540397644043,0
../images/test/data/Just_Images/Caucasian/Man/m.02pk8c9_0004.jpg,../images/test/data/Just_Images/Caucasian/Man/m.01r3r43_0001.jpg,0.8846493363380432,0
../images/test/data/Just_Images/Caucasian/Man/m.032rzl_0001.jpg,../images/test/data/Just_Images/Caucasian/Man/m.02rbgrl_0004.jpg,0.7760105729103088,0
../images/test/data/Just_Images/Caucasian/Woman/m.08fsy0_0003.jpg,../images/test/data/Just_Images/Caucasian/Man/m.01mz41_0003.jpg,0.8881798982620239,0
../images/test/data/Just_Images/Caucasian/Man/m.06k483_0001.jpg,../images/test/data/Just_Images/Caucasian/Man/m.08h_2n_0003.jpg,0.7734502553939819,0
../images/test/data/Just_Images/Caucasian/Woman/m.0gjrth_0001.jpg,../images/test/data/Just_Images/Caucasian/Man/m.0413d4v_0004.jpg,0.7095518112182617,0
../images/test/data/Just_Images/Caucasian/Man/m.027klgs_0003.jpg,../images/test/data/Just_Images/Caucasian/Man/m.05c07wb_0004.jpg,0.9554046392440796,0
../images/test/data/Just_Images/Caucasian/Man/m.04lqls_0003.jpg,../images/test/data/Just_Images/Caucasian/Man/m.0c8d5w_0001.jpg,0.850531280040741,0
../images/test/data/Just_Images/Caucasian/Man/m.06hvqk_0001.jpg,../images/test/data/Just_Images/Caucasian/Man/m.02f93t_0001.jpg,0.9413944482803345,0
../images/test/data/Just_Images/Caucasian/Woman/m.01lgdc_0001.jpg,../images/test/data/Just_Images/Caucasian/Man/m.01ny3c_0005.jpg,0.9427896738052368,0
../images/test/data/Just_Images/Caucasian/Man/m.02pstft_0002.jpg,../images/test/data/Just_Images/Caucasian/Woman/m.0845nn_0001.jpg,0.8646741509437561,0
../images/test/data/Just_Images/Caucasian/Woman/m.0h1c9v6_0002.jpg,../images/test/data/Just_Images/Caucasian/Woman/m.0q40vc5_0005.jpg,0.9374765753746033,0
../images/test/data/Just_Images/Caucasian/Woman/m.04hh0d_0002.jpg,../images/test/data/Just_Images/Caucasian/Man/m.0282xfk_0003.jpg,0.8965104222297668,0
../images/test/data/Just_Images/Caucasian/Woman/m.087f6t_0003.jpg,../images/test/data/Just_Images/Caucasian/Man/m.0n5vq6q_0001.jpg,0.8848622441291809,0
../images/test/data/Just_Images/Caucasian/Man/m.0dgzl__0004.jpg,../images/test/data/Just_Images/Caucasian/Man/m.03mhsl_0004.jpg,0.9551248550415039,0
../images/test/data/Just_Images/Caucasian/Man/m.0dw37f_0003.jpg,../images/test/data/Just_Images/Caucasian/Man/m.01pwjxk_0003.jpg,0.9325986504554749,0
../images/test/data/Just_Images/Caucasian/Woman/m.069lpq_0002.jpg,../images/test/data/Just_Images/Caucasian/Woman/m.04pdlf_0007.jpg,0.9040833711624146,0
../images/test/data/Just_Images/Caucasian/Man/m.0fqbpxl_0003.jpg,../images/test/data/Just_Images/Caucasian/Man/m.04ff85_0002.jpg,0.8926048874855042,0
../images/test/data/Just_Images/Caucasian/Man/m.06kjz6_0001.jpg,../images/test/data/Just_Images/Caucasian/Man/m.07ldj3_0002.jpg,0.9207683801651001,0
../images/test/data/Just_Images/Caucasian/Man/m.09d8lv_0003.jpg,../images/test/data/Just_Images/Caucasian/Man/m.03d3mg_0004.jpg,0.8735745549201965,0
../images/test/data/Just_Images/Caucasian/Man/m.027d1ds_0002.jpg,../images/test/data/Just_Images/Caucasian/Man/m.02rrb2n_0004.jpg,0.8863922953605652,0
../images/test/data/Just_Images/Caucasian/Man/m.063xcz_0001.jpg,../images/test/data/Just_Images/Caucasian/Man/m.043n9t9_0001.jpg,0.911268413066864,0
../images/test/data/Just_Images/Caucasian/Man/m.0h724l_0003.jpg,../images/test/data/Just_Images/Caucasian/Woman/m.0fwv04_0002.jpg,0.9175875186920166,0
../images/test/data/Just_Images/Caucasian/Man/m.0bhjct3_0002.jpg,../images/test/data/Just_Images/Caucasian/Man/m.0778pj_0001.jpg,0.8565107583999634,0
../images/test/data/Just_Images/Caucasian/Woman/m.07gbgc_0003.jpg,../images/test/data/Just_Images/Caucasian/Woman/m.0f_j41_0003.jpg,0.8808380365371704,0
../images/test/data/Just_Images/Caucasian/Man/m.01m_xk_0001.jpg,../images/test/data/Just_Images/Caucasian/Man/m.05s_gqc_0001.jpg,0.8155004382133484,0
../images/test/data/Just_Images/Caucasian/Man/m.05nzzv_0002.jpg,../images/test/data/Just_Images/Caucasian/Man/m.027z0k_0003.jpg,0.9084277153015137,0
../images/test/data/Just_Images/Caucasian/Man/m.02k567_0001.jpg,../images/test/data/Just_Images/Caucasian/Woman/m.04797vx_0002.jpg,0.8490649461746216,0
../images/test/data/Just_Images/Caucasian/Man/m.07s9ymt_0003.jpg,../images/test/data/Just_Images/Caucasian/Man/m.02qyw35_0002.jpg,0.8838642835617065,0
../images/test/data/Just_Images/Caucasian/Man/m.014sj7_0001.jpg,../images/test/data/Just_Images/Caucasian/Man/m.01f817_0004.jpg,0.9054298400878906,0
../images/test/data/Just_Images/Caucasian/Man/m.01mlm1j_0001.jpg,../images/test/data/Just_Images/Caucasian/Man/m.03bmn1_0001.jpg,0.9591792821884155,0
../images/test/data/Just_Images/Caucasian/Man/m.03qgk5p_0002.jpg,../images/test/data/Just_Images/Caucasian/Man/m.06hvqk_0003.jpg,0.8981183171272278,0
../images/test/data/Just_Images/Caucasian/Woman/m.0345t1_0001.jpg,../images/test/data/Just_Images/Caucasian/Woman/m.07xhz6_0002.jpg,0.7861706018447876,0
../images/test/data/Just_Images/Caucasian/Man/m.0jt4lvb_0003.jpg,../images/test/data/Just_Images/Caucasian/Woman/m.026g7c2_0002.jpg,0.8558605313301086,0
../images/test/data/Just_Images/Caucasian/Man/m.03c12w__0003.jpg,../images/test/data/Just_Images/Caucasian/Man/m.01cj5h_0001.jpg,0.873451292514801,0
../images/test/data/Just_Images/Caucasian/Man/m.02j9g_0004.jpg,../images/test/data/Just_Images/Caucasian/Man/m.08y57s_0002.jpg,0.9557117819786072,0
../images/test/data/Just_Images/Caucasian/Man/m.0642gkc_0003.jpg,../images/test/data/Just_Images/Caucasian/Man/m.02_jkq_0002.jpg,0.8906630277633667,0
../images/test/data/Just_Images/Caucasian/Woman/m.01w9pc8_0001.jpg,../images/test/data/Just_Images/Caucasian/Woman/m.07gzdm_0003.jpg,0.7789210081100464,0
../images/test/data/Just_Images/Caucasian/Man/m.0343_2_0005.jpg,../images/test/data/Just_Images/Caucasian/Man/m.027h0r_0001.jpg,0.7773101329803467,0
../images/test/data/Just_Images/Caucasian/Woman/m.043n3r3_0003.jpg,../images/test/data/Just_Images/Caucasian/Man/m.05zrn1w_0004.jpg,0.7542836666107178,0
../images/test/data/Just_Images/Caucasian/Woman/m.062q2y_0001.jpg,../images/test/data/Just_Images/Caucasian/Woman/m.07s9qf2_0005.jpg,0.9469656944274902,0
../images/test/data/Just_Images/Caucasian/Man/m.03kw3g_0001.jpg,../images/test/data/Just_Images/Caucasian/Man/m.04xws4_0004.jpg,0.8683841228485107,0
../images/test/data/Just_Images/Caucasian/Woman/m.05byz5_0002.jpg,../images/test/data/Just_Images/Caucasian/Woman/m.015j6y_0002.jpg,0.86806720495224,0
../images/test/data/Just_Images/Caucasian/Man/m.027h6r5_0001.jpg,../images/test/data/Just_Images/Caucasian/Man/m.061sy__0003.jpg,0.8866943120956421,0
../images/test/data/Just_Images/Caucasian/Man/m.071n_9_0001.jpg,../images/test/data/Just_Images/Caucasian/Man/m.0qc5cv8_0004.jpg,0.8528352379798889,0
../images/test/data/Just_Images/Caucasian/Man/m.01h2n3_0004.jpg,../images/test/data/Just_Images/Caucasian/Man/m.0c6vjs_0002.jpg,0.9159253239631653,0
../images/test/data/Just_Images/Caucasian/Man/m.0g3f1p_0002.jpg,../images/test/data/Just_Images/Caucasian/Man/m.034g2b_0001.jpg,0.7915549874305725,0
../images/test/data/Just_Images/Caucasian/Man/m.01rmlmn_0003.jpg,../images/test/data/Just_Images/Caucasian/Man/m.026clqp_0003.jpg,0.9215905070304871,0
../images/test/data/Just_Images/Caucasian/Man/m.09v9q1w_0003.jpg,../images/test/data/Just_Images/Caucasian/Man/m.0dfll4_0002.jpg,0.9033632278442383,0
../images/test/data/Just_Images/Caucasian/Man/m.0402tg_0001.jpg,../images/test/data/Just_Images/Caucasian/Man/m.04b1qp_0003.jpg,0.8818926215171814,0
../images/test/data/Just_Images/Caucasian/Woman/m.0gfhlzg_0001.jpg,../images/test/data/Just_Images/Caucasian/Woman/m.0505bd_0002.jpg,0.8513232469558716,0
../images/test/data/Just_Images/Caucasian/Man/m.02qw0c4_0003.jpg,../images/test/data/Just_Images/Caucasian/Man/m.06m4k1_0003.jpg,0.8764969110488892,0
../images/test/data/Just_Images/Caucasian/Man/m.061_yw_0003.jpg,../images/test/data/Just_Images/Caucasian/Man/m.02mxsf_0003.jpg,0.8467779159545898,0
../images/test/data/Just_Images/Caucasian/Man/m.0gx_h3h_0004.jpg,../images/test/data/Just_Images/Caucasian/Man/m.04g4s3_0001.jpg,0.8514591455459595,0
../images/test/data/Just_Images/Caucasian/Woman/m.06frb1_0001.jpg,../images/test/data/Just_Images/Caucasian/Man/m.069s6h_0001.jpg,0.8674606680870056,0
../images/test/data/Just_Images/Caucasian/Man/m.059t6d_0005.jpg,../images/test/data/Just_Images/Caucasian/Man/m.0cl3rj_0003.jpg,0.8955735564231873,0
../images/test/data/Just_Images/Caucasian/Man/m.08wbph_0001.jpg,../images/test/data/Just_Images/Caucasian/Man/m.047cc9b_0001.jpg,0.8749204874038696,0
../images/test/data/Just_Images/Caucasian/Man/m.0288j28_0003.jpg,../images/test/data/Just_Images/Caucasian/Man/m.0h65bk_0004.jpg,0.8733341693878174,0
../images/test/data/Just_Images/Caucasian/Man/m.0c7phlk_0002.jpg,../images/test/data/Just_Images/Caucasian/Man/m.0414hzy_0004.jpg,0.8884434700012207,0
../images/test/data/Just_Images/Caucasian/Man/m.098zc7_0001.jpg,../images/test/data/Just_Images/Caucasian/Woman/m.03h1yrz_0001.jpg,0.9161735773086548,0
../images/test/data/Just_Images/Caucasian/Man/m.071vnr_0004.jpg,../images/test/data/Just_Images/Caucasian/Man/m.0b16dm_0001.jpg,0.8992680907249451,0
../images/test/data/Just_Images/Caucasian/Man/m.07qc55_0003.jpg,../images/test/data/Just_Images/Caucasian/Man/m.0r4pmym_0004.jpg,0.9058568477630615,0
../images/test/data/Just_Images/Caucasian/Man/m.058jbx_0001.jpg,../images/test/data/Just_Images/Caucasian/Man/m.044tq_0004.jpg,0.9361470937728882,0
../images/test/data/Just_Images/Caucasian/Man/m.0h7k_7j_0001.jpg,../images/test/data/Just_Images/Caucasian/Man/m.02rp9ly_0001.jpg,0.9064595699310303,0
../images/test/data/Just_Images/Caucasian/Woman/m.04y6xwf_0001.jpg,../images/test/data/Just_Images/Caucasian/Man/m.07qbxb_0002.jpg,0.8301756381988525,0
../images/test/data/Just_Images/Caucasian/Man/m.0k216_0003.jpg,../images/test/data/Just_Images/Caucasian/Man/m.0b8_2v_0001.jpg,0.885897696018219,0
../images/test/data/Just_Images/Caucasian/Man/m.065_s9h_0001.jpg,../images/test/data/Just_Images/Caucasian/Man/m.04pvyz_0004.jpg,0.874942421913147,0
../images/test/data/Just_Images/Caucasian/Woman/m.03xhdv_0002.jpg,../images/test/data/Just_Images/Caucasian/Man/m.06rq4c_0003.jpg,0.8180408477783203,0
../images/test/data/Just_Images/Caucasian/Man/m.06rq4c_0004.jpg,../images/test/data/Just_Images/Caucasian/Man/m.04cdb__0002.jpg,0.8503643274307251,0
../images/test/data/Just_Images/Caucasian/Man/m.0bwg9h1_0002.jpg,../images/test/data/Just_Images/Caucasian/Man/m.02bkvf_0005.jpg,0.8314981460571289,0
../images/test/data/Just_Images/Caucasian/Man/m.027nrf1_0001.jpg,../images/test/data/Just_Images/Caucasian/Man/m.0jf1b_0003.jpg,0.9060701131820679,0
../images/test/data/Just_Images/Caucasian/Woman/m.05b9wcq_0002.jpg,../images/test/data/Just_Images/Caucasian/Woman/m.0cn_6bk_0003.jpg,0.9297454357147217,0
../images/test/data/Just_Images/Caucasian/Man/m.01bwm5_0001.jpg,../images/test/data/Just_Images/Caucasian/Man/m.04b2l__0002.jpg,0.9175548553466797,0
../images/test/data/Just_Images/Caucasian/Man/m.09s93z_0001.jpg,../images/test/data/Just_Images/Caucasian/Woman/m.09g93tw_0004.jpg,0.8466476202011108,0
../images/test/data/Just_Images/Caucasian/Man/m.05f7k4x_0003.jpg,../images/test/data/Just_Images/Caucasian/Man/m.01ljk0w_0003.jpg,0.8002305030822754,0
../images/test/data/Just_Images/Caucasian/Man/m.07s4njk_0002.jpg,../images/test/data/Just_Images/Caucasian/Man/m.02mpmt_0002.jpg,0.8407593369483948,0
../images/test/data/Just_Images/Caucasian/Man/m.05ng1h_0002.jpg,../images/test/data/Just_Images/Caucasian/Man/m.07pt8c_0001.jpg,0.9235942363739014,0
../images/test/data/Just_Images/Caucasian/Man/m.02z235f_0003.jpg,../images/test/data/Just_Images/Caucasian/Man/m.07qckf_0002.jpg,0.826763391494751,0
../images/test/data/Just_Images/Caucasian/Woman/m.049pq8_0003.jpg,../images/test/data/Just_Images/Caucasian/Woman/m.0bmgy0_0005.jpg,0.7836244702339172,0
../images/test/data/Just_Images/Caucasian/Woman/m.09jt31_0003.jpg,../images/test/data/Just_Images/Caucasian/Woman/m.0b_c03_0002.jpg,0.9353598356246948,0
../images/test/data/Just_Images/Caucasian/Man/m.02nbxw_0002.jpg,../images/test/data/Just_Images/Caucasian/Man/m.03sq9g_0001.jpg,0.9313796162605286,0
../images/test/data/Just_Images/Caucasian/Man/m.05f1n9_0001.jpg,../images/test/data/Just_Images/Caucasian/Man/m.04y8w4r_0002.jpg,0.8377406001091003,0
../images/test/data/Just_Images/Caucasian/Man/m.0jf1b_0003.jpg,../images/test/data/Just_Images/Caucasian/Woman/m.027n6t8_0004.jpg,0.8926467895507812,0
../images/test/data/Just_Images/Caucasian/Man/m.0381l__0001.jpg,../images/test/data/Just_Images/Caucasian/Man/m.06916x_0006.jpg,0.9168009757995605,0
../images/test/data/Just_Images/Caucasian/Man/m.02z1ff7_0002.jpg,../images/test/data/Just_Images/Caucasian/Man/m.03c1tnc_0003.jpg,0.9510756731033325,0
../images/test/data/Just_Images/Caucasian/Man/m.0h422m_0003.jpg,../images/test/data/Just_Images/Caucasian/Woman/m.08_m2x_0002.jpg,0.9279953837394714,0
../images/test/data/Just_Images/Caucasian/Man/m.03d0sqj_0001.jpg,../images/test/data/Just_Images/Caucasian/Woman/m.061ll5_0001.jpg,0.8402601480484009,0
../images/test/data/Just_Images/Caucasian/Man/m.04grr30_0003.jpg,../images/test/data/Just_Images/Caucasian/Man/m.01kvrj_0004.jpg,0.8439956307411194,0
../images/test/data/Just_Images/Caucasian/Woman/m.0b__9tq_0002.jpg,../images/test/data/Just_Images/Caucasian/Man/m.0qfsjx0_0001.jpg,0.7978349924087524,0
../images/test/data/Just_Images/Caucasian/Woman/m.08v3yc_0001.jpg,../images/test/data/Just_Images/Caucasian/Man/m.03npjfr_0001.jpg,0.8612545728683472,0
../images/test/data/Just_Images/Caucasian/Man/m.01g00c_0001.jpg,../images/test/data/Just_Images/Caucasian/Man/m.0bqywc_0004.jpg,0.8913649916648865,0
../images/test/data/Just_Images/Caucasian/Woman/m.0fk5yp_0001.jpg,../images/test/data/Just_Images/Caucasian/Man/m.0b_vd5_0003.jpg,0.8570771217346191,0
../images/test/data/Just_Images/Caucasian/Woman/m.05vrs2_0003.jpg,../images/test/data/Just_Images/Caucasian/Man/m.036w72_0002.jpg,0.9415718913078308,0
../images/test/data/Just_Images/Caucasian/Man/m.061lgn_0001.jpg,../images/test/data/Just_Images/Caucasian/Woman/m.027sndm_0002.jpg,0.8983883261680603,0
../images/test/data/Just_Images/Caucasian/Woman/m.05xjkv_0003.jpg,../images/test/data/Just_Images/Caucasian/Man/m.02x4cb8_0003.jpg,0.8732299208641052,0
../images/test/data/Just_Images/Caucasian/Man/m.02pqjp_0004.jpg,../images/test/data/Just_Images/Caucasian/Man/m.01r3r43_0005.jpg,0.8671499490737915,0
../images/test/data/Just_Images/Caucasian/Woman/m.0ch5ct7_0002.jpg,../images/test/data/Just_Images/Caucasian/Man/m.0gdms9__0002.jpg,0.7829344272613525,0
../images/test/data/Just_Images/Caucasian/Man/m.01387g_0003.jpg,../images/test/data/Just_Images/Caucasian/Man/m.023c9m_0002.jpg,0.8477789759635925,0
../images/test/data/Just_Images/Caucasian/Man/m.03bl_w_0003.jpg,../images/test/data/Just_Images/Caucasian/Woman/m.02qh2cw_0002.jpg,0.8690052628517151,0
../images/test/data/Just_Images/Caucasian/Woman/m.0645h8b_0002.jpg,../images/test/data/Just_Images/Caucasian/Woman/m.0645h8b_0001.jpg,0.9163557887077332,1
../images/test/data/Just_Images/Caucasian/Man/m.02yyjf_0002.jpg,../images/test/data/Just_Images/Caucasian/Man/m.02yyjf_0003.jpg,0.7406314611434937,1
../images/test/data/Just_Images/Caucasian/Man/m.0dgq72l_0001.jpg,../images/test/data/Just_Images/Caucasian/Man/m.0dgq72l_0002.jpg,0.8434275388717651,1
../images/test/data/Just_Images/Caucasian/Man/m.07tm2y_0002.jpg,../images/test/data/Just_Images/Caucasian/Man/m.07tm2y_0004.jpg,0.8986192345619202,1
../images/test/data/Just_Images/Caucasian/Man/m.03d71f_0004.jpg,../images/test/data/Just_Images/Caucasian/Man/m.03d71f_0003.jpg,0.8804845809936523,1
../images/test/data/Just_Images/Caucasian/Woman/m.03002m_0001.jpg,../images/test/data/Just_Images/Caucasian/Woman/m.03002m_0003.jpg,0.8457602262496948,1
../images/test/data/Just_Images/Caucasian/Man/m.0fqw4__0003.jpg,../images/test/data/Just_Images/Caucasian/Man/m.0fqw4__0002.jpg,0.9212443828582764,1
../images/test/data/Just_Images/Caucasian/Man/m.06js1c_0001.jpg,../images/test/data/Just_Images/Caucasian/Man/m.06js1c_0003.jpg,0.9372031092643738,1
../images/test/data/Just_Images/Caucasian/Man/m.02x3d98_0003.jpg,../images/test/data/Just_Images/Caucasian/Man/m.02x3d98_0002.jpg,0.9248319864273071,1
../images/test/data/Just_Images/Caucasian/Man/m.0385fd_0002.jpg,../images/test/data/Just_Images/Caucasian/Man/m.0385fd_0001.jpg,0.8548281192779541,1
../images/test/data/Just_Images/Caucasian/Man/m.0j447yb_0001.jpg,../images/test/data/Just_Images/Caucasian/Man/m.0j447yb_0002.jpg,0.7979839444160461,1
../images/test/data/Just_Images/Caucasian/Woman/m.025pqb_0002.jpg,../images/test/data/Just_Images/Caucasian/Woman/m.025pqb_0001.jpg,0.9123021960258484,1
../images/test/data/Just_Images/Caucasian/Woman/m.0g0bsy_0003.jpg,../images/test/data/Just_Images/Caucasian/Woman/m.0g0bsy_0001.jpg,0.9605798125267029,1
../images/test/data/Just_Images/Caucasian/Man/m.029zrv_0001.jpg,../images/test/data/Just_Images/Caucasian/Man/m.029zrv_0002.jpg,0.9584642648696899,1
../images/test/data/Just_Images/Caucasian/Man/m.05c4nz_0001.jpg,../images/test/data/Just_Images/Caucasian/Man/m.05c4nz_0002.jpg,0.7898046970367432,1
../images/test/data/Just_Images/Caucasian/Man/m.01kyfs_0001.jpg,../images/test/data/Just_Images/Caucasian/Man/m.01kyfs_0002.jpg,0.8875776529312134,1
../images/test/data/Just_Images/Caucasian/Man/m.03s7t1_0002.jpg,../images/test/data/Just_Images/Caucasian/Man/m.03s7t1_0003.jpg,0.8908259272575378,1
../images/test/data/Just_Images/Caucasian/Man/m.04hnvl_0002.jpg,../images/test/data/Just_Images/Caucasian/Man/m.04hnvl_0001.jpg,0.8904985189437866,1
../images/test/data/Just_Images/Caucasian/Man/m.08gl6t_0003.jpg,../images/test/data/Just_Images/Caucasian/Man/m.08gl6t_0001.jpg,0.8846193552017212,1
../images/test/data/Just_Images/Caucasian/Man/m.01lmj3q_0003.jpg,../images/test/data/Just_Images/Caucasian/Man/m.01lmj3q_0001.jpg,0.8669465780258179,1
../images/test/data/Just_Images/Caucasian/Man/m.0cxmp6_0001.jpg,../images/test/data/Just_Images/Caucasian/Man/m.0cxmp6_0002.jpg,0.8771140575408936,1
../images/test/data/Just_Images/Caucasian/Woman/m.025xbbg_0002.jpg,../images/test/data/Just_Images/Caucasian/Woman/m.025xbbg_0003.jpg,0.9278072118759155,1
../images/test/data/Just_Images/Caucasian/Woman/m.01vs6g3_0004.jpg,../images/test/data/Just_Images/Caucasian/Woman/m.01vs6g3_0003.jpg,0.8402100801467896,1
../images/test/data/Just_Images/Caucasian/Man/m.02flt3_0002.jpg,../images/test/data/Just_Images/Caucasian/Man/m.02flt3_0001.jpg,0.86024010181427,1
../images/test/data/Just_Images/Caucasian/Man/m.0kg3c50_0002.jpg,../images/test/data/Just_Images/Caucasian/Man/m.0kg3c50_0003.jpg,0.8477985858917236,1
../images/test/data/Just_Images/Caucasian/Woman/m.03hh_d__0002.jpg,../images/test/data/Just_Images/Caucasian/Woman/m.03hh_d__0004.jpg,0.9216980934143066,1
../images/test/data/Just_Images/Caucasian/Man/m.06pt_8_0001.jpg,../images/test/data/Just_Images/Caucasian/Man/m.06pt_8_0003.jpg,0.8245768547058105,1
../images/test/data/Just_Images/Caucasian/Woman/m.0bryrk4_0001.jpg,../images/test/data/Just_Images/Caucasian/Woman/m.0bryrk4_0002.jpg,0.7698408961296082,1
../images/test/data/Just_Images/Caucasian/Man/m.0gv2zl_0003.jpg,../images/test/data/Just_Images/Caucasian/Man/m.0gv2zl_0001.jpg,0.9260373115539551,1
../images/test/data/Just_Images/Caucasian/Man/m.02r2pg_0001.jpg,../images/test/data/Just_Images/Caucasian/Man/m.02r2pg_0002.jpg,0.8111323118209839,1
../images/test/data/Just_Images/Caucasian/Man/m.0288j28_0001.jpg,../images/test/data/Just_Images/Caucasian/Man/m.0288j28_0002.jpg,0.8883357048034668,1
../images/test/data/Just_Images/Caucasian/Man/m.04gn_2p_0002.jpg,../images/test/data/Just_Images/Caucasian/Man/m.04gn_2p_0001.jpg,0.7261917591094971,1
../images/test/data/Just_Images/Caucasian/Man/m.0266c3k_0003.jpg,../images/test/data/Just_Images/Caucasian/Man/m.0266c3k_0001.jpg,0.9023391604423523,1
../images/test/data/Just_Images/Caucasian/Woman/m.0gmv3_0001.jpg,../images/test/data/Just_Images/Caucasian/Woman/m.0gmv3_0003.jpg,0.8807920813560486,1
../images/test/data/Just_Images/Caucasian/Woman/m.0gd19__0004.jpg,../images/test/data/Just_Images/Caucasian/Woman/m.0gd19__0003.jpg,0.9516726136207581,1
../images/test/data/Just_Images/Caucasian/Man/m.0g9v2lq_0004.jpg,../images/test/data/Just_Images/Caucasian/Man/m.0g9v2lq_0001.jpg,0.914887011051178,1
../images/test/data/Just_Images/Caucasian/Woman/m.089vl5_0003.jpg,../images/test/data/Just_Images/Caucasian/Woman/m.089vl5_0002.jpg,0.9203763008117676,1
../images/test/data/Just_Images/Caucasian/Man/m.02v_z01_0002.jpg,../images/test/data/Just_Images/Caucasian/Man/m.02v_z01_0001.jpg,0.8338788747787476,1
../images/test/data/Just_Images/Caucasian/Man/m.09xrfm_0003.jpg,../images/test/data/Just_Images/Caucasian/Man/m.09xrfm_0004.jpg,0.7955979704856873,1
../images/test/data/Just_Images/Caucasian/Man/m.03kvq4_0003.jpg,../images/test/data/Just_Images/Caucasian/Man/m.03kvq4_0002.jpg,0.8657441139221191,1
../images/test/data/Just_Images/Caucasian/Man/m.085y6t_0002.jpg,../images/test/data/Just_Images/Caucasian/Man/m.085y6t_0001.jpg,0.8651067614555359,1
../images/test/data/Just_Images/Caucasian/Woman/m.02602x0_0001.jpg,../images/test/data/Just_Images/Caucasian/Woman/m.02602x0_0002.jpg,0.9357632398605347,1
../images/test/data/Just_Images/Caucasian/Woman/m.03qg12_0002.jpg,../images/test/data/Just_Images/Caucasian/Woman/m.03qg12_0003.jpg,0.9091007113456726,1
../images/test/data/Just_Images/Caucasian/Man/m.024kx8_0002.jpg,../images/test/data/Just_Images/Caucasian/Man/m.024kx8_0003.jpg,0.8719154596328735,1
../images/test/data/Just_Images/Caucasian/Man/m.0ql2bgg_0002.jpg,../images/test/data/Just_Images/Caucasian/Man/m.0ql2bgg_0003.jpg,0.9294794201850891,1
../images/test/data/Just_Images/Caucasian/Man/m.053tmy_0001.jpg,../images/test/data/Just_Images/Caucasian/Man/m.053tmy_0003.jpg,0.8986939787864685,1
../images/test/data/Just_Images/Caucasian/Woman/m.0gls0kz_0002.jpg,../images/test/data/Just_Images/Caucasian/Woman/m.0gls0kz_0001.jpg,0.9567842483520508,1
../images/test/data/Just_Images/Caucasian/Man/m.048gc7_0001.jpg,../images/test/data/Just_Images/Caucasian/Man/m.048gc7_0004.jpg,0.8214001655578613,1
../images/test/data/Just_Images/Caucasian/Man/m.023v6k_0004.jpg,../images/test/data/Just_Images/Caucasian/Man/m.023v6k_0002.jpg,0.8606722354888916,1
../images/test/data/Just_Images/Caucasian/Man/m.02pqbv_0001.jpg,../images/test/data/Just_Images/Caucasian/Man/m.02pqbv_0002.jpg,0.9285800457000732,1
../images/test/data/Just_Images/Caucasian/Woman/m.0273cj7_0002.jpg,../images/test/data/Just_Images/Caucasian/Woman/m.0273cj7_0004.jpg,0.8792741894721985,1
../images/test/data/Just_Images/Caucasian/Man/m.06tg05_0003.jpg,../images/test/data/Just_Images/Caucasian/Man/m.06tg05_0001.jpg,0.8413821458816528,1
../images/test/data/Just_Images/Caucasian/Woman/m.01mvp03_0003.jpg,../images/test/data/Just_Images/Caucasian/Woman/m.01mvp03_0002.jpg,0.897392988204956,1
../images/test/data/Just_Images/Caucasian/Woman/m.0gty66v_0002.jpg,../images/test/data/Just_Images/Caucasian/Woman/m.0gty66v_0001.jpg,0.9333640336990356,1
../images/test/data/Just_Images/Caucasian/Woman/m.03z9x4_0003.jpg,../images/test/data/Just_Images/Caucasian/Woman/m.03z9x4_0004.jpg,0.9487522840499878,1
../images/test/data/Just_Images/Caucasian/Man/m.01ww_7h_0001.jpg,../images/test/data/Just_Images/Caucasian/Man/m.01ww_7h_0002.jpg,0.812595009803772,1
../images/test/data/Just_Images/Caucasian/Man/m.03m3_p0_0005.jpg,../images/test/data/Just_Images/Caucasian/Man/m.03m3_p0_0002.jpg,0.8947435617446899,1
../images/test/data/Just_Images/Caucasian/Woman/m.0gjtyh_0003.jpg,../images/test/data/Just_Images/Caucasian/Woman/m.0gjtyh_0002.jpg,0.9195595383644104,1
../images/test/data/Just_Images/Caucasian/Man/m.071vnr_0003.jpg,../images/test/data/Just_Images/Caucasian/Man/m.071vnr_0001.jpg,0.8707962036132812,1
../images/test/data/Just_Images/Caucasian/Man/m.01q_w2p_0001.jpg,../images/test/data/Just_Images/Caucasian/Man/m.01q_w2p_0004.jpg,0.8227769136428833,1
../images/test/data/Just_Images/Caucasian/Man/m.03q6fh_0002.jpg,../images/test/data/Just_Images/Caucasian/Man/m.03q6fh_0003.jpg,0.8239368200302124,1
../images/test/data/Just_Images/Caucasian/Woman/m.0gbx3b6_0001.jpg,../images/test/data/Just_Images/Caucasian/Woman/m.0gbx3b6_0002.jpg,0.8656635284423828,1
../images/test/data/Just_Images/Caucasian/Man/m.07c9z5_0003.jpg,../images/test/data/Just_Images/Caucasian/Man/m.07c9z5_0004.jpg,0.8997550010681152,1
../images/test/data/Just_Images/Caucasian/Man/m.01wbzhv_0004.jpg,../images/test/data/Just_Images/Caucasian/Man/m.01wbzhv_0002.jpg,0.9283368587493896,1
../images/test/data/Just_Images/Caucasian/Man/m.0gmkjj_0001.jpg,../images/test/data/Just_Images/Caucasian/Man/m.0gmkjj_0002.jpg,0.9264867901802063,1
../images/test/data/Just_Images/Caucasian/Man/m.09blb2_0003.jpg,../images/test/data/Just_Images/Caucasian/Man/m.09blb2_0001.jpg,0.9219307899475098,1
../images/test/data/Just_Images/Caucasian/Man/m.03d0sqj_0001.jpg,../images/test/data/Just_Images/Caucasian/Man/m.03d0sqj_0002.jpg,0.8408253192901611,1
../images/test/data/Just_Images/Caucasian/Man/m.035j7k_0002.jpg,../images/test/data/Just_Images/Caucasian/Man/m.035j7k_0003.jpg,0.8812527656555176,1
../images/test/data/Just_Images/Caucasian/Man/m.04wc1h_0002.jpg,../images/test/data/Just_Images/Caucasian/Man/m.04wc1h_0001.jpg,0.9065086841583252,1
../images/test/data/Just_Images/Caucasian/Man/m.01ppr3c_0001.jpg,../images/test/data/Just_Images/Caucasian/Man/m.01ppr3c_0002.jpg,0.9106838703155518,1
../images/test/data/Just_Images/Caucasian/Man/m.05hvy4_0002.jpg,../images/test/data/Just_Images/Caucasian/Man/m.05hvy4_0003.jpg,0.8761816620826721,1
../images/test/data/Just_Images/Caucasian/Man/m.06znm5_0001.jpg,../images/test/data/Just_Images/Caucasian/Man/m.06znm5_0003.jpg,0.8905426859855652,1
../images/test/data/Just_Images/Caucasian/Man/m.023fbk_0002.jpg,../images/test/data/Just_Images/Caucasian/Man/m.023fbk_0003.jpg,0.9343858361244202,1
../images/test/data/Just_Images/Caucasian/Woman/m.04mlmx_0002.jpg,../images/test/data/Just_Images/Caucasian/Woman/m.04mlmx_0001.jpg,0.7922067642211914,1
../images/test/data/Just_Images/Caucasian/Man/m.06w6qqp_0003.jpg,../images/test/data/Just_Images/Caucasian/Man/m.06w6qqp_0002.jpg,0.8565415143966675,1
../images/test/data/Just_Images/Caucasian/Man/m.06dn4y_0001.jpg,../images/test/data/Just_Images/Caucasian/Man/m.06dn4y_0003.jpg,0.8552740812301636,1
../images/test/data/Just_Images/Caucasian/Man/m.0403y4q_0004.jpg,../images/test/data/Just_Images/Caucasian/Man/m.0403y4q_0002.jpg,0.9386751651763916,1
../images/test/data/Just_Images/Caucasian/Woman/m.03f7pd9_0003.jpg,../images/test/data/Just_Images/Caucasian/Woman/m.03f7pd9_0002.jpg,0.8583770990371704,1
../images/test/data/Just_Images/Caucasian/Woman/m.0bvsqn_0002.jpg,../images/test/data/Just_Images/Caucasian/Woman/m.0bvsqn_0003.jpg,0.9103357195854187,1
../images/test/data/Just_Images/Caucasian/Man/m.07pyvy_0001.jpg,../images/test/data/Just_Images/Caucasian/Man/m.07pyvy_0002.jpg,0.8941572308540344,1
../images/test/data/Just_Images/Caucasian/Man/m.0b6gpmt_0001.jpg,../images/test/data/Just_Images/Caucasian/Man/m.0b6gpmt_0003.jpg,0.6626362800598145,1
../images/test/data/Just_Images/Caucasian/Man/m.0h31g_0001.jpg,../images/test/data/Just_Images/Caucasian/Man/m.0h31g_0003.jpg,0.8910134434700012,1
../images/test/data/Just_Images/Caucasian/Woman/m.01l_vgt_0002.jpg,../images/test/data/Just_Images/Caucasian/Woman/m.01l_vgt_0001.jpg,0.9357520341873169,1
../images/test/data/Just_Images/Caucasian/Man/m.02n7_9_0001.jpg,../images/test/data/Just_Images/Caucasian/Man/m.02n7_9_0002.jpg,0.8369779586791992,1
../images/test/data/Just_Images/Caucasian/Woman/m.0bby2hk_0005.jpg,../images/test/data/Just_Images/Caucasian/Woman/m.0bby2hk_0002.jpg,0.8960469365119934,1
../images/test/data/Just_Images/Caucasian/Man/m.02r6ydb_0002.jpg,../images/test/data/Just_Images/Caucasian/Man/m.02r6ydb_0003.jpg,0.9333294630050659,1
../images/test/data/Just_Images/Caucasian/Woman/m.04_ct7_0001.jpg,../images/test/data/Just_Images/Caucasian/Woman/m.04_ct7_0002.jpg,0.9571946859359741,1
../images/test/data/Just_Images/Caucasian/Woman/m.03m83s_0003.jpg,../images/test/data/Just_Images/Caucasian/Woman/m.03m83s_0004.jpg,0.932590663433075,1
../images/test/data/Just_Images/Caucasian/Man/m.04tqf5_0003.jpg,../images/test/data/Just_Images/Caucasian/Man/m.04tqf5_0002.jpg,0.9279307723045349,1
../images/test/data/Just_Images/Caucasian/Man/m.0gmdsz2_0004.jpg,../images/test/data/Just_Images/Caucasian/Man/m.0gmdsz2_0003.jpg,0.9006319046020508,1
../images/test/data/Just_Images/Caucasian/Man/m.01n4q__0001.jpg,../images/test/data/Just_Images/Caucasian/Man/m.01n4q__0002.jpg,0.9486218690872192,1
../images/test/data/Just_Images/Caucasian/Man/m.02w4my0_0004.jpg,../images/test/data/Just_Images/Caucasian/Man/m.02w4my0_0002.jpg,0.8009862899780273,1
../images/test/data/Just_Images/Caucasian/Man/m.09gcnp_0001.jpg,../images/test/data/Just_Images/Caucasian/Man/m.09gcnp_0003.jpg,0.6787867546081543,1
../images/test/data/Just_Images/Caucasian/Woman/m.0b648w_0002.jpg,../images/test/data/Just_Images/Caucasian/Woman/m.0b648w_0001.jpg,0.953201174736023,1
../images/test/data/Just_Images/Caucasian/Woman/m.05r24b_0003.jpg,../images/test/data/Just_Images/Caucasian/Woman/m.05r24b_0001.jpg,0.8863215446472168,1
../images/test/data/Just_Images/Caucasian/Woman/m.05mgqb_0005.jpg,../images/test/data/Just_Images/Caucasian/Woman/m.05mgqb_0002.jpg,0.9076051115989685,1
../images/test/data/Just_Images/Caucasian/Man/m.0kt9g5_0003.jpg,../images/test/data/Just_Images/Caucasian/Man/m.0kt9g5_0001.jpg,0.8986791372299194,1
../images/test/data/Just_Images/Caucasian/Man/m.086d_b_0003.jpg,../images/test/data/Just_Images/Caucasian/Man/m.086d_b_0004.jpg,0.9038879871368408,1
../images/test/data/Just_Images/Caucasian/Man/m.03hb45_0002.jpg,../images/test/data/Just_Images/Caucasian/Man/m.03hb45_0001.jpg,0.9120101928710938,1
../images/test/data/Just_Images/Caucasian/Man/m.0ch09r_0001.jpg,../images/test/data/Just_Images/Caucasian/Man/m.0ch09r_0004.jpg,0.8945241570472717,1
../images/test/data/Just_Images/Caucasian/Man/m.09ptz4_0003.jpg,../images/test/data/Just_Images/Caucasian/Man/m.09ptz4_0002.jpg,0.8407537341117859,1
../images/test/data/Just_Images/Caucasian/Man/m.03h304l_0002.jpg,../images/test/data/Just_Images/Caucasian/Man/m.03h304l_0003.jpg,0.8965873122215271,1
../images/test/data/Just_Images/Caucasian/Man/m.0cd6k0_0001.jpg,../images/test/data/Just_Images/Caucasian/Man/m.0cd6k0_0002.jpg,0.8710439205169678,1
../images/test/data/Just_Images/Caucasian/Man/m.070sx4_0001.jpg,../images/test/data/Just_Images/Caucasian/Man/m.070sx4_0002.jpg,0.8970651626586914,1
../images/test/data/Just_Images/Caucasian/Man/m.01p21_5_0005.jpg,../images/test/data/Just_Images/Caucasian/Man/m.01p21_5_0006.jpg,0.8325140476226807,1
../images/test/data/Just_Images/Caucasian/Man/m.087vwg_0002.jpg,../images/test/data/Just_Images/Caucasian/Man/m.087vwg_0003.jpg,0.7924894094467163,1
../images/test/data/Just_Images/Caucasian/Man/m.039n2g_0002.jpg,../images/test/data/Just_Images/Caucasian/Man/m.039n2g_0001.jpg,0.8457528352737427,1
../images/test/data/Just_Images/Caucasian/Man/m.05hywz_0001.jpg,../images/test/data/Just_Images/Caucasian/Man/m.05hywz_0003.jpg,0.8999089002609253,1
../images/test/data/Just_Images/Caucasian/Man/m.03cf1r_0001.jpg,../images/test/data/Just_Images/Caucasian/Man/m.03cf1r_0002.jpg,0.8917422890663147,1
../images/test/data/Just_Images/Caucasian/Woman/m.0f8xyn_0003.jpg,../images/test/data/Just_Images/Caucasian/Woman/m.0f8xyn_0002.jpg,0.8984449505805969,1
../images/test/data/Just_Images/Caucasian/Woman/m.07s4zx9_0004.jpg,../images/test/data/Just_Images/Caucasian/Woman/m.07s4zx9_0002.jpg,0.8824223875999451,1
../images/test/data/Just_Images/Caucasian/Man/m.05qv16_0002.jpg,../images/test/data/Just_Images/Caucasian/Man/m.05qv16_0001.jpg,0.8105121850967407,1
../images/test/data/Just_Images/Caucasian/Man/m.0793_r_0002.jpg,../images/test/data/Just_Images/Caucasian/Man/m.0793_r_0001.jpg,0.8600811958312988,1
../images/test/data/Just_Images/Caucasian/Man/m.089hm6_0003.jpg,../images/test/data/Just_Images/Caucasian/Man/m.089hm6_0002.jpg,0.8868193030357361,1
../images/test/data/Just_Images/Caucasian/Man/m.04t0nb_0003.jpg,../images/test/data/Just_Images/Caucasian/Man/m.04t0nb_0004.jpg,0.9482026696205139,1
../images/test/data/Just_Images/Caucasian/Man/m.06q1jt_0001.jpg,../images/test/data/Just_Images/Caucasian/Man/m.06q1jt_0003.jpg,0.9262756109237671,1
../images/test/data/Just_Images/Caucasian/Man/m.02pj3kl_0003.jpg,../images/test/data/Just_Images/Caucasian/Man/m.02pj3kl_0001.jpg,0.9310164451599121,1
../images/test/data/Just_Images/Caucasian/Man/m.020087_0002.jpg,../images/test/data/Just_Images/Caucasian/Man/m.020087_0003.jpg,0.9275940656661987,1
../images/test/data/Just_Images/Caucasian/Man/m.0g56222_0002.jpg,../images/test/data/Just_Images/Caucasian/Man/m.0g56222_0004.jpg,0.7730064392089844,1
../images/test/data/Just_Images/Caucasian/Man/m.026tgty_0003.jpg,../images/test/data/Just_Images/Caucasian/Man/m.026tgty_0002.jpg,0.8586112856864929,1
../images/test/data/Just_Images/Caucasian/Man/m.036w72_0002.jpg,../images/test/data/Just_Images/Caucasian/Man/m.036w72_0001.jpg,0.8479936122894287,1
../images/test/data/Just_Images/Caucasian/Man/m.047qstq_0003.jpg,../images/test/data/Just_Images/Caucasian/Man/m.047qstq_0001.jpg,0.7982468008995056,1
../images/test/data/Just_Images/Caucasian/Woman/m.0gyw0dd_0001.jpg,../images/test/data/Just_Images/Caucasian/Woman/m.0gyw0dd_0002.jpg,0.9469485282897949,1
../images/test/data/Just_Images/Caucasian/Man/m.0kfykm1_0004.jpg,../images/test/data/Just_Images/Caucasian/Man/m.0kfykm1_0005.jpg,0.897208571434021,1
../images/test/data/Just_Images/Caucasian/Man/m.043qvg1_0003.jpg,../images/test/data/Just_Images/Caucasian/Man/m.043qvg1_0002.jpg,0.8674920797348022,1
../images/test/data/Just_Images/Caucasian/Woman/m.0bjmjk_0004.jpg,../images/test/data/Just_Images/Caucasian/Woman/m.0bjmjk_0002.jpg,0.8228352069854736,1
../images/test/data/Just_Images/Caucasian/Man/m.01x66d_0001.jpg,../images/test/data/Just_Images/Caucasian/Man/m.01x66d_0002.jpg,0.8600627779960632,1
../images/test/data/Just_Images/Caucasian/Man/m.06sdqc_0001.jpg,../images/test/data/Just_Images/Caucasian/Man/m.06sdqc_0002.jpg,0.8763887882232666,1
../images/test/data/Just_Images/Caucasian/Man/m.0x6brwx_0001.jpg,../images/test/data/Just_Images/Caucasian/Man/m.0x6brwx_0003.jpg,0.9236090183258057,1
../images/test/data/Just_Images/Caucasian/Man/m.054n91_0003.jpg,../images/test/data/Just_Images/Caucasian/Man/m.054n91_0002.jpg,0.848218560218811,1
../images/test/data/Just_Images/Caucasian/Man/m.061_yw_0001.jpg,../images/test/data/Just_Images/Caucasian/Man/m.061_yw_0002.jpg,0.8072457313537598,1
../images/test/data/Just_Images/Caucasian/Man/m.04vq3h_0003.jpg,../images/test/data/Just_Images/Caucasian/Man/m.04vq3h_0006.jpg,0.9126964807510376,1
../images/test/data/Just_Images/Caucasian/Woman/m.083b53_0001.jpg,../images/test/data/Just_Images/Caucasian/Woman/m.083b53_0003.jpg,0.894787073135376,1
../images/test/data/Just_Images/Caucasian/Man/m.07d7xv_0002.jpg,../images/test/data/Just_Images/Caucasian/Man/m.07d7xv_0001.jpg,0.7877568602561951,1
../images/test/data/Just_Images/Caucasian/Woman/m.02w9v48_0002.jpg,../images/test/data/Just_Images/Caucasian/Woman/m.02w9v48_0004.jpg,0.945286214351654,1
../images/test/data/Just_Images/Caucasian/Man/m.03vq05_0003.jpg,../images/test/data/Just_Images/Caucasian/Man/m.03vq05_0001.jpg,0.9435241222381592,1
../images/test/data/Just_Images/Caucasian/Man/m.0j445zs_0003.jpg,../images/test/data/Just_Images/Caucasian/Man/m.0j445zs_0002.jpg,0.9248448610305786,1
../images/test/data/Just_Images/Caucasian/Man/m.04r20t_0002.jpg,../images/test/data/Just_Images/Caucasian/Man/m.04r20t_0001.jpg,0.7714192867279053,1
../images/test/data/Just_Images/Caucasian/Man/m.0ryt4l7_0003.jpg,../images/test/data/Just_Images/Caucasian/Man/m.0ryt4l7_0001.jpg,0.957566499710083,1
../images/test/data/Just_Images/Caucasian/Man/m.0lnh8_0001.jpg,../images/test/data/Just_Images/Caucasian/Man/m.0lnh8_0002.jpg,0.8596850633621216,1
../images/test/data/Just_Images/Caucasian/Man/m.01tyq5_0003.jpg,../images/test/data/Just_Images/Caucasian/Man/m.01tyq5_0001.jpg,0.7947357296943665,1
../images/test/data/Just_Images/Caucasian/Man/m.01vh3r_0002.jpg,../images/test/data/Just_Images/Caucasian/Man/m.01vh3r_0003.jpg,0.9048534631729126,1
../images/test/data/Just_Images/Caucasian/Woman/m.04sg2w3_0001.jpg,../images/test/data/Just_Images/Caucasian/Woman/m.04sg2w3_0004.jpg,0.8553767800331116,1
../images/test/data/Just_Images/Caucasian/Man/m.03bjzh_0004.jpg,../images/test/data/Just_Images/Caucasian/Man/m.03bjzh_0003.jpg,0.8890959024429321,1
../images/test/data/Just_Images/Caucasian/Man/m.05nqz8_0001.jpg,../images/test/data/Just_Images/Caucasian/Man/m.05nqz8_0002.jpg,0.8692902326583862,1
../images/test/data/Just_Images/Caucasian/Man/m.049ffgm_0002.jpg,../images/test/data/Just_Images/Caucasian/Man/m.049ffgm_0001.jpg,0.8701119422912598,1
../images/test/data/Just_Images/Caucasian/Man/m.047g8ld_0002.jpg,../images/test/data/Just_Images/Caucasian/Man/m.047g8ld_0001.jpg,0.9120022058486938,1
../images/test/data/Just_Images/Caucasian/Woman/m.03hh0w4_0001.jpg,../images/test/data/Just_Images/Caucasian/Woman/m.03hh0w4_0002.jpg,0.7153012752532959,1
../images/test/data/Just_Images/Caucasian/Woman/m.01w1pmm_0001.jpg,../images/test/data/Just_Images/Caucasian/Woman/m.01w1pmm_0003.jpg,0.924685001373291,1
../images/test/data/Just_Images/Caucasian/Woman/m.01_jf7_0001.jpg,../images/test/data/Just_Images/Caucasian/Woman/m.01_jf7_0003.jpg,0.8601430058479309,1
../images/test/data/Just_Images/Caucasian/Man/m.049gh1k_0002.jpg,../images/test/data/Just_Images/Caucasian/Man/m.049gh1k_0001.jpg,0.9235515594482422,1
../images/test/data/Just_Images/Caucasian/Man/m.09xbcv_0001.jpg,../images/test/data/Just_Images/Caucasian/Man/m.09xbcv_0003.jpg,0.8279127478599548,1
../images/test/data/Just_Images/Caucasian/Man/m.053ynr_0002.jpg,../images/test/data/Just_Images/Caucasian/Man/m.053ynr_0001.jpg,0.894700288772583,1
../images/test/data/Just_Images/Caucasian/Man/m.076xrvt_0003.jpg,../images/test/data/Just_Images/Caucasian/Man/m.076xrvt_0004.jpg,0.9143378734588623,1
../images/test/data/Just_Images/Caucasian/Man/m.065y6xk_0001.jpg,../images/test/data/Just_Images/Caucasian/Man/m.065y6xk_0003.jpg,0.8906707763671875,1
../images/test/data/Just_Images/Caucasian/Woman/m.07gbgc_0001.jpg,../images/test/data/Just_Images/Caucasian/Woman/m.07gbgc_0002.jpg,0.905815839767456,1
../images/test/data/Just_Images/Caucasian/Man/m.0gmf21f_0005.jpg,../images/test/data/Just_Images/Caucasian/Man/m.0gmf21f_0003.jpg,0.9343270659446716,1
../images/test/data/Just_Images/Caucasian/Man/m.0h97pfs_0003.jpg,../images/test/data/Just_Images/Caucasian/Man/m.0h97pfs_0001.jpg,0.7910151481628418,1
../images/test/data/Just_Images/Caucasian/Man/m.02s0t__0002.jpg,../images/test/data/Just_Images/Caucasian/Man/m.02s0t__0001.jpg,0.9535861015319824,1
../images/test/data/Just_Images/Caucasian/Woman/m.08h79x_0003.jpg,../images/test/data/Just_Images/Caucasian/Woman/m.08h79x_0002.jpg,0.9552079439163208,1
../images/test/data/Just_Images/Caucasian/Man/m.02q10sx_0002.jpg,../images/test/data/Just_Images/Caucasian/Man/m.02q10sx_0001.jpg,0.7789300084114075,1
../images/test/data/Just_Images/Caucasian/Man/m.0fqlt48_0003.jpg,../images/test/data/Just_Images/Caucasian/Man/m.0fqlt48_0002.jpg,0.902752697467804,1
../images/test/data/Just_Images/Caucasian/Man/m.0415dw2_0003.jpg,../images/test/data/Just_Images/Caucasian/Man/m.0415dw2_0001.jpg,0.8464963436126709,1
../images/test/data/Just_Images/Caucasian/Man/m.0h724l_0001.jpg,../images/test/data/Just_Images/Caucasian/Man/m.0h724l_0002.jpg,0.814039945602417,1
../images/test/data/Just_Images/Caucasian/Man/m.05krlm_0003.jpg,../images/test/data/Just_Images/Caucasian/Man/m.05krlm_0002.jpg,0.9219455122947693,1
../images/test/data/Just_Images/Caucasian/Man/m.02vpmlq_0001.jpg,../images/test/data/Just_Images/Caucasian/Man/m.02vpmlq_0004.jpg,0.8584258556365967,1
../images/test/data/Just_Images/Caucasian/Woman/m.0cz4_f_0002.jpg,../images/test/data/Just_Images/Caucasian/Woman/m.0cz4_f_0004.jpg,0.9009298086166382,1
../images/test/data/Just_Images/Caucasian/Man/m.035gmb_0003.jpg,../images/test/data/Just_Images/Caucasian/Man/m.035gmb_0001.jpg,0.8333029747009277,1
../images/test/data/Just_Images/Caucasian/Man/m.026964z_0001.jpg,../images/test/data/Just_Images/Caucasian/Man/m.026964z_0002.jpg,0.9218839406967163,1
../images/test/data/Just_Images/Caucasian/Woman/m.05byz5_0003.jpg,../images/test/data/Just_Images/Caucasian/Woman/m.05byz5_0001.jpg,0.904796302318573,1
../images/test/data/Just_Images/Caucasian/Woman/m.01f4sz_0002.jpg,../images/test/data/Just_Images/Caucasian/Woman/m.01f4sz_0001.jpg,0.8968795537948608,1
../images/test/data/Just_Images/Caucasian/Woman/m.04zzzw0_0002.jpg,../images/test/data/Just_Images/Caucasian/Woman/m.04zzzw0_0001.jpg,0.9175143241882324,1
../images/test/data/Just_Images/Caucasian/Man/m.02761m_0003.jpg,../images/test/data/Just_Images/Caucasian/Man/m.02761m_0001.jpg,0.8828649520874023,1
../images/test/data/Just_Images/Caucasian/Man/m.0144_b_0004.jpg,../images/test/data/Just_Images/Caucasian/Man/m.0144_b_0002.jpg,0.8974232077598572,1
../images/test/data/Just_Images/Caucasian/Man/m.047qk72_0003.jpg,../images/test/data/Just_Images/Caucasian/Man/m.047qk72_0001.jpg,0.8619288206100464,1
../images/test/data/Just_Images/Caucasian/Man/m.0275pyb_0002.jpg,../images/test/data/Just_Images/Caucasian/Man/m.0275pyb_0003.jpg,0.8964664936065674,1
../images/test/data/Just_Images/Caucasian/Man/m.0brpvb_0003.jpg,../images/test/data/Just_Images/Caucasian/Man/m.0brpvb_0001.jpg,0.8759968280792236,1
../images/test/data/Just_Images/Caucasian/Man/m.0gls7mb_0001.jpg,../images/test/data/Just_Images/Caucasian/Man/m.0gls7mb_0002.jpg,0.7651194334030151,1
../images/test/data/Just_Images/Caucasian/Man/m.02pyg6_0001.jpg,../images/test/data/Just_Images/Caucasian/Man/m.02pyg6_0002.jpg,0.8148442506790161,1
../images/test/data/Just_Images/Caucasian/Man/m.03sqjy_0001.jpg,../images/test/data/Just_Images/Caucasian/Man/m.03sqjy_0003.jpg,0.7207371592521667,1
../images/test/data/Just_Images/Caucasian/Woman/m.04w4gw_0004.jpg,../images/test/data/Just_Images/Caucasian/Woman/m.04w4gw_0001.jpg,0.9408330917358398,1
../images/test/data/Just_Images/Caucasian/Woman/m.085b_x_0001.jpg,../images/test/data/Just_Images/Caucasian/Woman/m.085b_x_0005.jpg,0.8653360605239868,1
../images/test/data/Just_Images/Caucasian/Man/m.02thfq_0002.jpg,../images/test/data/Just_Images/Caucasian/Man/m.02thfq_0001.jpg,0.860419750213623,1
../images/test/data/Just_Images/Caucasian/Man/m.0c0vj__0003.jpg,../images/test/data/Just_Images/Caucasian/Man/m.0c0vj__0001.jpg,0.9239298105239868,1
../images/test/data/Just_Images/Caucasian/Woman/m.09g64kq_0001.jpg,../images/test/data/Just_Images/Caucasian/Woman/m.09g64kq_0002.jpg,0.8122106790542603,1
../images/test/data/Just_Images/Caucasian/Woman/m.09r1n7_0003.jpg,../images/test/data/Just_Images/Caucasian/Woman/m.09r1n7_0002.jpg,0.853869616985321,1
../images/test/data/Just_Images/Caucasian/Woman/m.0h56djk_0002.jpg,../images/test/data/Just_Images/Caucasian/Woman/m.0h56djk_0003.jpg,0.8969847559928894,1
../images/test/data/Just_Images/Caucasian/Woman/m.079pn3_0002.jpg,../images/test/data/Just_Images/Caucasian/Woman/m.079pn3_0001.jpg,0.9187687635421753,1
../images/test/data/Just_Images/Caucasian/Man/m.07wglj_0004.jpg,../images/test/data/Just_Images/Caucasian/Man/m.07wglj_0005.jpg,0.7925963401794434,1
../images/test/data/Just_Images/Caucasian/Man/m.04f98b_0002.jpg,../images/test/data/Just_Images/Caucasian/Man/m.04f98b_0004.jpg,0.9438449144363403,1
../images/test/data/Just_Images/Caucasian/Woman/m.02r1cbx_0003.jpg,../images/test/data/Just_Images/Caucasian/Woman/m.02r1cbx_0002.jpg,0.7912497520446777,1
../images/test/data/Just_Images/Caucasian/Man/m.03004v_0003.jpg,../images/test/data/Just_Images/Caucasian/Man/m.03004v_0002.jpg,0.9675909280776978,1
../images/test/data/Just_Images/Caucasian/Man/m.03tkg__0003.jpg,../images/test/data/Just_Images/Caucasian/Man/m.03tkg__0005.jpg,0.8244657516479492,1
../images/test/data/Just_Images/Caucasian/Man/m.03csvhh_0002.jpg,../images/test/data/Just_Images/Caucasian/Man/m.03csvhh_0001.jpg,0.8875155448913574,1
../images/test/data/Just_Images/Caucasian/Man/m.018wgp_0002.jpg,../images/test/data/Just_Images/Caucasian/Man/m.018wgp_0001.jpg,0.8906584978103638,1
../images/test/data/Just_Images/Caucasian/Man/m.0b6l81k_0003.jpg,../images/test/data/Just_Images/Caucasian/Man/m.0b6l81k_0004.jpg,0.9049161672592163,1
../images/test/data/Just_Images/Caucasian/Man/m.01vf_z_0002.jpg,../images/test/data/Just_Images/Caucasian/Man/m.01vf_z_0001.jpg,0.8570510149002075,1
../images/test/data/Just_Images/Caucasian/Man/m.06nzp7_0004.jpg,../images/test/data/Just_Images/Caucasian/Man/m.06nzp7_0003.jpg,0.8046870231628418,1
../images/test/data/Just_Images/Caucasian/Man/m.02rx86_0001.jpg,../images/test/data/Just_Images/Caucasian/Man/m.02rx86_0003.jpg,0.9055298566818237,1
../images/test/data/Just_Images/Caucasian/Man/m.01ph9m_0002.jpg,../images/test/data/Just_Images/Caucasian/Man/m.01ph9m_0003.jpg,0.7923137545585632,1
../images/test/data/Just_Images/Caucasian/Man/m.02swh3_0002.jpg,../images/test/data/Just_Images/Caucasian/Man/m.02swh3_0003.jpg,0.8956457376480103,1
../images/test/data/Just_Images/Caucasian/Woman/m.09vtj94_0004.jpg,../images/test/data/Just_Images/Caucasian/Woman/m.09vtj94_0002.jpg,0.9029050469398499,1
../images/test/data/Just_Images/Caucasian/Man/m.07tmj9_0001.jpg,../images/test/data/Just_Images/Caucasian/Man/m.07tmj9_0002.jpg,0.8710513710975647,1
../images/test/data/Just_Images/Caucasian/Woman/m.01jj7__0002.jpg,../images/test/data/Just_Images/Caucasian/Woman/m.01jj7__0004.jpg,0.9272662401199341,1
../images/test/data/Just_Images/Caucasian/Woman/m.01x4d5_0001.jpg,../images/test/data/Just_Images/Caucasian/Woman/m.01x4d5_0002.jpg,0.8896127939224243,1
../images/test/data/Just_Images/Caucasian/Man/m.06fr_3_0002.jpg,../images/test/data/Just_Images/Caucasian/Man/m.06fr_3_0001.jpg,0.801194965839386,1
../images/test/data/Just_Images/Caucasian/Man/m.0209_b_0003.jpg,../images/test/data/Just_Images/Caucasian/Man/m.0209_b_0001.jpg,0.9784578084945679,1
../images/test/data/Just_Images/Caucasian/Woman/m.0pmg8f8_0001.jpg,../images/test/data/Just_Images/Caucasian/Woman/m.0pmg8f8_0002.jpg,0.9534093141555786,1
../images/test/data/Just_Images/Caucasian/Man/m.032rzl_0002.jpg,../images/test/data/Just_Images/Caucasian/Man/m.032rzl_0003.jpg,0.9269278049468994,1
../images/test/data/Just_Images/Caucasian/Woman/m.0b3rh5_0002.jpg,../images/test/data/Just_Images/Caucasian/Woman/m.0b3rh5_0003.jpg,0.9477453231811523,1
../images/test/data/Just_Images/Caucasian/Woman/m.0bf61__0003.jpg,../images/test/data/Just_Images/Caucasian/Woman/m.0bf61__0004.jpg,0.8851689100265503,1
../images/test/data/Just_Images/Caucasian/Man/m.01p1ft_0001.jpg,../images/test/data/Just_Images/Caucasian/Man/m.01p1ft_0002.jpg,0.8897638320922852,1
../images/test/data/Just_Images/Caucasian/Man/m.02qvtbg_0003.jpg,../images/test/data/Just_Images/Caucasian/Man/m.02qvtbg_0001.jpg,0.854900062084198,1
../images/test/data/Just_Images/Caucasian/Woman/m.083z83k_0003.jpg,../images/test/data/Just_Images/Caucasian/Woman/m.083z83k_0001.jpg,0.8826406002044678,1
../images/test/data/Just_Images/Caucasian/Man/m.03vr4d_0001.jpg,../images/test/data/Just_Images/Caucasian/Man/m.03vr4d_0004.jpg,0.8887184858322144,1
../images/test/data/Just_Images/Caucasian/Man/m.060wl3_0002.jpg,../images/test/data/Just_Images/Caucasian/Man/m.060wl3_0003.jpg,0.9198647737503052,1
../images/test/data/Just_Images/Caucasian/Man/m.0d_r26_0002.jpg,../images/test/data/Just_Images/Caucasian/Man/m.0d_r26_0003.jpg,0.9208959937095642,1
../images/test/data/Just_Images/Caucasian/Man/m.09y69s_0005.jpg,../images/test/data/Just_Images/Caucasian/Man/m.09y69s_0001.jpg,0.9570348262786865,1
../images/test/data/Just_Images/Caucasian/Woman/m.03k95p_0001.jpg,../images/test/data/Just_Images/Caucasian/Woman/m.03k95p_0002.jpg,0.9126900434494019,1
../images/test/data/Just_Images/Caucasian/Man/m.01pr4bl_0001.jpg,../images/test/data/Just_Images/Caucasian/Man/m.01pr4bl_0002.jpg,0.9279476404190063,1
../images/test/data/Just_Images/Caucasian/Man/m.01zq6b_0001.jpg,../images/test/data/Just_Images/Caucasian/Man/m.01zq6b_0003.jpg,0.7578170299530029,1
../images/test/data/Just_Images/Caucasian/Man/m.0grg6k_0003.jpg,../images/test/data/Just_Images/Caucasian/Man/m.0grg6k_0002.jpg,0.869266152381897,1
../images/test/data/Just_Images/Caucasian/Man/m.03z0jf_0003.jpg,../images/test/data/Just_Images/Caucasian/Man/m.03z0jf_0005.jpg,0.872356653213501,1
../images/test/data/Just_Images/Caucasian/Man/m.02lb6k_0001.jpg,../images/test/data/Just_Images/Caucasian/Man/m.02lb6k_0002.jpg,0.9322256445884705,1
../images/test/data/Just_Images/Caucasian/Woman/m.02pkv9c_0002.jpg,../images/test/data/Just_Images/Caucasian/Woman/m.02pkv9c_0001.jpg,0.9411644339561462,1
../images/test/data/Just_Images/Caucasian/Man/m.0hzmhv2_0001.jpg,../images/test/data/Just_Images/Caucasian/Man/m.0hzmhv2_0002.jpg,0.8299510478973389,1
../images/test/data/Just_Images/Caucasian/Man/m.05h3kr2_0001.jpg,../images/test/data/Just_Images/Caucasian/Man/m.05h3kr2_0002.jpg,0.8683658838272095,1
../images/test/data/Just_Images/Caucasian/Man/m.02_kp8_0002.jpg,../images/test/data/Just_Images/Caucasian/Man/m.02_kp8_0003.jpg,0.8594595193862915,1
../images/test/data/Just_Images/Caucasian/Man/m.09jfkb_0001.jpg,../images/test/data/Just_Images/Caucasian/Man/m.09jfkb_0002.jpg,0.8905231952667236,1
../images/test/data/Just_Images/Caucasian/Man/m.0g2pgl_0002.jpg,../images/test/data/Just_Images/Caucasian/Man/m.0g2pgl_0001.jpg,0.9151856303215027,1
../images/test/data/Just_Images/Caucasian/Man/m.01r7yg_0001.jpg,../images/test/data/Just_Images/Caucasian/Man/m.01r7yg_0003.jpg,0.9400591850280762,1
../images/test/data/Just_Images/Caucasian/Man/m.04n24vs_0001.jpg,../images/test/data/Just_Images/Caucasian/Man/m.04n24vs_0002.jpg,0.8301897048950195,1
../images/test/data/Just_Images/Caucasian/Man/m.0cn0l7_0001.jpg,../images/test/data/Just_Images/Caucasian/Man/m.0cn0l7_0003.jpg,0.9116412997245789,1
../images/test/data/Just_Images/Caucasian/Man/m.03288s_0002.jpg,../images/test/data/Just_Images/Caucasian/Man/m.03288s_0003.jpg,0.9224066138267517,1
../images/test/data/Just_Images/Caucasian/Man/m.016hgp_0001.jpg,../images/test/data/Just_Images/Caucasian/Man/m.016hgp_0002.jpg,0.8508164286613464,1
../images/test/data/Just_Images/Caucasian/Man/m.01d9m2_0003.jpg,../images/test/data/Just_Images/Caucasian/Man/m.01d9m2_0005.jpg,0.8270921111106873,1
../images/test/data/Just_Images/Caucasian/Man/m.07y50t_0001.jpg,../images/test/data/Just_Images/Caucasian/Man/m.07y50t_0002.jpg,0.9470727443695068,1
../images/test/data/Just_Images/Caucasian/Woman/m.0gjc6m0_0002.jpg,../images/test/data/Just_Images/Caucasian/Woman/m.0gjc6m0_0001.jpg,0.952705979347229,1
../images/test/data/Just_Images/Caucasian/Woman/m.091z24_0002.jpg,../images/test/data/Just_Images/Caucasian/Woman/m.091z24_0001.jpg,0.9551119208335876,1
../images/test/data/Just_Images/Caucasian/Man/m.08rdz3_0002.jpg,../images/test/data/Just_Images/Caucasian/Man/m.08rdz3_0001.jpg,0.8018956184387207,1
../images/test/data/Just_Images/Caucasian/Man/m.01bwm5_0004.jpg,../images/test/data/Just_Images/Caucasian/Man/m.01bwm5_0002.jpg,0.8526768684387207,1
../images/test/data/Just_Images/Caucasian/Man/m.036cp4_0002.jpg,../images/test/data/Just_Images/Caucasian/Man/m.036cp4_0003.jpg,0.7634556293487549,1
../images/test/data/Just_Images/Caucasian/Man/m.0b0j6v_0001.jpg,../images/test/data/Just_Images/Caucasian/Man/m.0b0j6v_0002.jpg,0.9337066411972046,1
../images/test/data/Just_Images/Caucasian/Man/m.09gjj0m_0001.jpg,../images/test/data/Just_Images/Caucasian/Man/m.09gjj0m_0002.jpg,0.8343124985694885,1
../images/test/data/Just_Images/Caucasian/Man/m.04grdys_0002.jpg,../images/test/data/Just_Images/Caucasian/Man/m.04grdys_0001.jpg,0.8847956657409668,1
../images/test/data/Just_Images/Caucasian/Man/m.0d5_f_0006.jpg,../images/test/data/Just_Images/Caucasian/Man/m.0d5_f_0004.jpg,0.9329931735992432,1
../images/test/data/Just_Images/Caucasian/Woman/m.027vhm0_0002.jpg,../images/test/data/Just_Images/Caucasian/Woman/m.027vhm0_0003.jpg,0.8574851155281067,1
../images/test/data/Just_Images/Caucasian/Man/m.026tdl1_0002.jpg,../images/test/data/Just_Images/Caucasian/Man/m.026tdl1_0001.jpg,0.8616794347763062,1
../images/test/data/Just_Images/Caucasian/Man/m.09zzhh_0002.jpg,../images/test/data/Just_Images/Caucasian/Man/m.09zzhh_0003.jpg,0.9015740156173706,1
../images/test/data/Just_Images/Caucasian/Man/m.06crp6_0001.jpg,../images/test/data/Just_Images/Caucasian/Man/m.06crp6_0005.jpg,0.8205497860908508,1
../images/test/data/Just_Images/Caucasian/Man/m.056nw7_0001.jpg,../images/test/data/Just_Images/Caucasian/Man/m.056nw7_0003.jpg,0.8331968188285828,1
../images/test/data/Just_Images/Caucasian/Woman/m.0f_j41_0001.jpg,../images/test/data/Just_Images/Caucasian/Woman/m.0f_j41_0005.jpg,0.9032663106918335,1
../images/test/data/Just_Images/Caucasian/Man/m.060ckn_0002.jpg,../images/test/data/Just_Images/Caucasian/Man/m.060ckn_0001.jpg,0.8804581165313721,1
../images/test/data/Just_Images/Caucasian/Man/m.02q5s41_0004.jpg,../images/test/data/Just_Images/Caucasian/Man/m.02q5s41_0003.jpg,0.9096824526786804,1
../images/test/data/Just_Images/Caucasian/Woman/m.0bzklr_0001.jpg,../images/test/data/Just_Images/Caucasian/Woman/m.0bzklr_0003.jpg,0.9133478999137878,1
../images/test/data/Just_Images/Caucasian/Man/m.0dddv8__0004.jpg,../images/test/data/Just_Images/Caucasian/Man/m.0dddv8__0003.jpg,0.8955584764480591,1
../images/test/data/Just_Images/Caucasian/Man/m.02pk2cm_0001.jpg,../images/test/data/Just_Images/Caucasian/Man/m.02pk2cm_0003.jpg,0.9021444320678711,1
../images/test/data/Just_Images/Caucasian/Man/m.090_l7_0002.jpg,../images/test/data/Just_Images/Caucasian/Man/m.090_l7_0003.jpg,0.7981497645378113,1
../images/test/data/Just_Images/Caucasian/Man/m.01wvtmw_0003.jpg,../images/test/data/Just_Images/Caucasian/Man/m.01wvtmw_0001.jpg,0.8039637804031372,1
../images/test/data/Just_Images/Caucasian/Man/m.0bhjct3_0001.jpg,../images/test/data/Just_Images/Caucasian/Man/m.0bhjct3_0003.jpg,0.845435380935669,1
../images/test/data/Just_Images/Caucasian/Man/m.0f1mq3_0003.jpg,../images/test/data/Just_Images/Caucasian/Man/m.0f1mq3_0002.jpg,0.9249842762947083,1
../images/test/data/Just_Images/Caucasian/Man/m.0g8869_0002.jpg,../images/test/data/Just_Images/Caucasian/Man/m.0g8869_0001.jpg,0.8075685501098633,1
../images/test/data/Just_Images/Caucasian/Man/m.05f1n9_0003.jpg,../images/test/data/Just_Images/Caucasian/Man/m.05f1n9_0002.jpg,0.7983565330505371,1
../images/test/data/Just_Images/Caucasian/Man/m.0463cs9_0001.jpg,../images/test/data/Just_Images/Caucasian/Man/m.0463cs9_0003.jpg,0.8073062300682068,1
../images/test/data/Just_Images/Caucasian/Woman/m.05f4k7q_0001.jpg,../images/test/data/Just_Images/Caucasian/Woman/m.05f4k7q_0002.jpg,0.9328166246414185,1
../images/test/data/Just_Images/Caucasian/Man/m.096bdr_0002.jpg,../images/test/data/Just_Images/Caucasian/Man/m.096bdr_0001.jpg,0.8879083395004272,1
../images/test/data/Just_Images/Caucasian/Man/m.07wb3__0001.jpg,../images/test/data/Just_Images/Caucasian/Man/m.07wb3__0002.jpg,0.790513277053833,1
../images/test/data/Just_Images/Caucasian/Woman/m.0bs1m9w_0002.jpg,../images/test/data/Just_Images/Caucasian/Woman/m.0bs1m9w_0007.jpg,0.8655498027801514,1
../images/test/data/Just_Images/Caucasian/Man/m.0blmsl_0003.jpg,../images/test/data/Just_Images/Caucasian/Man/m.0blmsl_0001.jpg,0.8827784657478333,1
../images/test/data/Just_Images/Caucasian/Man/m.065y301_0002.jpg,../images/test/data/Just_Images/Caucasian/Man/m.065y301_0003.jpg,0.7788703441619873,1
../images/test/data/Just_Images/Caucasian/Man/m.05bd3h_0003.jpg,../images/test/data/Just_Images/Caucasian/Man/m.05bd3h_0001.jpg,0.9053052067756653,1
../images/test/data/Just_Images/Caucasian/Man/m.08fvsd_0004.jpg,../images/test/data/Just_Images/Caucasian/Man/m.08fvsd_0003.jpg,0.7855474948883057,1
../images/test/data/Just_Images/Caucasian/Man/m.072bxj_0003.jpg,../images/test/data/Just_Images/Caucasian/Man/m.072bxj_0002.jpg,0.8902127146720886,1
../images/test/data/Just_Images/Caucasian/Woman/m.07zsvv_0001.jpg,../images/test/data/Just_Images/Caucasian/Woman/m.07zsvv_0002.jpg,0.9118809700012207,1
../images/test/data/Just_Images/Caucasian/Woman/m.01x20fc_0004.jpg,../images/test/data/Just_Images/Caucasian/Woman/m.01x20fc_0001.jpg,0.7954033613204956,1
../images/test/data/Just_Images/Caucasian/Woman/m.01q7cb__0002.jpg,../images/test/data/Just_Images/Caucasian/Woman/m.01q7cb__0003.jpg,0.8695378303527832,1
../images/test/data/Just_Images/Caucasian/Man/m.06w6ydl_0001.jpg,../images/test/data/Just_Images/Caucasian/Man/m.06w6ydl_0004.jpg,0.8541725873947144,1
../images/test/data/Just_Images/Caucasian/Man/m.05gkqv_0002.jpg,../images/test/data/Just_Images/Caucasian/Man/m.05gkqv_0003.jpg,0.8750040531158447,1
../images/test/data/Just_Images/Caucasian/Man/m.02_bzp_0003.jpg,../images/test/data/Just_Images/Caucasian/Man/m.02_bzp_0001.jpg,0.9001238942146301,1
../images/test/data/Just_Images/Caucasian/Man/m.06z9m2_0001.jpg,../images/test/data/Just_Images/Caucasian/Man/m.06z9m2_0005.jpg,0.9158651232719421,1
../images/test/data/Just_Images/Caucasian/Man/m.04pr7x_0003.jpg,../images/test/data/Just_Images/Caucasian/Man/m.04pr7x_0001.jpg,0.9403883218765259,1
../images/test/data/Just_Images/Caucasian/Man/m.0fsx_k_0001.jpg,../images/test/data/Just_Images/Caucasian/Man/m.0fsx_k_0002.jpg,0.9357178211212158,1
../images/test/data/Just_Images/Caucasian/Woman/m.09sycw_0002.jpg,../images/test/data/Just_Images/Caucasian/Woman/m.09sycw_0001.jpg,0.8789562582969666,1
../images/test/data/Just_Images/Caucasian/Man/m.043qspp_0001.jpg,../images/test/data/Just_Images/Caucasian/Man/m.043qspp_0002.jpg,0.8373914957046509,1
../images/test/data/Just_Images/Caucasian/Man/m.015wfy_0002.jpg,../images/test/data/Just_Images/Caucasian/Man/m.015wfy_0003.jpg,0.870674729347229,1
../images/test/data/Just_Images/Caucasian/Man/m.0qf43_0002.jpg,../images/test/data/Just_Images/Caucasian/Man/m.0qf43_0001.jpg,0.9697595834732056,1
../images/test/data/Just_Images/Caucasian/Man/m.0bbcqb_0001.jpg,../images/test/data/Just_Images/Caucasian/Man/m.0bbcqb_0003.jpg,0.9461498260498047,1
../images/test/data/Just_Images/Caucasian/Man/m.06g6fc_0002.jpg,../images/test/data/Just_Images/Caucasian/Man/m.06g6fc_0001.jpg,0.946080207824707,1
../images/test/data/Just_Images/Caucasian/Man/m.05g7rg_0003.jpg,../images/test/data/Just_Images/Caucasian/Man/m.05g7rg_0004.jpg,0.9711125493049622,1
../images/test/data/Just_Images/Caucasian/Man/m.026559r_0002.jpg,../images/test/data/Just_Images/Caucasian/Man/m.026559r_0003.jpg,0.8045598864555359,1
../images/test/data/Just_Images/Caucasian/Man/m.086mrc_0002.jpg,../images/test/data/Just_Images/Caucasian/Man/m.086mrc_0003.jpg,0.875917911529541,1
../images/test/data/Just_Images/Caucasian/Woman/m.04y61g_0001.jpg,../images/test/data/Just_Images/Caucasian/Woman/m.04y61g_0002.jpg,0.8907724618911743,1
../images/test/data/Just_Images/Caucasian/Man/m.027d1ds_0003.jpg,../images/test/data/Just_Images/Caucasian/Man/m.027d1ds_0001.jpg,0.9506910443305969,1
../images/test/data/Just_Images/Caucasian/Man/m.03mpxf_0001.jpg,../images/test/data/Just_Images/Caucasian/Man/m.03mpxf_0003.jpg,0.8600569367408752,1
../images/test/data/Just_Images/Caucasian/Man/m.06zq52_0004.jpg,../images/test/data/Just_Images/Caucasian/Man/m.06zq52_0001.jpg,0.8389216661453247,1
../images/test/data/Just_Images/Caucasian/Man/m.02qywzd_0002.jpg,../images/test/data/Just_Images/Caucasian/Man/m.02qywzd_0001.jpg,0.9577780961990356,1
../images/test/data/Just_Images/Caucasian/Woman/m.035lj4_0001.jpg,../images/test/data/Just_Images/Caucasian/Woman/m.035lj4_0002.jpg,0.968658983707428,1
../images/test/data/Just_Images/Caucasian/Man/m.0d3zms_0002.jpg,../images/test/data/Just_Images/Caucasian/Man/m.0d3zms_0001.jpg,0.8639512658119202,1
../images/test/data/Just_Images/Caucasian/Man/m.082tkl_0003.jpg,../images/test/data/Just_Images/Caucasian/Man/m.082tkl_0001.jpg,0.9079394340515137,1
../images/test/data/Just_Images/Caucasian/Man/m.02s58t_0001.jpg,../images/test/data/Just_Images/Caucasian/Man/m.02s58t_0002.jpg,0.9276427030563354,1
../images/test/data/Just_Images/Caucasian/Woman/m.057dz9_0001.jpg,../images/test/data/Just_Images/Caucasian/Woman/m.02wcd14_0002.jpg,0.9344324469566345,0
../images/test/data/Just_Images/Caucasian/Man/m.01hk74_0002.jpg,../images/test/data/Just_Images/Caucasian/Woman/m.08vrsq_0005.jpg,0.9003031253814697,0
../images/test/data/Just_Images/Caucasian/Man/m.0h1bwl__0001.jpg,../images/test/data/Just_Images/Caucasian/Woman/m.06xbv3_0001.jpg,0.9123542308807373,0
../images/test/data/Just_Images/Caucasian/Man/m.05nz3b_0001.jpg,../images/test/data/Just_Images/Caucasian/Woman/m.074w7h_0001.jpg,0.8405783176422119,0
../images/test/data/Just_Images/Caucasian/Man/m.035wq7_0002.jpg,../images/test/data/Just_Images/Caucasian/Woman/m.0d7vz4_0002.jpg,0.8992493152618408,0
../images/test/data/Just_Images/Caucasian/Man/m.0rytzv1_0001.jpg,../images/test/data/Just_Images/Caucasian/Woman/m.04sg2w3_0002.jpg,0.7259118556976318,0
../images/test/data/Just_Images/Caucasian/Man/m.08yt0z_0004.jpg,../images/test/data/Just_Images/Caucasian/Man/m.047g0g_0004.jpg,0.8500841856002808,0
../images/test/data/Just_Images/Caucasian/Man/m.0810rp_0001.jpg,../images/test/data/Just_Images/Caucasian/Woman/m.02vldwh_0002.jpg,0.8505616188049316,0
../images/test/data/Just_Images/Caucasian/Woman/m.03ghnx_0002.jpg,../images/test/data/Just_Images/Caucasian/Man/m.07nx9j_0004.jpg,0.9287862777709961,0
../images/test/data/Just_Images/Caucasian/Man/m.0czc050_0002.jpg,../images/test/data/Just_Images/Caucasian/Man/m.03tb4n_0001.jpg,0.8897417187690735,0
../images/test/data/Just_Images/Caucasian/Man/m.09xg8_0001.jpg,../images/test/data/Just_Images/Caucasian/Woman/m.0gxv69_0003.jpg,0.8689019680023193,0
../images/test/data/Just_Images/Caucasian/Man/m.0415yw4_0003.jpg,../images/test/data/Just_Images/Caucasian/Man/m.01d9m2_0003.jpg,0.886502206325531,0
../images/test/data/Just_Images/Caucasian/Woman/m.04778_0001.jpg,../images/test/data/Just_Images/Caucasian/Man/m.0c3tyb_0004.jpg,0.934461236000061,0
../images/test/data/Just_Images/Caucasian/Man/m.02qck3r_0002.jpg,../images/test/data/Just_Images/Caucasian/Man/m.043qy01_0004.jpg,0.831852912902832,0
../images/test/data/Just_Images/Caucasian/Man/m.056_zn_0003.jpg,../images/test/data/Just_Images/Caucasian/Man/m.052_g76_0004.jpg,0.9175728559494019,0
../images/test/data/Just_Images/Caucasian/Man/m.020087_0001.jpg,../images/test/data/Just_Images/Caucasian/Man/m.01r8wg_0002.jpg,0.9217013120651245,0
../images/test/data/Just_Images/Caucasian/Man/m.080dj_0002.jpg,../images/test/data/Just_Images/Caucasian/Woman/m.01w78ry_0003.jpg,0.9474990367889404,0
../images/test/data/Just_Images/Caucasian/Man/m.038pl3_0002.jpg,../images/test/data/Just_Images/Caucasian/Woman/m.0bs1m9w_0001.jpg,0.7848090529441833,0
../images/test/data/Just_Images/Caucasian/Man/m.02dqfv_0001.jpg,../images/test/data/Just_Images/Caucasian/Man/m.058rsb_0004.jpg,0.7805638313293457,0
../images/test/data/Just_Images/Caucasian/Woman/m.03ccstv_0001.jpg,../images/test/data/Just_Images/Caucasian/Man/m.013zs9_0003.jpg,0.9266323447227478,0
../images/test/data/Just_Images/Caucasian/Man/m.03403f_0001.jpg,../images/test/data/Just_Images/Caucasian/Man/m.01p21_5_0003.jpg,0.6780341863632202,0
../images/test/data/Just_Images/Caucasian/Man/m.02rb3_m_0002.jpg,../images/test/data/Just_Images/Caucasian/Woman/m.04jhsnv_0005.jpg,0.8369486331939697,0
../images/test/data/Just_Images/Caucasian/Man/m.0gc5b1t_0002.jpg,../images/test/data/Just_Images/Caucasian/Woman/m.04mn7m_0004.jpg,0.834397554397583,0
../images/test/data/Just_Images/Caucasian/Man/m.08l9m9_0003.jpg,../images/test/data/Just_Images/Caucasian/Man/m.03yh86_0003.jpg,0.8547450304031372,0
../images/test/data/Just_Images/Caucasian/Woman/m.05f9c1h_0004.jpg,../images/test/data/Just_Images/Caucasian/Woman/m.0cz4_f_0004.jpg,0.8933576345443726,0
../images/test/data/Just_Images/Caucasian/Man/m.08h9rp_0001.jpg,../images/test/data/Just_Images/Caucasian/Man/m.04m3sw_0003.jpg,0.9244434833526611,0
../images/test/data/Just_Images/Caucasian/Woman/m.0ck1l0_0003.jpg,../images/test/data/Just_Images/Caucasian/Man/m.025wqb8_0002.jpg,0.9200152158737183,0
../images/test/data/Just_Images/Caucasian/Man/m.0gx1tlf_0003.jpg,../images/test/data/Just_Images/Caucasian/Man/m.039rwf_0001.jpg,0.9275996088981628,0
../images/test/data/Just_Images/Caucasian/Man/m.05_m3z_0004.jpg,../images/test/data/Just_Images/Caucasian/Man/m.0240v_0001.jpg,0.9380416870117188,0
../images/test/data/Just_Images/Caucasian/Man/m.013_4m_0003.jpg,../images/test/data/Just_Images/Caucasian/Man/m.039rwf_0005.jpg,0.8728733062744141,0
../images/test/data/Just_Images/Caucasian/Man/m.03d16t_0001.jpg,../images/test/data/Just_Images/Caucasian/Man/m.09chpl_0003.jpg,0.9366976022720337,0
../images/test/data/Just_Images/Caucasian/Man/m.0dz861_0003.jpg,../images/test/data/Just_Images/Caucasian/Man/m.09gk4md_0002.jpg,0.8780786991119385,0
../images/test/data/Just_Images/Caucasian/Man/m.02r6ydb_0001.jpg,../images/test/data/Just_Images/Caucasian/Man/m.06_t8__0004.jpg,0.9253698587417603,0
../images/test/data/Just_Images/Caucasian/Woman/m.04mx6tt_0002.jpg,../images/test/data/Just_Images/Caucasian/Man/m.026zhxp_0002.jpg,0.9580243825912476,0
../images/test/data/Just_Images/Caucasian/Man/m.06_wwsd_0002.jpg,../images/test/data/Just_Images/Caucasian/Man/m.0bh9pqh_0001.jpg,0.8504239916801453,0
../images/test/data/Just_Images/Caucasian/Man/m.01479s_0004.jpg,../images/test/data/Just_Images/Caucasian/Man/m.05qpp6_0001.jpg,0.8720621466636658,0
../images/test/data/Just_Images/Caucasian/Man/m.039vj4_0001.jpg,../images/test/data/Just_Images/Caucasian/Man/m.01w2hbq_0004.jpg,0.9107582569122314,0
../images/test/data/Just_Images/Caucasian/Man/m.03p6dx_0002.jpg,../images/test/data/Just_Images/Caucasian/Woman/m.01w78ry_0002.jpg,0.9471678733825684,0
../images/test/data/Just_Images/Caucasian/Man/m.03t2j9_0001.jpg,../images/test/data/Just_Images/Caucasian/Man/m.03yx01_0002.jpg,0.9194064140319824,0
../images/test/data/Just_Images/Caucasian/Man/m.03ygy2x_0003.jpg,../images/test/data/Just_Images/Caucasian/Man/m.0bmp6r_0002.jpg,0.8718423843383789,0
../images/test/data/Just_Images/Caucasian/Man/m.08rns6_0002.jpg,../images/test/data/Just_Images/Caucasian/Man/m.065y301_0001.jpg,0.7952098846435547,0
../images/test/data/Just_Images/Caucasian/Man/m.02dhs3_0001.jpg,../images/test/data/Just_Images/Caucasian/Man/m.08c0_0_0003.jpg,0.9236951470375061,0
../images/test/data/Just_Images/Caucasian/Man/m.076xrvt_0001.jpg,../images/test/data/Just_Images/Caucasian/Woman/m.0265twh_0004.jpg,0.9052196145057678,0
../images/test/data/Just_Images/Caucasian/Man/m.0d0_7q_0001.jpg,../images/test/data/Just_Images/Caucasian/Man/m.026_cgm_0001.jpg,0.9475528597831726,0
../images/test/data/Just_Images/Caucasian/Woman/m.03ql5l_0001.jpg,../images/test/data/Just_Images/Caucasian/Man/m.07rzfx_0002.jpg,0.9320095777511597,0
../images/test/data/Just_Images/Caucasian/Woman/m.0kr_9v_0004.jpg,../images/test/data/Just_Images/Caucasian/Man/m.06n7m8_0004.jpg,0.9195637106895447,0
../images/test/data/Just_Images/Caucasian/Man/m.08dhmf_0003.jpg,../images/test/data/Just_Images/Caucasian/Man/m.049fxsr_0004.jpg,0.9050174951553345,0
../images/test/data/Just_Images/Caucasian/Woman/m.09lpfq_0001.jpg,../images/test/data/Just_Images/Caucasian/Woman/m.075ms__0001.jpg,0.9023364782333374,0
../images/test/data/Just_Images/Caucasian/Man/m.04w_1j_0002.jpg,../images/test/data/Just_Images/Caucasian/Man/m.08sv66_0003.jpg,0.928568959236145,0
../images/test/data/Just_Images/Caucasian/Woman/m.03r333_0001.jpg,../images/test/data/Just_Images/Caucasian/Man/m.0gf75k_0001.jpg,0.9020050168037415,0
../images/test/data/Just_Images/Caucasian/Woman/m.091z24_0001.jpg,../images/test/data/Just_Images/Caucasian/Woman/m.067hq2_0002.jpg,0.782770037651062,0
../images/test/data/Just_Images/Caucasian/Man/m.039n2g_0003.jpg,../images/test/data/Just_Images/Caucasian/Woman/m.014nfw_0005.jpg,0.871863842010498,0
../images/test/data/Just_Images/Caucasian/Man/m.03806d_0001.jpg,../images/test/data/Just_Images/Caucasian/Man/m.03cdg6l_0003.jpg,0.8508124351501465,0
../images/test/data/Just_Images/Caucasian/Woman/m.03kcyd_0005.jpg,../images/test/data/Just_Images/Caucasian/Man/m.012cf3_0002.jpg,0.9442249536514282,0
../images/test/data/Just_Images/Caucasian/Man/m.0gtxzmm_0002.jpg,../images/test/data/Just_Images/Caucasian/Man/m.01rq7g2_0002.jpg,0.9273682236671448,0
../images/test/data/Just_Images/Caucasian/Woman/m.03cm86_0003.jpg,../images/test/data/Just_Images/Caucasian/Man/m.03thw4_0003.jpg,0.819115161895752,0
../images/test/data/Just_Images/Caucasian/Man/m.01kyfs_0001.jpg,../images/test/data/Just_Images/Caucasian/Man/m.0cbkw_0005.jpg,0.8706721067428589,0
../images/test/data/Just_Images/Caucasian/Man/m.088ggh_0004.jpg,../images/test/data/Just_Images/Caucasian/Man/m.06_yvq_0005.jpg,0.8873809576034546,0
../images/test/data/Just_Images/Caucasian/Man/m.0d950f_0004.jpg,../images/test/data/Just_Images/Caucasian/Man/m.05m32c_0004.jpg,0.8771172165870667,0
../images/test/data/Just_Images/Caucasian/Man/m.05bd3h_0002.jpg,../images/test/data/Just_Images/Caucasian/Man/m.07ldj3_0001.jpg,0.9347143769264221,0
../images/test/data/Just_Images/Caucasian/Man/m.05r9vf_0003.jpg,../images/test/data/Just_Images/Caucasian/Man/m.0hndysp_0001.jpg,0.9187825918197632,0
../images/test/data/Just_Images/Caucasian/Man/m.0274k36_0004.jpg,../images/test/data/Just_Images/Caucasian/Woman/m.05mw28f_0002.jpg,0.9589325189590454,0
../images/test/data/Just_Images/Caucasian/Man/m.03d7_3y_0002.jpg,../images/test/data/Just_Images/Caucasian/Woman/m.028tyf_0003.jpg,0.8645259141921997,0
../images/test/data/Just_Images/Caucasian/Man/m.036lz0_0001.jpg,../images/test/data/Just_Images/Caucasian/Man/m.09z6mc_0003.jpg,0.8369929790496826,0
../images/test/data/Just_Images/Caucasian/Man/m.05zwm67_0003.jpg,../images/test/data/Just_Images/Caucasian/Man/m.027_v2k_0002.jpg,0.8162989616394043,0
../images/test/data/Just_Images/Caucasian/Man/m.056h0j_0002.jpg,../images/test/data/Just_Images/Caucasian/Man/m.04lc5t_0002.jpg,0.8965823650360107,0
../images/test/data/Just_Images/Caucasian/Man/m.05h4rbm_0001.jpg,../images/test/data/Just_Images/Caucasian/Man/m.0r4pmym_0001.jpg,0.7800548076629639,0
../images/test/data/Just_Images/Caucasian/Man/m.025csj_0001.jpg,../images/test/data/Just_Images/Caucasian/Man/m.0d3zms_0002.jpg,0.8865863084793091,0
../images/test/data/Just_Images/Caucasian/Man/m.0bzjb4_0002.jpg,../images/test/data/Just_Images/Caucasian/Woman/m.0gvsl8t_0001.jpg,0.950931966304779,0
../images/test/data/Just_Images/Caucasian/Man/m.08rdz3_0003.jpg,../images/test/data/Just_Images/Caucasian/Woman/m.0j7msrm_0001.jpg,0.9078660011291504,0
../images/test/data/Just_Images/Caucasian/Man/m.04n6r7_0002.jpg,../images/test/data/Just_Images/Caucasian/Man/m.03d3mg_0003.jpg,0.8419144153594971,0
../images/test/data/Just_Images/Caucasian/Woman/m.043p916_0002.jpg,../images/test/data/Just_Images/Caucasian/Man/m.04dz616_0004.jpg,0.7925373315811157,0
../images/test/data/Just_Images/Caucasian/Man/m.013xhr_0002.jpg,../images/test/data/Just_Images/Caucasian/Man/m.09w_st_0003.jpg,0.8761159777641296,0
../images/test/data/Just_Images/Caucasian/Woman/m.030nv6_0002.jpg,../images/test/data/Just_Images/Caucasian/Woman/m.0300_r_0004.jpg,0.8383255004882812,0
../images/test/data/Just_Images/Caucasian/Man/m.06zq52_0002.jpg,../images/test/data/Just_Images/Caucasian/Man/m.0bbz862_0003.jpg,0.8797042965888977,0
../images/test/data/Just_Images/Caucasian/Man/m.06nzp7_0005.jpg,../images/test/data/Just_Images/Caucasian/Man/m.0bm3tc_0005.jpg,0.9297991394996643,0
../images/test/data/Just_Images/Caucasian/Man/m.02b88j_0003.jpg,../images/test/data/Just_Images/Caucasian/Man/m.01s4dk_0004.jpg,0.9306409955024719,0
../images/test/data/Just_Images/Caucasian/Man/m.0drjz8_0003.jpg,../images/test/data/Just_Images/Caucasian/Man/m.05h4rbm_0003.jpg,0.8623460531234741,0
../images/test/data/Just_Images/Caucasian/Man/m.0hr56hr_0001.jpg,../images/test/data/Just_Images/Caucasian/Woman/m.04y61g_0003.jpg,0.8680527210235596,0
../images/test/data/Just_Images/Caucasian/Man/m.0465nch_0003.jpg,../images/test/data/Just_Images/Caucasian/Man/m.0gff83x_0001.jpg,0.9372590184211731,0
../images/test/data/Just_Images/Caucasian/Woman/m.0gty5sb_0001.jpg,../images/test/data/Just_Images/Caucasian/Man/m.01ptrh_0003.jpg,0.7717607021331787,0
../images/test/data/Just_Images/Caucasian/Man/m.03wqg__0002.jpg,../images/test/data/Just_Images/Caucasian/Man/m.09blb2_0004.jpg,0.8704653978347778,0
../images/test/data/Just_Images/Caucasian/Man/m.0f3zf__0001.jpg,../images/test/data/Just_Images/Caucasian/Woman/m.07s4zx9_0001.jpg,0.837384819984436,0
../images/test/data/Just_Images/Caucasian/Man/m.085q5_0001.jpg,../images/test/data/Just_Images/Caucasian/Man/m.02qw0c4_0001.jpg,0.7989362478256226,0
../images/test/data/Just_Images/Caucasian/Man/m.05gqsl_0002.jpg,../images/test/data/Just_Images/Caucasian/Woman/m.0dczsx_0001.jpg,0.922492504119873,0
../images/test/data/Just_Images/Caucasian/Man/m.01nl5d_0001.jpg,../images/test/data/Just_Images/Caucasian/Man/m.03mc3p4_0004.jpg,0.8305478096008301,0
../images/test/data/Just_Images/Caucasian/Man/m.0czb0m0_0003.jpg,../images/test/data/Just_Images/Caucasian/Man/m.026j908_0001.jpg,0.8227141499519348,0
../images/test/data/Just_Images/Caucasian/Man/m.0cldc8n_0002.jpg,../images/test/data/Just_Images/Caucasian/Man/m.036cp4_0004.jpg,0.8725743293762207,0
../images/test/data/Just_Images/Caucasian/Man/m.01k8f20_0001.jpg,../images/test/data/Just_Images/Caucasian/Woman/m.01p76zn_0001.jpg,0.8859772086143494,0
../images/test/data/Just_Images/Caucasian/Man/m.0dyhsl_0001.jpg,../images/test/data/Just_Images/Caucasian/Man/m.05lc5m_0004.jpg,0.8076776266098022,0
../images/test/data/Just_Images/Caucasian/Woman/m.01dml6_0002.jpg,../images/test/data/Just_Images/Caucasian/Woman/m.07gbgc_0004.jpg,0.8069102764129639,0
../images/test/data/Just_Images/Caucasian/Man/m.038pq5_0001.jpg,../images/test/data/Just_Images/Caucasian/Man/m.0hnc76t_0003.jpg,0.9485052824020386,0
../images/test/data/Just_Images/Caucasian/Woman/m.06znxl0_0001.jpg,../images/test/data/Just_Images/Caucasian/Woman/m.0f2ybq_0004.jpg,0.7822672128677368,0
../images/test/data/Just_Images/Caucasian/Man/m.02mpmt_0002.jpg,../images/test/data/Just_Images/Caucasian/Man/m.0dgzl__0001.jpg,0.7717821598052979,0
../images/test/data/Just_Images/Caucasian/Man/m.08mxlb_0003.jpg,../images/test/data/Just_Images/Caucasian/Man/m.0538g4_0001.jpg,0.8342311382293701,0
../images/test/data/Just_Images/Caucasian/Man/m.06vqm6_0001.jpg,../images/test/data/Just_Images/Caucasian/Man/m.0c5_ym_0003.jpg,0.8600964546203613,0
../images/test/data/Just_Images/Caucasian/Man/m.060wl3_0001.jpg,../images/test/data/Just_Images/Caucasian/Woman/m.0bmgy0_0003.jpg,0.8500086069107056,0
../images/test/data/Just_Images/Caucasian/Man/m.01fhjf_0001.jpg,../images/test/data/Just_Images/Caucasian/Man/m.013xhr_0001.jpg,0.9091401100158691,0
../images/test/data/Just_Images/Caucasian/Man/m.0240v_0003.jpg,../images/test/data/Just_Images/Caucasian/Man/m.014hlm_0004.jpg,0.8391255736351013,0
../images/test/data/Just_Images/Caucasian/Man/m.038l68_0002.jpg,../images/test/data/Just_Images/Caucasian/Man/m.0h55kdw_0004.jpg,0.9193077087402344,0
../images/test/data/Just_Images/Caucasian/Woman/m.03f21hg_0003.jpg,../images/test/data/Just_Images/Caucasian/Man/m.0pht3_0002.jpg,0.8941080570220947,0
../images/test/data/Just_Images/Caucasian/Man/m.026_dq6_0001.jpg,../images/test/data/Just_Images/Caucasian/Man/m.05qmx0_0003.jpg,0.8582786321640015,0
../images/test/data/Just_Images/Caucasian/Man/m.03nk3t_0004.jpg,../images/test/data/Just_Images/Caucasian/Man/m.062j_j_0002.jpg,0.9517365097999573,0
../images/test/data/Just_Images/Caucasian/Woman/m.015p37_0003.jpg,../images/test/data/Just_Images/Caucasian/Man/m.0j66tfg_0001.jpg,0.8784729242324829,0
../images/test/data/Just_Images/Caucasian/Man/m.0g5xld_0002.jpg,../images/test/data/Just_Images/Caucasian/Man/m.05ds_4_0002.jpg,0.7904824018478394,0
../images/test/data/Just_Images/Caucasian/Man/m.07zj6v_0002.jpg,../images/test/data/Just_Images/Caucasian/Man/m.02vsjy0_0006.jpg,0.9222133159637451,0
../images/test/data/Just_Images/Caucasian/Woman/m.0dczsx_0002.jpg,../images/test/data/Just_Images/Caucasian/Man/m.01vx08v_0001.jpg,0.9217743277549744,0
../images/test/data/Just_Images/Caucasian/Man/m.0czd17k_0001.jpg,../images/test/data/Just_Images/Caucasian/Woman/m.03h1yrz_0003.jpg,0.9022037982940674,0
../images/test/data/Just_Images/Caucasian/Woman/m.047fpjl_0001.jpg,../images/test/data/Just_Images/Caucasian/Woman/m.09f3hh_0002.jpg,0.9493036270141602,0
../images/test/data/Just_Images/Caucasian/Woman/m.01jsz8_0003.jpg,../images/test/data/Just_Images/Caucasian/Man/m.04vwzj3_0003.jpg,0.8718661665916443,0
../images/test/data/Just_Images/Caucasian/Man/m.03d71f_0002.jpg,../images/test/data/Just_Images/Caucasian/Man/m.025y9fn_0001.jpg,0.8576597571372986,0
../images/test/data/Just_Images/Caucasian/Woman/m.02wc4p__0002.jpg,../images/test/data/Just_Images/Caucasian/Man/m.03q6fh_0004.jpg,0.8037957549095154,0
../images/test/data/Just_Images/Caucasian/Man/m.06czcn_0002.jpg,../images/test/data/Just_Images/Caucasian/Woman/m.08kmv__0004.jpg,0.8698146343231201,0
../images/test/data/Just_Images/Caucasian/Man/m.04g4s3_0002.jpg,../images/test/data/Just_Images/Caucasian/Man/m.02jvy9_0002.jpg,0.929579496383667,0
../images/test/data/Just_Images/Caucasian/Man/m.01q810_0002.jpg,../images/test/data/Just_Images/Caucasian/Man/m.0bbw9s9_0002.jpg,0.7254214882850647,0
../images/test/data/Just_Images/Caucasian/Man/m.0fn9m8_0005.jpg,../images/test/data/Just_Images/Caucasian/Man/m.01h_3z_0003.jpg,0.8403762578964233,0
../images/test/data/Just_Images/Caucasian/Woman/m.0jzxpgx_0003.jpg,../images/test/data/Just_Images/Caucasian/Man/m.03gyy91_0002.jpg,0.8969000577926636,0
../images/test/data/Just_Images/Caucasian/Man/m.02qkhs1_0002.jpg,../images/test/data/Just_Images/Caucasian/Man/m.09fj8j_0003.jpg,0.776957631111145,0
../images/test/data/Just_Images/Caucasian/Woman/m.01mvp03_0001.jpg,../images/test/data/Just_Images/Caucasian/Man/m.043cq6_0003.jpg,0.8159922361373901,0
../images/test/data/Just_Images/Caucasian/Man/m.0bvy7xr_0001.jpg,../images/test/data/Just_Images/Caucasian/Man/m.06nzp7_0002.jpg,0.8822187185287476,0
../images/test/data/Just_Images/Caucasian/Woman/m.089vl5_0005.jpg,../images/test/data/Just_Images/Caucasian/Man/m.0637st_0001.jpg,0.9132828116416931,0
../images/test/data/Just_Images/Caucasian/Man/m.026dkw_0002.jpg,../images/test/data/Just_Images/Caucasian/Man/m.04hx87_0002.jpg,0.8789224624633789,0
../images/test/data/Just_Images/Caucasian/Woman/m.02wcg9p_0001.jpg,../images/test/data/Just_Images/Caucasian/Man/m.01l0mh_0002.jpg,0.9423395991325378,0
../images/test/data/Just_Images/Caucasian/Woman/m.04rb5v_0002.jpg,../images/test/data/Just_Images/Caucasian/Man/m.05gqsl_0002.jpg,0.910230278968811,0
../images/test/data/Just_Images/Caucasian/Man/m.08qp4k_0002.jpg,../images/test/data/Just_Images/Caucasian/Man/m.0bwlqxy_0001.jpg,0.8099790215492249,0
../images/test/data/Just_Images/Caucasian/Man/m.0b2jm_0002.jpg,../images/test/data/Just_Images/Caucasian/Man/m.0261j4_0003.jpg,0.838218092918396,0
../images/test/data/Just_Images/Caucasian/Woman/m.034v42_0002.jpg,../images/test/data/Just_Images/Caucasian/Woman/m.082vy3_0005.jpg,0.8376405239105225,0
../images/test/data/Just_Images/Caucasian/Man/m.04mkjvs_0003.jpg,../images/test/data/Just_Images/Caucasian/Man/m.0h_dcjr_0003.jpg,0.8829877376556396,0
../images/test/data/Just_Images/Caucasian/Man/m.0fz9m7_0001.jpg,../images/test/data/Just_Images/Caucasian/Man/m.04qchv_0001.jpg,0.8004041910171509,0
../images/test/data/Just_Images/Caucasian/Woman/m.0983_n_0004.jpg,../images/test/data/Just_Images/Caucasian/Woman/m.01t2sk_0002.jpg,0.9373914003372192,0
../images/test/data/Just_Images/Caucasian/Man/m.044tq_0003.jpg,../images/test/data/Just_Images/Caucasian/Man/m.01lpjyj_0003.jpg,0.943306565284729,0
../images/test/data/Just_Images/Caucasian/Man/m.06dn4y_0003.jpg,../images/test/data/Just_Images/Caucasian/Man/m.01vt203_0002.jpg,0.8996896743774414,0
../images/test/data/Just_Images/Caucasian/Man/m.03hjzfd_0002.jpg,../images/test/data/Just_Images/Caucasian/Man/m.058kqy_0002.jpg,0.928389310836792,0
../images/test/data/Just_Images/Caucasian/Woman/m.01w78ry_0004.jpg,../images/test/data/Just_Images/Caucasian/Man/m.039xxb_0005.jpg,0.7981032133102417,0
../images/test/data/Just_Images/Caucasian/Man/m.0385fd_0003.jpg,../images/test/data/Just_Images/Caucasian/Man/m.05mtwt_0002.jpg,0.9128405451774597,0
../images/test/data/Just_Images/Caucasian/Man/m.03hmb3v_0002.jpg,../images/test/data/Just_Images/Caucasian/Man/m.01jscz_0004.jpg,0.87514728307724,0
../images/test/data/Just_Images/Caucasian/Woman/m.0g577f5_0005.jpg,../images/test/data/Just_Images/Caucasian/Man/m.06pt_8_0005.jpg,0.8409895300865173,0
../images/test/data/Just_Images/Caucasian/Man/m.04tq_d_0003.jpg,../images/test/data/Just_Images/Caucasian/Woman/m.09v5jqn_0001.jpg,0.8822576999664307,0
../images/test/data/Just_Images/Caucasian/Woman/m.0gc250d_0003.jpg,../images/test/data/Just_Images/Caucasian/Woman/m.04f07rj_0004.jpg,0.8885065317153931,0
../images/test/data/Just_Images/Caucasian/Man/m.03f65ws_0001.jpg,../images/test/data/Just_Images/Caucasian/Man/m.0j29vlm_0003.jpg,0.9419636726379395,0
../images/test/data/Just_Images/Caucasian/Man/m.0j9mdv2_0002.jpg,../images/test/data/Just_Images/Caucasian/Man/m.0d3dsv_0002.jpg,0.8489013910293579,0
../images/test/data/Just_Images/Caucasian/Man/m.0q3_h32_0001.jpg,../images/test/data/Just_Images/Caucasian/Man/m.0kvk5yk_0005.jpg,0.9066996574401855,0
../images/test/data/Just_Images/Caucasian/Man/m.017lcg_0003.jpg,../images/test/data/Just_Images/Caucasian/Man/m.0d8p05_0002.jpg,0.8677324652671814,0
../images/test/data/Just_Images/Caucasian/Man/m.07gl0v_0002.jpg,../images/test/data/Just_Images/Caucasian/Man/m.01w495d_0003.jpg,0.9231350421905518,0
../images/test/data/Just_Images/Caucasian/Man/m.01z_5t_0001.jpg,../images/test/data/Just_Images/Caucasian/Man/m.0pnhc_0003.jpg,0.9020258188247681,0
../images/test/data/Just_Images/Caucasian/Man/m.04c2ft_0001.jpg,../images/test/data/Just_Images/Caucasian/Man/m.01kvrj_0003.jpg,0.7706229090690613,0
../images/test/data/Just_Images/Caucasian/Man/m.012cf3_0003.jpg,../images/test/data/Just_Images/Caucasian/Man/m.04zbq8_0001.jpg,0.8405362963676453,0
../images/test/data/Just_Images/Caucasian/Woman/m.0f0jc3_0001.jpg,../images/test/data/Just_Images/Caucasian/Man/m.0fx_hg_0004.jpg,0.8416948318481445,0
../images/test/data/Just_Images/Caucasian/Man/m.04n12ty_0005.jpg,../images/test/data/Just_Images/Caucasian/Man/m.0kryqm_0003.jpg,0.8240593671798706,0
../images/test/data/Just_Images/Caucasian/Woman/m.07ybmn3_0003.jpg,../images/test/data/Just_Images/Caucasian/Woman/m.0bgwxt_0003.jpg,0.9009363651275635,0
../images/test/data/Just_Images/Caucasian/Woman/m.09f3hh_0001.jpg,../images/test/data/Just_Images/Caucasian/Woman/m.04w4gw_0002.jpg,0.9279997944831848,0
../images/test/data/Just_Images/Caucasian/Man/m.01z9br_0001.jpg,../images/test/data/Just_Images/Caucasian/Man/m.0ch35dv_0001.jpg,0.858081579208374,0
../images/test/data/Just_Images/Caucasian/Man/m.0138d_0002.jpg,../images/test/data/Just_Images/Caucasian/Man/m.07s9ymt_0002.jpg,0.8613805770874023,0
../images/test/data/Just_Images/Caucasian/Woman/m.0hzpkcs_0004.jpg,../images/test/data/Just_Images/Caucasian/Woman/m.03f46y6_0003.jpg,0.9653152227401733,0
../images/test/data/Just_Images/Caucasian/Man/m.067fmb_0001.jpg,../images/test/data/Just_Images/Caucasian/Man/m.0dlk32_0004.jpg,0.9330313205718994,0
../images/test/data/Just_Images/Caucasian/Man/m.0684ps_0002.jpg,../images/test/data/Just_Images/Caucasian/Woman/m.01w78ry_0001.jpg,0.8907288312911987,0
../images/test/data/Just_Images/Caucasian/Man/m.04gnpyg_0002.jpg,../images/test/data/Just_Images/Caucasian/Man/m.058rsb_0002.jpg,0.8126931190490723,0
../images/test/data/Just_Images/Caucasian/Man/m.02qxrlf_0003.jpg,../images/test/data/Just_Images/Caucasian/Man/m.06zpl8x_0001.jpg,0.8353675007820129,0
../images/test/data/Just_Images/Caucasian/Man/m.0gg9m3f_0004.jpg,../images/test/data/Just_Images/Caucasian/Man/m.06xs7f_0003.jpg,0.8059343099594116,0
../images/test/data/Just_Images/Caucasian/Man/m.05qhtq_0002.jpg,../images/test/data/Just_Images/Caucasian/Man/m.0cc7ywq_0005.jpg,0.8189913630485535,0
../images/test/data/Just_Images/Caucasian/Man/m.039wng_0002.jpg,../images/test/data/Just_Images/Caucasian/Man/m.027ymx_0003.jpg,0.9255488514900208,0
../images/test/data/Just_Images/Caucasian/Man/m.01fr15_0003.jpg,../images/test/data/Just_Images/Caucasian/Man/m.0gfc_5__0005.jpg,0.8533050417900085,0
../images/test/data/Just_Images/Caucasian/Man/m.07hc7d_0002.jpg,../images/test/data/Just_Images/Caucasian/Man/m.04gn_2p_0003.jpg,0.8725181818008423,0
../images/test/data/Just_Images/Caucasian/Man/m.07z81k_0003.jpg,../images/test/data/Just_Images/Caucasian/Man/m.0457pz_0004.jpg,0.816752552986145,0
../images/test/data/Just_Images/Caucasian/Man/m.0d_r26_0001.jpg,../images/test/data/Just_Images/Caucasian/Man/m.03c55bh_0002.jpg,0.8735593557357788,0
../images/test/data/Just_Images/Caucasian/Man/m.0c3bq1_0003.jpg,../images/test/data/Just_Images/Caucasian/Man/m.0c8d5w_0004.jpg,0.8325292468070984,0
../images/test/data/Just_Images/Caucasian/Woman/m.02q1vkp_0001.jpg,../images/test/data/Just_Images/Caucasian/Man/m.06wb5bj_0002.jpg,0.8988296985626221,0
../images/test/data/Just_Images/Caucasian/Man/m.06_n68_0002.jpg,../images/test/data/Just_Images/Caucasian/Man/m.01k98nm_0001.jpg,0.927655041217804,0
../images/test/data/Just_Images/Caucasian/Man/m.0fqqcz_0003.jpg,../images/test/data/Just_Images/Caucasian/Man/m.04d27_9_0001.jpg,0.8461118936538696,0
../images/test/data/Just_Images/Caucasian/Woman/m.04g8d_0003.jpg,../images/test/data/Just_Images/Caucasian/Woman/m.027__w1_0003.jpg,0.8380814790725708,0
../images/test/data/Just_Images/Caucasian/Man/m.05m9f9_0002.jpg,../images/test/data/Just_Images/Caucasian/Man/m.04y8w4r_0005.jpg,0.9246312975883484,0
../images/test/data/Just_Images/Caucasian/Man/m.035kl6_0003.jpg,../images/test/data/Just_Images/Caucasian/Man/m.0415w2s_0001.jpg,0.9114766120910645,0
../images/test/data/Just_Images/Caucasian/Woman/m.02ssqb_0003.jpg,../images/test/data/Just_Images/Caucasian/Man/m.06ck88_0003.jpg,0.8769745826721191,0
../images/test/data/Just_Images/Caucasian/Woman/m.02q1jfd_0004.jpg,../images/test/data/Just_Images/Caucasian/Man/m.04d52g_0003.jpg,0.9047521352767944,0
../images/test/data/Just_Images/Caucasian/Woman/m.061ll5_0001.jpg,../images/test/data/Just_Images/Caucasian/Woman/m.0cxxn6_0004.jpg,0.9626901149749756,0
../images/test/data/Just_Images/Caucasian/Man/m.01wvf0l_0001.jpg,../images/test/data/Just_Images/Caucasian/Man/m.04bt9q_0003.jpg,0.9191972017288208,0
../images/test/data/Just_Images/Caucasian/Woman/m.0rph7hp_0002.jpg,../images/test/data/Just_Images/Caucasian/Man/m.03wbs6t_0003.jpg,0.7992563247680664,0
../images/test/data/Just_Images/Caucasian/Man/m.026r446_0002.jpg,../images/test/data/Just_Images/Caucasian/Man/m.0bn9lt_0003.jpg,0.888522207736969,0
../images/test/data/Just_Images/Caucasian/Woman/m.0gls0kz_0003.jpg,../images/test/data/Just_Images/Caucasian/Woman/m.03f0bnm_0002.jpg,0.8484700918197632,0
../images/test/data/Just_Images/Caucasian/Man/m.042rb0_0005.jpg,../images/test/data/Just_Images/Caucasian/Man/m.0g57lmj_0001.jpg,0.8994104862213135,0
../images/test/data/Just_Images/Caucasian/Man/m.06553q_0002.jpg,../images/test/data/Just_Images/Caucasian/Man/m.07tzbr_0002.jpg,0.7901744842529297,0
../images/test/data/Just_Images/Caucasian/Man/m.01fnb2_0003.jpg,../images/test/data/Just_Images/Caucasian/Man/m.0d5_f_0001.jpg,0.92729252576828,0
../images/test/data/Just_Images/Caucasian/Man/m.0b6gpmt_0002.jpg,../images/test/data/Just_Images/Caucasian/Woman/m.013yd0_0002.jpg,0.9027405977249146,0
../images/test/data/Just_Images/Caucasian/Woman/m.0bf61__0002.jpg,../images/test/data/Just_Images/Caucasian/Man/m.0bwg9h1_0003.jpg,0.9255479574203491,0
../images/test/data/Just_Images/Caucasian/Man/m.02q27k2_0002.jpg,../images/test/data/Just_Images/Caucasian/Man/m.0rpg459_0001.jpg,0.8978946208953857,0
../images/test/data/Just_Images/Caucasian/Man/m.06jrhz_0001.jpg,../images/test/data/Just_Images/Caucasian/Man/m.015myc_0003.jpg,0.8486578464508057,0
../images/test/data/Just_Images/Caucasian/Woman/m.03r0b__0002.jpg,../images/test/data/Just_Images/Caucasian/Man/m.07qbxb_0001.jpg,0.8209684491157532,0
../images/test/data/Just_Images/Caucasian/Man/m.0pf6v_0004.jpg,../images/test/data/Just_Images/Caucasian/Man/m.03b_tkw_0001.jpg,0.7796660661697388,0
../images/test/data/Just_Images/Caucasian/Man/m.0cd6k0_0003.jpg,../images/test/data/Just_Images/Caucasian/Woman/m.01jm_5_0002.jpg,0.8511478900909424,0
../images/test/data/Just_Images/Caucasian/Man/m.08hphm_0002.jpg,../images/test/data/Just_Images/Caucasian/Man/m.04n24vs_0001.jpg,0.9235819578170776,0
../images/test/data/Just_Images/Caucasian/Man/m.03w3s8_0003.jpg,../images/test/data/Just_Images/Caucasian/Woman/m.03hh_d__0003.jpg,0.9127713441848755,0
../images/test/data/Just_Images/Caucasian/Woman/m.03f0bnm_0002.jpg,../images/test/data/Just_Images/Caucasian/Man/m.01l4g5_0002.jpg,0.8559510707855225,0
../images/test/data/Just_Images/Caucasian/Man/m.0741z2_0002.jpg,../images/test/data/Just_Images/Caucasian/Man/m.0c2fvr_0001.jpg,0.8814366459846497,0
../images/test/data/Just_Images/Caucasian/Man/m.07xhjs_0001.jpg,../images/test/data/Just_Images/Caucasian/Man/m.03cf1r_0001.jpg,0.9209069609642029,0
../images/test/data/Just_Images/Caucasian/Woman/m.01w1pmm_0002.jpg,../images/test/data/Just_Images/Caucasian/Man/m.05g7rg_0002.jpg,0.9182597994804382,0
../images/test/data/Just_Images/Caucasian/Man/m.044s0d_0002.jpg,../images/test/data/Just_Images/Caucasian/Man/m.0g5r0xy_0003.jpg,0.8568439483642578,0
../images/test/data/Just_Images/Caucasian/Man/m.07ky6b_0003.jpg,../images/test/data/Just_Images/Caucasian/Man/m.042rb0_0002.jpg,0.9141272306442261,0
../images/test/data/Just_Images/Caucasian/Man/m.05_q70_0001.jpg,../images/test/data/Just_Images/Caucasian/Woman/m.05p98bd_0005.jpg,0.9143246412277222,0
../images/test/data/Just_Images/Caucasian/Man/m.08g2t9_0002.jpg,../images/test/data/Just_Images/Caucasian/Woman/m.02729k2_0005.jpg,0.8185533881187439,0
../images/test/data/Just_Images/Caucasian/Woman/m.03h4yg2_0005.jpg,../images/test/data/Just_Images/Caucasian/Man/m.0b00ny_0004.jpg,0.9017297625541687,0
../images/test/data/Just_Images/Caucasian/Woman/m.0gnw1f_0001.jpg,../images/test/data/Just_Images/Caucasian/Man/m.08rc1l_0004.jpg,0.8891948461532593,0
../images/test/data/Just_Images/Caucasian/Woman/m.0fq2bz6_0001.jpg,../images/test/data/Just_Images/Caucasian/Man/m.03thw4_0002.jpg,0.8543785810470581,0
../images/test/data/Just_Images/Caucasian/Man/m.08093s1_0003.jpg,../images/test/data/Just_Images/Caucasian/Man/m.0c5_ym_0001.jpg,0.7496501207351685,0
../images/test/data/Just_Images/Caucasian/Man/m.0j445zs_0002.jpg,../images/test/data/Just_Images/Caucasian/Man/m.0h3t5zv_0002.jpg,0.9198265671730042,0
../images/test/data/Just_Images/Caucasian/Woman/m.025wgh2_0004.jpg,../images/test/data/Just_Images/Caucasian/Woman/m.03xhdv_0003.jpg,0.9044857621192932,0
../images/test/data/Just_Images/Caucasian/Man/m.070sx4_0001.jpg,../images/test/data/Just_Images/Caucasian/Man/m.055pfp_0003.jpg,0.8108502626419067,0
../images/test/data/Just_Images/Caucasian/Man/m.03csvhh_0001.jpg,../images/test/data/Just_Images/Caucasian/Man/m.012s3y_0004.jpg,0.870381772518158,0
../images/test/data/Just_Images/Caucasian/Woman/m.07p8hz_0001.jpg,../images/test/data/Just_Images/Caucasian/Woman/m.0dltj_0001.jpg,0.9534817337989807,0
../images/test/data/Just_Images/Caucasian/Woman/m.01fp68_0001.jpg,../images/test/data/Just_Images/Caucasian/Man/m.095xcq_0003.jpg,0.8696644306182861,0
../images/test/data/Just_Images/Caucasian/Man/m.0nbtxf1_0004.jpg,../images/test/data/Just_Images/Caucasian/Man/m.04d52g_0004.jpg,0.83240807056427,0
../images/test/data/Just_Images/Caucasian/Man/m.0lzh6_0004.jpg,../images/test/data/Just_Images/Caucasian/Man/m.04cvm4_0003.jpg,0.9185298681259155,0
../images/test/data/Just_Images/Caucasian/Man/m.09jryt_0003.jpg,../images/test/data/Just_Images/Caucasian/Man/m.07f8wg_0001.jpg,0.9013277292251587,0
../images/test/data/Just_Images/Caucasian/Man/m.01mh7tb_0002.jpg,../images/test/data/Just_Images/Caucasian/Man/m.063wxj_0002.jpg,0.7252542972564697,0
../images/test/data/Just_Images/Caucasian/Man/m.0gmkjj_0002.jpg,../images/test/data/Just_Images/Caucasian/Man/m.05zkd3_0002.jpg,0.9399839639663696,0
../images/test/data/Just_Images/Caucasian/Man/m.01s1yl6_0003.jpg,../images/test/data/Just_Images/Caucasian/Man/m.02kbh4_0001.jpg,0.7837083339691162,0
../images/test/data/Just_Images/Caucasian/Man/m.05bztc4_0001.jpg,../images/test/data/Just_Images/Caucasian/Man/m.0ch_0g_0001.jpg,0.9462743997573853,0
../images/test/data/Just_Images/Caucasian/Man/m.0g5nmz_0002.jpg,../images/test/data/Just_Images/Caucasian/Woman/m.097fys_0005.jpg,0.868725597858429,0
../images/test/data/Just_Images/Caucasian/Man/m.027_v2k_0003.jpg,../images/test/data/Just_Images/Caucasian/Man/m.0641fzk_0001.jpg,0.8803911805152893,0
../images/test/data/Just_Images/Caucasian/Man/m.0clw5j_0002.jpg,../images/test/data/Just_Images/Caucasian/Man/m.01p4r3_0002.jpg,0.8725700378417969,0
../images/test/data/Just_Images/Caucasian/Woman/m.050s4k_0004.jpg,../images/test/data/Just_Images/Caucasian/Woman/m.0dgmz7b_0003.jpg,0.8912085890769958,0
../images/test/data/Just_Images/Caucasian/Woman/m.05sxkvq_0001.jpg,../images/test/data/Just_Images/Caucasian/Man/m.04062k__0003.jpg,0.8830089569091797,0
../images/test/data/Just_Images/Caucasian/Man/m.01d9m2_0002.jpg,../images/test/data/Just_Images/Caucasian/Man/m.04b6lj_0002.jpg,0.7841163277626038,0
../images/test/data/Just_Images/Caucasian/Woman/m.0bwfrk7_0001.jpg,../images/test/data/Just_Images/Caucasian/Woman/m.0hzpkcs_0003.jpg,0.9482626914978027,0
../images/test/data/Just_Images/Caucasian/Woman/m.074w7h_0001.jpg,../images/test/data/Just_Images/Caucasian/Man/m.09xrfm_0002.jpg,0.8938225507736206,0
../images/test/data/Just_Images/Caucasian/Man/m.0dd7tv_0002.jpg,../images/test/data/Just_Images/Caucasian/Woman/m.027399m_0001.jpg,0.7768481373786926,0
../images/test/data/Just_Images/Caucasian/Man/m.08ch24_0003.jpg,../images/test/data/Just_Images/Caucasian/Man/m.02dhs3_0003.jpg,0.9235948324203491,0
../images/test/data/Just_Images/Caucasian/Man/m.0hnbl2n_0001.jpg,../images/test/data/Just_Images/Caucasian/Woman/m.01w3_l_0003.jpg,0.8256733417510986,0
../images/test/data/Just_Images/Caucasian/Man/m.04c1g2_0002.jpg,../images/test/data/Just_Images/Caucasian/Man/m.018q7p_0002.jpg,0.8419830799102783,0
../images/test/data/Just_Images/Caucasian/Man/m.02r1jgz_0002.jpg,../images/test/data/Just_Images/Caucasian/Man/m.0154s9_0001.jpg,0.9468205571174622,0
../images/test/data/Just_Images/Caucasian/Woman/m.04y75_0_0003.jpg,../images/test/data/Just_Images/Caucasian/Woman/m.0bby2hk_0004.jpg,0.869469165802002,0
../images/test/data/Just_Images/Caucasian/Man/m.03c0k_0003.jpg,../images/test/data/Just_Images/Caucasian/Man/m.03cf1r_0004.jpg,0.8312755823135376,0
../images/test/data/Just_Images/Caucasian/Man/m.01tnxc_0001.jpg,../images/test/data/Just_Images/Caucasian/Man/m.04jg_m_0001.jpg,0.849829912185669,0
../images/test/data/Just_Images/Caucasian/Woman/m.07jcbz_0003.jpg,../images/test/data/Just_Images/Caucasian/Man/m.0cx09__0005.jpg,0.9183688163757324,0
../images/test/data/Just_Images/Caucasian/Man/m.01vh3r_0001.jpg,../images/test/data/Just_Images/Caucasian/Man/m.07zsbv_0003.jpg,0.9351552128791809,0
../images/test/data/Just_Images/Caucasian/Woman/m.0gy8z0_0001.jpg,../images/test/data/Just_Images/Caucasian/Woman/m.09wsvh_0001.jpg,0.8985041379928589,0
../images/test/data/Just_Images/Caucasian/Man/m.03m3_p0_0003.jpg,../images/test/data/Just_Images/Caucasian/Man/m.03nk3t_0001.jpg,0.8643602132797241,0
../images/test/data/Just_Images/Caucasian/Man/m.0cq794_0003.jpg,../images/test/data/Just_Images/Caucasian/Woman/m.0q40vc5_0002.jpg,0.8781025409698486,0
../images/test/data/Just_Images/Caucasian/Man/m.026f_v3_0003.jpg,../images/test/data/Just_Images/Caucasian/Man/m.09rc___0001.jpg,0.9473221302032471,0
../images/test/data/Just_Images/Caucasian/Man/m.04bwb1_0002.jpg,../images/test/data/Just_Images/Caucasian/Man/m.01l1sq_0004.jpg,0.8308470249176025,0
../images/test/data/Just_Images/Caucasian/Man/m.02q5kjt_0002.jpg,../images/test/data/Just_Images/Caucasian/Man/m.026tp3f_0001.jpg,0.8033298850059509,0
../images/test/data/Just_Images/Caucasian/Woman/m.05spws_0003.jpg,../images/test/data/Just_Images/Caucasian/Man/m.0hmx0mg_0005.jpg,0.9422008395195007,0
../images/test/data/Just_Images/Caucasian/Man/m.0fz3_7_0003.jpg,../images/test/data/Just_Images/Caucasian/Man/m.07wglj_0003.jpg,0.8973588347434998,0
../images/test/data/Just_Images/Caucasian/Man/m.0dtbs0_0004.jpg,../images/test/data/Just_Images/Caucasian/Woman/m.07cchs_0002.jpg,0.8750021457672119,0
../images/test/data/Just_Images/Caucasian/Woman/m.01nm2p_0002.jpg,../images/test/data/Just_Images/Caucasian/Man/m.0c63qw_0004.jpg,0.8844580054283142,0
../images/test/data/Just_Images/Caucasian/Woman/m.01f4sz_0003.jpg,../images/test/data/Just_Images/Caucasian/Woman/m.0bmbpsc_0002.jpg,0.8412206172943115,0
../images/test/data/Just_Images/Caucasian/Man/m.0g9zt_w_0001.jpg,../images/test/data/Just_Images/Caucasian/Man/m.09w_st_0004.jpg,0.9122134447097778,0
../images/test/data/Just_Images/Caucasian/Man/m.047g8ld_0003.jpg,../images/test/data/Just_Images/Caucasian/Woman/m.01xm6k_0001.jpg,0.8944612741470337,0
../images/test/data/Just_Images/Caucasian/Man/m.026n0x__0002.jpg,../images/test/data/Just_Images/Caucasian/Man/m.0gwyr8__0003.jpg,0.8830795884132385,0
../images/test/data/Just_Images/Caucasian/Man/m.0gx01vq_0001.jpg,../images/test/data/Just_Images/Caucasian/Man/m.0769sd_0003.jpg,0.9036765098571777,0
../images/test/data/Just_Images/Caucasian/Woman/m.06d7x6_0003.jpg,../images/test/data/Just_Images/Caucasian/Man/m.02frlb_0001.jpg,0.9615374803543091,0
../images/test/data/Just_Images/Caucasian/Man/m.05rsgd_0001.jpg,../images/test/data/Just_Images/Caucasian/Man/m.02z814b_0003.jpg,0.8299916982650757,0
../images/test/data/Just_Images/Caucasian/Man/m.09scfw_0003.jpg,../images/test/data/Just_Images/Caucasian/Man/m.06jrhz_0004.jpg,0.8178498148918152,0
../images/test/data/Just_Images/Caucasian/Man/m.02pq0d9_0002.jpg,../images/test/data/Just_Images/Caucasian/Man/m.0dddv8__0001.jpg,0.9421559572219849,0
../images/test/data/Just_Images/Caucasian/Man/m.04cvpmr_0004.jpg,../images/test/data/Just_Images/Caucasian/Man/m.03vvlm_0004.jpg,0.793005108833313,0
../images/test/data/Just_Images/Caucasian/Man/m.0jt370x_0002.jpg,../images/test/data/Just_Images/Caucasian/Man/m.0g5t3dq_0003.jpg,0.8638583421707153,0
../images/test/data/Just_Images/Caucasian/Man/m.086b84_0003.jpg,../images/test/data/Just_Images/Caucasian/Man/m.0339tj_0004.jpg,0.824111819267273,0
../images/test/data/Just_Images/Caucasian/Man/m.026qfdh_0004.jpg,../images/test/data/Just_Images/Caucasian/Man/m.04jg_m_0005.jpg,0.8367733955383301,0
../images/test/data/Just_Images/Caucasian/Man/m.07f9j8_0002.jpg,../images/test/data/Just_Images/Caucasian/Man/m.0kbfgk8_0001.jpg,0.9306577444076538,0
../images/test/data/Just_Images/Caucasian/Man/m.0ktddf_0002.jpg,../images/test/data/Just_Images/Caucasian/Man/m.0gvsj1b_0001.jpg,0.8770958185195923,0
../images/test/data/Just_Images/Caucasian/Man/m.02kbh4_0003.jpg,../images/test/data/Just_Images/Caucasian/Man/m.08dhmf_0004.jpg,0.9416720271110535,0
../images/test/data/Just_Images/Caucasian/Woman/m.0g_gmg_0001.jpg,../images/test/data/Just_Images/Caucasian/Man/m.0w_l_0004.jpg,0.8849924802780151,0
../images/test/data/Just_Images/Caucasian/Woman/m.0928zf_0001.jpg,../images/test/data/Just_Images/Caucasian/Man/m.05szvj6_0002.jpg,0.9412478804588318,0
../images/test/data/Just_Images/Caucasian/Man/m.01rkzk_0005.jpg,../images/test/data/Just_Images/Caucasian/Woman/m.0dgmz7b_0002.jpg,0.9009028077125549,0
../images/test/data/Just_Images/Caucasian/Man/m.084mmh_0003.jpg,../images/test/data/Just_Images/Caucasian/Man/m.01thjy9_0002.jpg,0.831981897354126,0
../images/test/data/Just_Images/Caucasian/Woman/m.01r5wc_0001.jpg,../images/test/data/Just_Images/Caucasian/Man/m.02x3pmp_0004.jpg,0.8034657835960388,0
../images/test/data/Just_Images/Caucasian/Man/m.05jmvn_0001.jpg,../images/test/data/Just_Images/Caucasian/Man/m.04llzp_0003.jpg,0.8151593804359436,0
../images/test/data/Just_Images/Caucasian/Woman/m.04j77yz_0002.jpg,../images/test/data/Just_Images/Caucasian/Man/m.02lzhf_0002.jpg,0.7823599576950073,0
../images/test/data/Just_Images/Caucasian/Man/m.065_3s_0002.jpg,../images/test/data/Just_Images/Caucasian/Man/m.03m3_p0_0001.jpg,0.8531720042228699,0
../images/test/data/Just_Images/Caucasian/Woman/m.07k9qf1_0004.jpg,../images/test/data/Just_Images/Caucasian/Woman/m.097fys_0002.jpg,0.9541691541671753,0
../images/test/data/Just_Images/Caucasian/Woman/m.03plx__0002.jpg,../images/test/data/Just_Images/Caucasian/Man/m.070cmt_0005.jpg,0.9058495759963989,0
../images/test/data/Just_Images/Caucasian/Woman/m.02kxwk_0001.jpg,../images/test/data/Just_Images/Caucasian/Man/m.0kryqm_0003.jpg,0.9297030568122864,0
../images/test/data/Just_Images/Caucasian/Man/m.0qfsjx0_0003.jpg,../images/test/data/Just_Images/Caucasian/Man/m.06g6fc_0004.jpg,0.7718278765678406,0
../images/test/data/Just_Images/Caucasian/Man/m.087q51_0004.jpg,../images/test/data/Just_Images/Caucasian/Woman/m.0cz4_f_0003.jpg,0.9034401178359985,0
../images/test/data/Just_Images/Caucasian/Man/m.02864f_0002.jpg,../images/test/data/Just_Images/Caucasian/Man/m.0bl9bk_0004.jpg,0.8309131860733032,0
../images/test/data/Just_Images/Caucasian/Man/m.03626c_0001.jpg,../images/test/data/Just_Images/Caucasian/Man/m.0f8kb8_0001.jpg,0.8498690724372864,0
../images/test/data/Just_Images/Caucasian/Man/m.01p45_v_0001.jpg,../images/test/data/Just_Images/Caucasian/Woman/m.05gnfp_0001.jpg,0.8108141422271729,0
../images/test/data/Just_Images/Caucasian/Woman/m.02vldwh_0004.jpg,../images/test/data/Just_Images/Caucasian/Woman/m.01q3xr_0003.jpg,0.8659067153930664,0
../images/test/data/Just_Images/Caucasian/Man/m.015khm_0004.jpg,../images/test/data/Just_Images/Caucasian/Man/m.02vs8mx_0002.jpg,0.9117020964622498,0
../images/test/data/Just_Images/Caucasian/Man/m.0b_vd5_0002.jpg,../images/test/data/Just_Images/Caucasian/Woman/m.06h508_0004.jpg,0.9287223815917969,0
../images/test/data/Just_Images/Caucasian/Man/m.0ksz2s_0001.jpg,../images/test/data/Just_Images/Caucasian/Man/m.0339tj_0002.jpg,0.876099705696106,0
../images/test/data/Just_Images/Caucasian/Man/m.05r0tc_0002.jpg,../images/test/data/Just_Images/Caucasian/Woman/m.04ydhc0_0003.jpg,0.8722574710845947,0
../images/test/data/Just_Images/Caucasian/Man/m.0ryt4l7_0002.jpg,../images/test/data/Just_Images/Caucasian/Man/m.0kt9g5_0004.jpg,0.8678883910179138,0
../images/test/data/Just_Images/Caucasian/Woman/m.03yz2rv_0002.jpg,../images/test/data/Just_Images/Caucasian/Man/m.091yzy_0003.jpg,0.908292293548584,0
../images/test/data/Just_Images/Caucasian/Man/m.04r20t_0002.jpg,../images/test/data/Just_Images/Caucasian/Man/m.02qkhs1_0001.jpg,0.8424360156059265,0
../images/test/data/Just_Images/Caucasian/Man/m.068ys2_0001.jpg,../images/test/data/Just_Images/Caucasian/Man/m.01m_xk_0002.jpg,0.9117135405540466,0
../images/test/data/Just_Images/Caucasian/Woman/m.0f8xyn_0001.jpg,../images/test/data/Just_Images/Caucasian/Man/m.04062k__0004.jpg,0.8902159929275513,0
../images/test/data/Just_Images/Caucasian/Man/m.05kfvp_0002.jpg,../images/test/data/Just_Images/Caucasian/Man/m.0jt370x_0001.jpg,0.8723443746566772,0
../images/test/data/Just_Images/Caucasian/Man/m.06xs7f_0001.jpg,../images/test/data/Just_Images/Caucasian/Woman/m.01p7yb_0001.jpg,0.8874542713165283,0
../images/test/data/Just_Images/Caucasian/Man/m.0bl37l_0001.jpg,../images/test/data/Just_Images/Caucasian/Man/m.04q6ml4_0001.jpg,0.7505477666854858,0
../images/test/data/Just_Images/Caucasian/Woman/m.0g53f8w_0002.jpg,../images/test/data/Just_Images/Caucasian/Man/m.06m0g1_0003.jpg,0.9011818170547485,0
../images/test/data/Just_Images/Caucasian/Woman/m.0505bd_0003.jpg,../images/test/data/Just_Images/Caucasian/Woman/m.07yc88_0003.jpg,0.9199764728546143,0
../images/test/data/Just_Images/Caucasian/Man/m.0g9677_0003.jpg,../images/test/data/Just_Images/Caucasian/Man/m.01v526_0001.jpg,0.8815045356750488,0
../images/test/data/Just_Images/Caucasian/Man/m.055lvl_0005.jpg,../images/test/data/Just_Images/Caucasian/Man/m.0bh9r4h_0004.jpg,0.7939597368240356,0
../images/test/data/Just_Images/Caucasian/Woman/m.0j44svx_0001.jpg,../images/test/data/Just_Images/Caucasian/Man/m.03csvhh_0003.jpg,0.8703486919403076,0
../images/test/data/Just_Images/Caucasian/Woman/m.0kntkh9_0003.jpg,../images/test/data/Just_Images/Caucasian/Woman/m.0338ws_0002.jpg,0.9292010068893433,0
../images/test/data/Just_Images/Caucasian/Woman/m.0cj96t_0001.jpg,../images/test/data/Just_Images/Caucasian/Man/m.0g2pgl_0005.jpg,0.8550392985343933,0
../images/test/data/Just_Images/Caucasian/Man/m.02pkdyy_0003.jpg,../images/test/data/Just_Images/Caucasian/Man/m.0j445zs_0001.jpg,0.8674412965774536,0
../images/test/data/Just_Images/Caucasian/Man/m.0ftrjf_0002.jpg,../images/test/data/Just_Images/Caucasian/Man/m.04zvsy6_0001.jpg,0.8551427125930786,0
../images/test/data/Just_Images/Caucasian/Man/m.05n65__0002.jpg,../images/test/data/Just_Images/Caucasian/Man/m.0kry2z_0003.jpg,0.8195250034332275,0
../images/test/data/Just_Images/Caucasian/Man/m.01sv0c_0004.jpg,../images/test/data/Just_Images/Caucasian/Woman/m.0f7st4_0004.jpg,0.92038893699646,0
../images/test/data/Just_Images/Caucasian/Man/m.04bwb1_0003.jpg,../images/test/data/Just_Images/Caucasian/Man/m.04bwb1_0001.jpg,0.903388500213623,1
../images/test/data/Just_Images/Caucasian/Man/m.0p_jc_0004.jpg,../images/test/data/Just_Images/Caucasian/Man/m.0p_jc_0002.jpg,0.8684120774269104,1
../images/test/data/Just_Images/Caucasian/Man/m.02kbh4_0002.jpg,../images/test/data/Just_Images/Caucasian/Man/m.02kbh4_0004.jpg,0.9358264207839966,1
../images/test/data/Just_Images/Caucasian/Woman/m.05pgt1_0002.jpg,../images/test/data/Just_Images/Caucasian/Woman/m.05pgt1_0003.jpg,0.8644275665283203,1
../images/test/data/Just_Images/Caucasian/Man/m.065_s9h_0004.jpg,../images/test/data/Just_Images/Caucasian/Man/m.065_s9h_0003.jpg,0.7464046478271484,1
../images/test/data/Just_Images/Caucasian/Man/m.07qckf_0004.jpg,../images/test/data/Just_Images/Caucasian/Man/m.07qckf_0005.jpg,0.9239882230758667,1
../images/test/data/Just_Images/Caucasian/Man/m.0911kl_0001.jpg,../images/test/data/Just_Images/Caucasian/Man/m.0911kl_0004.jpg,0.8231536149978638,1
../images/test/data/Just_Images/Caucasian/Woman/m.0b8s5f_0005.jpg,../images/test/data/Just_Images/Caucasian/Woman/m.0b8s5f_0004.jpg,0.8783426284790039,1
../images/test/data/Just_Images/Caucasian/Man/m.04jbhhb_0001.jpg,../images/test/data/Just_Images/Caucasian/Man/m.04jbhhb_0002.jpg,0.8539562225341797,1
../images/test/data/Just_Images/Caucasian/Man/m.027h0r_0002.jpg,../images/test/data/Just_Images/Caucasian/Man/m.027h0r_0003.jpg,0.7449333667755127,1
../images/test/data/Just_Images/Caucasian/Man/m.026wmgd_0004.jpg,../images/test/data/Just_Images/Caucasian/Man/m.026wmgd_0002.jpg,0.7532556056976318,1
../images/test/data/Just_Images/Caucasian/Woman/m.0cb3hq_0003.jpg,../images/test/data/Just_Images/Caucasian/Woman/m.0cb3hq_0002.jpg,0.8921552896499634,1
../images/test/data/Just_Images/Caucasian/Woman/m.02z4v2w_0004.jpg,../images/test/data/Just_Images/Caucasian/Woman/m.02z4v2w_0002.jpg,0.9111322164535522,1
../images/test/data/Just_Images/Caucasian/Man/m.03v40v_0002.jpg,../images/test/data/Just_Images/Caucasian/Man/m.03v40v_0001.jpg,0.893585205078125,1
../images/test/data/Just_Images/Caucasian/Woman/m.07prh7_0001.jpg,../images/test/data/Just_Images/Caucasian/Woman/m.07prh7_0002.jpg,0.8881788849830627,1
../images/test/data/Just_Images/Caucasian/Man/m.0bm3tc_0002.jpg,../images/test/data/Just_Images/Caucasian/Man/m.0bm3tc_0003.jpg,0.8427988290786743,1
../images/test/data/Just_Images/Caucasian/Man/m.0741z2_0001.jpg,../images/test/data/Just_Images/Caucasian/Man/m.0741z2_0003.jpg,0.9331154823303223,1
../images/test/data/Just_Images/Caucasian/Man/m.01qtz0_0003.jpg,../images/test/data/Just_Images/Caucasian/Man/m.01qtz0_0001.jpg,0.8966563940048218,1
../images/test/data/Just_Images/Caucasian/Man/m.03fq7w_0001.jpg,../images/test/data/Just_Images/Caucasian/Man/m.03fq7w_0002.jpg,0.8500630855560303,1
../images/test/data/Just_Images/Caucasian/Man/m.02lrn6_0001.jpg,../images/test/data/Just_Images/Caucasian/Man/m.02lrn6_0003.jpg,0.957809567451477,1
../images/test/data/Just_Images/Caucasian/Man/m.0j_kn3_0003.jpg,../images/test/data/Just_Images/Caucasian/Man/m.0j_kn3_0001.jpg,0.90714430809021,1
../images/test/data/Just_Images/Caucasian/Man/m.02qg_hr_0001.jpg,../images/test/data/Just_Images/Caucasian/Man/m.02qg_hr_0004.jpg,0.8683019876480103,1
../images/test/data/Just_Images/Caucasian/Man/m.0g1js6_0001.jpg,../images/test/data/Just_Images/Caucasian/Man/m.0g1js6_0003.jpg,0.9152317047119141,1
../images/test/data/Just_Images/Caucasian/Man/m.0d50mm_0001.jpg,../images/test/data/Just_Images/Caucasian/Man/m.0d50mm_0003.jpg,0.927774965763092,1
../images/test/data/Just_Images/Caucasian/Man/m.05lw7l_0002.jpg,../images/test/data/Just_Images/Caucasian/Man/m.05lw7l_0004.jpg,0.9178216457366943,1
../images/test/data/Just_Images/Caucasian/Man/m.0jtdl0f_0001.jpg,../images/test/data/Just_Images/Caucasian/Man/m.0jtdl0f_0002.jpg,0.769092857837677,1
../images/test/data/Just_Images/Caucasian/Man/m.039rwf_0004.jpg,../images/test/data/Just_Images/Caucasian/Man/m.039rwf_0002.jpg,0.8676466345787048,1
../images/test/data/Just_Images/Caucasian/Man/m.07pt8c_0002.jpg,../images/test/data/Just_Images/Caucasian/Man/m.07pt8c_0004.jpg,0.9444187879562378,1
../images/test/data/Just_Images/Caucasian/Man/m.06cb9s_0002.jpg,../images/test/data/Just_Images/Caucasian/Man/m.06cb9s_0001.jpg,0.9720866680145264,1
../images/test/data/Just_Images/Caucasian/Man/m.03t8w8_0002.jpg,../images/test/data/Just_Images/Caucasian/Man/m.03t8w8_0001.jpg,0.8376834392547607,1
../images/test/data/Just_Images/Caucasian/Woman/m.04gp917_0002.jpg,../images/test/data/Just_Images/Caucasian/Woman/m.04gp917_0003.jpg,0.9553864002227783,1
../images/test/data/Just_Images/Caucasian/Man/m.0c2fvr_0003.jpg,../images/test/data/Just_Images/Caucasian/Man/m.0c2fvr_0002.jpg,0.7988080978393555,1
../images/test/data/Just_Images/Caucasian/Woman/m.0575w4_0003.jpg,../images/test/data/Just_Images/Caucasian/Woman/m.0575w4_0002.jpg,0.9136439561843872,1
../images/test/data/Just_Images/Caucasian/Man/m.0gyrq9z_0003.jpg,../images/test/data/Just_Images/Caucasian/Man/m.0gyrq9z_0001.jpg,0.9200121164321899,1
../images/test/data/Just_Images/Caucasian/Man/m.06htkn_0002.jpg,../images/test/data/Just_Images/Caucasian/Man/m.06htkn_0004.jpg,0.8557648658752441,1
../images/test/data/Just_Images/Caucasian/Man/m.0ksv2n_0002.jpg,../images/test/data/Just_Images/Caucasian/Man/m.0ksv2n_0001.jpg,0.7866500616073608,1
../images/test/data/Just_Images/Caucasian/Man/m.04m_0r7_0001.jpg,../images/test/data/Just_Images/Caucasian/Man/m.04m_0r7_0002.jpg,0.7943992018699646,1
../images/test/data/Just_Images/Caucasian/Man/m.0gt1xg_0002.jpg,../images/test/data/Just_Images/Caucasian/Man/m.0gt1xg_0001.jpg,0.8377363085746765,1
../images/test/data/Just_Images/Caucasian/Woman/m.02r9sfp_0001.jpg,../images/test/data/Just_Images/Caucasian/Woman/m.02r9sfp_0002.jpg,0.8004563450813293,1
../images/test/data/Just_Images/Caucasian/Man/m.05v57d_0003.jpg,../images/test/data/Just_Images/Caucasian/Man/m.05v57d_0004.jpg,0.9166296720504761,1
../images/test/data/Just_Images/Caucasian/Man/m.06g9_t_0001.jpg,../images/test/data/Just_Images/Caucasian/Man/m.06g9_t_0003.jpg,0.92265784740448,1
../images/test/data/Just_Images/Caucasian/Woman/m.07cchs_0001.jpg,../images/test/data/Just_Images/Caucasian/Woman/m.07cchs_0003.jpg,0.8834961652755737,1
../images/test/data/Just_Images/Caucasian/Man/m.065_bw6_0004.jpg,../images/test/data/Just_Images/Caucasian/Man/m.065_bw6_0005.jpg,0.9565974473953247,1
../images/test/data/Just_Images/Caucasian/Man/m.013_4m_0002.jpg,../images/test/data/Just_Images/Caucasian/Man/m.013_4m_0001.jpg,0.9138911962509155,1
../images/test/data/Just_Images/Caucasian/Man/m.01b588_0002.jpg,../images/test/data/Just_Images/Caucasian/Man/m.01b588_0003.jpg,0.9406747221946716,1
../images/test/data/Just_Images/Caucasian/Man/m.02l0mw_0001.jpg,../images/test/data/Just_Images/Caucasian/Man/m.02l0mw_0002.jpg,0.9178040027618408,1
../images/test/data/Just_Images/Caucasian/Woman/m.050s4k_0001.jpg,../images/test/data/Just_Images/Caucasian/Woman/m.050s4k_0004.jpg,0.8676398992538452,1
../images/test/data/Just_Images/Caucasian/Man/m.06k483_0002.jpg,../images/test/data/Just_Images/Caucasian/Man/m.06k483_0003.jpg,0.8749034404754639,1
../images/test/data/Just_Images/Caucasian/Man/m.0bzjb4_0002.jpg,../images/test/data/Just_Images/Caucasian/Man/m.0bzjb4_0001.jpg,0.9523210525512695,1
../images/test/data/Just_Images/Caucasian/Man/m.03d04m5_0003.jpg,../images/test/data/Just_Images/Caucasian/Man/m.03d04m5_0002.jpg,0.9278556108474731,1
../images/test/data/Just_Images/Caucasian/Man/m.0h7r_j_0004.jpg,../images/test/data/Just_Images/Caucasian/Man/m.0h7r_j_0003.jpg,0.8931727409362793,1
../images/test/data/Just_Images/Caucasian/Man/m.051yv36_0003.jpg,../images/test/data/Just_Images/Caucasian/Man/m.051yv36_0001.jpg,0.8726323843002319,1
../images/test/data/Just_Images/Caucasian/Man/m.04fhhp_0002.jpg,../images/test/data/Just_Images/Caucasian/Man/m.04fhhp_0001.jpg,0.8751619458198547,1
../images/test/data/Just_Images/Caucasian/Man/m.05_q70_0002.jpg,../images/test/data/Just_Images/Caucasian/Man/m.05_q70_0003.jpg,0.8751912117004395,1
../images/test/data/Just_Images/Caucasian/Man/m.0kg1zcd_0001.jpg,../images/test/data/Just_Images/Caucasian/Man/m.0kg1zcd_0002.jpg,0.849291205406189,1
../images/test/data/Just_Images/Caucasian/Man/m.09bxhp_0002.jpg,../images/test/data/Just_Images/Caucasian/Man/m.09bxhp_0003.jpg,0.9353415369987488,1
../images/test/data/Just_Images/Caucasian/Woman/m.0j7msrm_0004.jpg,../images/test/data/Just_Images/Caucasian/Woman/m.0j7msrm_0003.jpg,0.9683564305305481,1
../images/test/data/Just_Images/Caucasian/Man/m.04p1r_0003.jpg,../images/test/data/Just_Images/Caucasian/Man/m.04p1r_0002.jpg,0.8101291060447693,1
../images/test/data/Just_Images/Caucasian/Man/m.0gx_h3h_0002.jpg,../images/test/data/Just_Images/Caucasian/Man/m.0gx_h3h_0001.jpg,0.8871723413467407,1
../images/test/data/Just_Images/Caucasian/Woman/m.03c3_nf_0003.jpg,../images/test/data/Just_Images/Caucasian/Woman/m.03c3_nf_0001.jpg,0.9257786273956299,1
../images/test/data/Just_Images/Caucasian/Woman/m.095pb1_0001.jpg,../images/test/data/Just_Images/Caucasian/Woman/m.095pb1_0003.jpg,0.9103564023971558,1
../images/test/data/Just_Images/Caucasian/Man/m.043qs3t_0001.jpg,../images/test/data/Just_Images/Caucasian/Man/m.043qs3t_0002.jpg,0.9282956719398499,1
../images/test/data/Just_Images/Caucasian/Man/m.03ccn04_0003.jpg,../images/test/data/Just_Images/Caucasian/Man/m.03ccn04_0002.jpg,0.9075489044189453,1
../images/test/data/Just_Images/Caucasian/Woman/m.0j24_94_0002.jpg,../images/test/data/Just_Images/Caucasian/Woman/m.0j24_94_0003.jpg,0.9252276420593262,1
../images/test/data/Just_Images/Caucasian/Man/m.07vdp6_0002.jpg,../images/test/data/Just_Images/Caucasian/Man/m.07vdp6_0003.jpg,0.9285208582878113,1
../images/test/data/Just_Images/Caucasian/Man/m.09bd0b_0003.jpg,../images/test/data/Just_Images/Caucasian/Man/m.09bd0b_0004.jpg,0.8029570579528809,1
../images/test/data/Just_Images/Caucasian/Man/m.01tg36f_0001.jpg,../images/test/data/Just_Images/Caucasian/Man/m.01tg36f_0002.jpg,0.8138773441314697,1
../images/test/data/Just_Images/Caucasian/Man/m.0k5gl5_0001.jpg,../images/test/data/Just_Images/Caucasian/Man/m.0k5gl5_0002.jpg,0.9351146221160889,1
../images/test/data/Just_Images/Caucasian/Man/m.02ptt8_0002.jpg,../images/test/data/Just_Images/Caucasian/Man/m.02ptt8_0003.jpg,0.8843923807144165,1
../images/test/data/Just_Images/Caucasian/Man/m.05vtqk8_0001.jpg,../images/test/data/Just_Images/Caucasian/Man/m.05vtqk8_0003.jpg,0.8769451975822449,1
../images/test/data/Just_Images/Caucasian/Woman/m.0dvb30_0001.jpg,../images/test/data/Just_Images/Caucasian/Woman/m.0dvb30_0003.jpg,0.9232025742530823,1
../images/test/data/Just_Images/Caucasian/Man/m.0c8d5w_0002.jpg,../images/test/data/Just_Images/Caucasian/Man/m.0c8d5w_0003.jpg,0.9195216298103333,1
../images/test/data/Just_Images/Caucasian/Woman/m.02r3s49_0001.jpg,../images/test/data/Just_Images/Caucasian/Woman/m.02r3s49_0004.jpg,0.9030184745788574,1
../images/test/data/Just_Images/Caucasian/Man/m.0cl3rj_0002.jpg,../images/test/data/Just_Images/Caucasian/Man/m.0cl3rj_0001.jpg,0.869106650352478,1
../images/test/data/Just_Images/Caucasian/Woman/m.02ps19j_0003.jpg,../images/test/data/Just_Images/Caucasian/Woman/m.02ps19j_0002.jpg,0.7749841809272766,1
../images/test/data/Just_Images/Caucasian/Man/m.0bq58m_0001.jpg,../images/test/data/Just_Images/Caucasian/Man/m.0bq58m_0002.jpg,0.8787194490432739,1
../images/test/data/Just_Images/Caucasian/Woman/m.03h3w2p_0002.jpg,../images/test/data/Just_Images/Caucasian/Woman/m.03h3w2p_0004.jpg,0.8703597187995911,1
../images/test/data/Just_Images/Caucasian/Man/m.04n6r7_0001.jpg,../images/test/data/Just_Images/Caucasian/Man/m.04n6r7_0002.jpg,0.8813869953155518,1
../images/test/data/Just_Images/Caucasian/Man/m.03qftfq_0003.jpg,../images/test/data/Just_Images/Caucasian/Man/m.03qftfq_0005.jpg,0.8992995023727417,1
../images/test/data/Just_Images/Caucasian/Man/m.05zprqz_0002.jpg,../images/test/data/Just_Images/Caucasian/Man/m.05zprqz_0003.jpg,0.7893520593643188,1
../images/test/data/Just_Images/Caucasian/Man/m.03mvm_0003.jpg,../images/test/data/Just_Images/Caucasian/Man/m.03mvm_0001.jpg,0.9551252126693726,1
../images/test/data/Just_Images/Caucasian/Man/m.03cj8z_0002.jpg,../images/test/data/Just_Images/Caucasian/Man/m.03cj8z_0001.jpg,0.7920123338699341,1
../images/test/data/Just_Images/Caucasian/Man/m.0kvk5yk_0003.jpg,../images/test/data/Just_Images/Caucasian/Man/m.0kvk5yk_0001.jpg,0.8258491158485413,1
../images/test/data/Just_Images/Caucasian/Man/m.02mhdv_0004.jpg,../images/test/data/Just_Images/Caucasian/Man/m.02mhdv_0002.jpg,0.8921126127243042,1
../images/test/data/Just_Images/Caucasian/Man/m.039f2k_0002.jpg,../images/test/data/Just_Images/Caucasian/Man/m.039f2k_0003.jpg,0.9077900648117065,1
../images/test/data/Just_Images/Caucasian/Man/m.044_nm_0003.jpg,../images/test/data/Just_Images/Caucasian/Man/m.044_nm_0002.jpg,0.9533454179763794,1
../images/test/data/Just_Images/Caucasian/Man/m.04062k__0001.jpg,../images/test/data/Just_Images/Caucasian/Man/m.04062k__0002.jpg,0.8900086879730225,1
../images/test/data/Just_Images/Caucasian/Woman/m.0338ws_0004.jpg,../images/test/data/Just_Images/Caucasian/Woman/m.0338ws_0002.jpg,0.9061141014099121,1
../images/test/data/Just_Images/Caucasian/Man/m.01zq2t_0003.jpg,../images/test/data/Just_Images/Caucasian/Man/m.01zq2t_0001.jpg,0.8589774966239929,1
../images/test/data/Just_Images/Caucasian/Man/m.07g_nf_0003.jpg,../images/test/data/Just_Images/Caucasian/Man/m.07g_nf_0001.jpg,0.8629773855209351,1
../images/test/data/Just_Images/Caucasian/Man/m.02_jkq_0006.jpg,../images/test/data/Just_Images/Caucasian/Man/m.02_jkq_0001.jpg,0.9055163860321045,1
../images/test/data/Just_Images/Caucasian/Man/m.01g1_m_0002.jpg,../images/test/data/Just_Images/Caucasian/Man/m.01g1_m_0003.jpg,0.940770149230957,1
../images/test/data/Just_Images/Caucasian/Man/m.02ctg7_0001.jpg,../images/test/data/Just_Images/Caucasian/Man/m.02ctg7_0003.jpg,0.8904396295547485,1
../images/test/data/Just_Images/Caucasian/Woman/m.03kcyd_0004.jpg,../images/test/data/Just_Images/Caucasian/Woman/m.03kcyd_0001.jpg,0.9465704560279846,1
../images/test/data/Just_Images/Caucasian/Man/m.05mykr_0003.jpg,../images/test/data/Just_Images/Caucasian/Man/m.05mykr_0002.jpg,0.919765055179596,1
../images/test/data/Just_Images/Caucasian/Woman/m.0fwv04_0003.jpg,../images/test/data/Just_Images/Caucasian/Woman/m.0fwv04_0002.jpg,0.826522707939148,1
../images/test/data/Just_Images/Caucasian/Man/m.03w3s8_0001.jpg,../images/test/data/Just_Images/Caucasian/Man/m.03w3s8_0002.jpg,0.812610387802124,1
../images/test/data/Just_Images/Caucasian/Man/m.08324h_0002.jpg,../images/test/data/Just_Images/Caucasian/Man/m.08324h_0001.jpg,0.8684577941894531,1
../images/test/data/Just_Images/Caucasian/Man/m.0dlk32_0005.jpg,../images/test/data/Just_Images/Caucasian/Man/m.0dlk32_0001.jpg,0.9167145490646362,1
../images/test/data/Just_Images/Caucasian/Man/m.06l8mr_0002.jpg,../images/test/data/Just_Images/Caucasian/Man/m.06l8mr_0001.jpg,0.8623026609420776,1
../images/test/data/Just_Images/Caucasian/Woman/m.04n3fgf_0002.jpg,../images/test/data/Just_Images/Caucasian/Woman/m.04n3fgf_0004.jpg,0.9418571591377258,1
../images/test/data/Just_Images/Caucasian/Woman/m.052_0jg_0002.jpg,../images/test/data/Just_Images/Caucasian/Woman/m.052_0jg_0001.jpg,0.789393424987793,1
../images/test/data/Just_Images/Caucasian/Woman/m.0gy8z0_0002.jpg,../images/test/data/Just_Images/Caucasian/Woman/m.0gy8z0_0003.jpg,0.9417098760604858,1
../images/test/data/Just_Images/Caucasian/Woman/m.030nv6_0001.jpg,../images/test/data/Just_Images/Caucasian/Woman/m.030nv6_0003.jpg,0.9035179018974304,1
../images/test/data/Just_Images/Caucasian/Man/m.013v1__0001.jpg,../images/test/data/Just_Images/Caucasian/Man/m.013v1__0002.jpg,0.8908461332321167,1
../images/test/data/Just_Images/Caucasian/Man/m.0k2m0kq_0003.jpg,../images/test/data/Just_Images/Caucasian/Man/m.0k2m0kq_0004.jpg,0.912255585193634,1
../images/test/data/Just_Images/Caucasian/Man/m.0b950d_0003.jpg,../images/test/data/Just_Images/Caucasian/Man/m.0b950d_0001.jpg,0.7123397588729858,1
../images/test/data/Just_Images/Caucasian/Man/m.0bf_49_0001.jpg,../images/test/data/Just_Images/Caucasian/Man/m.0bf_49_0003.jpg,0.8565133810043335,1
../images/test/data/Just_Images/Caucasian/Man/m.01451j_0001.jpg,../images/test/data/Just_Images/Caucasian/Man/m.01451j_0003.jpg,0.8016409873962402,1
../images/test/data/Just_Images/Caucasian/Man/m.07vm2b_0002.jpg,../images/test/data/Just_Images/Caucasian/Man/m.07vm2b_0003.jpg,0.930294394493103,1
../images/test/data/Just_Images/Caucasian/Man/m.038pq5_0002.jpg,../images/test/data/Just_Images/Caucasian/Man/m.038pq5_0003.jpg,0.9446821808815002,1
../images/test/data/Just_Images/Caucasian/Woman/m.0465ps6_0002.jpg,../images/test/data/Just_Images/Caucasian/Woman/m.0465ps6_0001.jpg,0.9520711898803711,1
../images/test/data/Just_Images/Caucasian/Woman/m.026g7c2_0001.jpg,../images/test/data/Just_Images/Caucasian/Woman/m.026g7c2_0003.jpg,0.941169023513794,1
../images/test/data/Just_Images/Caucasian/Man/m.0375lc_0004.jpg,../images/test/data/Just_Images/Caucasian/Man/m.0375lc_0003.jpg,0.8144708871841431,1
../images/test/data/Just_Images/Caucasian/Woman/m.0fn3yj_0002.jpg,../images/test/data/Just_Images/Caucasian/Woman/m.0fn3yj_0001.jpg,0.9601633548736572,1
../images/test/data/Just_Images/Caucasian/Woman/m.01w3_l_0004.jpg,../images/test/data/Just_Images/Caucasian/Woman/m.01w3_l_0002.jpg,0.8828738331794739,1
../images/test/data/Just_Images/Caucasian/Woman/m.04gl6yr_0003.jpg,../images/test/data/Just_Images/Caucasian/Woman/m.04gl6yr_0002.jpg,0.9328177571296692,1
../images/test/data/Just_Images/Caucasian/Man/m.0clw5j_0001.jpg,../images/test/data/Just_Images/Caucasian/Man/m.0clw5j_0003.jpg,0.9237476587295532,1
../images/test/data/Just_Images/Caucasian/Man/m.01rf47j_0002.jpg,../images/test/data/Just_Images/Caucasian/Man/m.01rf47j_0003.jpg,0.9453486800193787,1
../images/test/data/Just_Images/Caucasian/Man/m.06w8lx_0001.jpg,../images/test/data/Just_Images/Caucasian/Man/m.06w8lx_0002.jpg,0.9175390005111694,1
../images/test/data/Just_Images/Caucasian/Woman/m.026f6y_0001.jpg,../images/test/data/Just_Images/Caucasian/Woman/m.026f6y_0002.jpg,0.894882321357727,1
../images/test/data/Just_Images/Caucasian/Man/m.0f8kb8_0006.jpg,../images/test/data/Just_Images/Caucasian/Man/m.0f8kb8_0007.jpg,0.8830597996711731,1
../images/test/data/Just_Images/Caucasian/Man/m.0lzh6_0003.jpg,../images/test/data/Just_Images/Caucasian/Man/m.0lzh6_0005.jpg,0.8924769163131714,1
../images/test/data/Just_Images/Caucasian/Man/m.05t2cs_0002.jpg,../images/test/data/Just_Images/Caucasian/Man/m.05t2cs_0001.jpg,0.7304660081863403,1
../images/test/data/Just_Images/Caucasian/Man/m.03vr4d_0002.jpg,../images/test/data/Just_Images/Caucasian/Man/m.03vr4d_0004.jpg,0.8824212551116943,1
../images/test/data/Just_Images/Caucasian/Man/m.034d_j_0003.jpg,../images/test/data/Just_Images/Caucasian/Man/m.034d_j_0001.jpg,0.7707750797271729,1
../images/test/data/Just_Images/Caucasian/Man/m.0cc7z18_0001.jpg,../images/test/data/Just_Images/Caucasian/Man/m.0cc7z18_0002.jpg,0.891331672668457,1
../images/test/data/Just_Images/Caucasian/Woman/m.081tyx8_0003.jpg,../images/test/data/Just_Images/Caucasian/Woman/m.081tyx8_0002.jpg,0.9773992300033569,1
../images/test/data/Just_Images/Caucasian/Woman/m.07lnz5_0002.jpg,../images/test/data/Just_Images/Caucasian/Woman/m.07lnz5_0001.jpg,0.8299555778503418,1
../images/test/data/Just_Images/Caucasian/Man/m.05n65__0001.jpg,../images/test/data/Just_Images/Caucasian/Man/m.05n65__0002.jpg,0.8795547485351562,1
../images/test/data/Just_Images/Caucasian/Man/m.0drbjd_0001.jpg,../images/test/data/Just_Images/Caucasian/Man/m.0drbjd_0003.jpg,0.8965262174606323,1
../images/test/data/Just_Images/Caucasian/Man/m.06wx5c_0001.jpg,../images/test/data/Just_Images/Caucasian/Man/m.06wx5c_0002.jpg,0.9131976366043091,1
../images/test/data/Just_Images/Caucasian/Man/m.0dk0s6_0002.jpg,../images/test/data/Just_Images/Caucasian/Man/m.0dk0s6_0003.jpg,0.9665724039077759,1
../images/test/data/Just_Images/Caucasian/Woman/m.01nm2p_0001.jpg,../images/test/data/Just_Images/Caucasian/Woman/m.01nm2p_0003.jpg,0.8780621886253357,1
../images/test/data/Just_Images/Caucasian/Man/m.01d_7n_0003.jpg,../images/test/data/Just_Images/Caucasian/Man/m.01d_7n_0002.jpg,0.8347551822662354,1
../images/test/data/Just_Images/Caucasian/Man/m.02z3z81_0001.jpg,../images/test/data/Just_Images/Caucasian/Man/m.02z3z81_0003.jpg,0.9564940333366394,1
../images/test/data/Just_Images/Caucasian/Man/m.032msw_0003.jpg,../images/test/data/Just_Images/Caucasian/Man/m.032msw_0005.jpg,0.9284030199050903,1
../images/test/data/Just_Images/Caucasian/Man/m.0h_dcjr_0001.jpg,../images/test/data/Just_Images/Caucasian/Man/m.0h_dcjr_0002.jpg,0.8936629295349121,1
../images/test/data/Just_Images/Caucasian/Man/m.046mnc_0002.jpg,../images/test/data/Just_Images/Caucasian/Man/m.046mnc_0001.jpg,0.8939279317855835,1
../images/test/data/Just_Images/Caucasian/Man/m.0gdms9__0004.jpg,../images/test/data/Just_Images/Caucasian/Man/m.0gdms9__0003.jpg,0.728552520275116,1
../images/test/data/Just_Images/Caucasian/Man/m.02mpmt_0003.jpg,../images/test/data/Just_Images/Caucasian/Man/m.02mpmt_0001.jpg,0.9838120937347412,1
../images/test/data/Just_Images/Caucasian/Man/m.05pmxx_0003.jpg,../images/test/data/Just_Images/Caucasian/Man/m.05pmxx_0002.jpg,0.8141942024230957,1
../images/test/data/Just_Images/Caucasian/Man/m.038bht_0001.jpg,../images/test/data/Just_Images/Caucasian/Man/m.038bht_0002.jpg,0.8108600378036499,1
../images/test/data/Just_Images/Caucasian/Man/m.03h1d2q_0001.jpg,../images/test/data/Just_Images/Caucasian/Man/m.03h1d2q_0002.jpg,0.9162940382957458,1
../images/test/data/Just_Images/Caucasian/Man/m.0f3zf__0002.jpg,../images/test/data/Just_Images/Caucasian/Man/m.0f3zf__0001.jpg,0.8268627524375916,1
../images/test/data/Just_Images/Caucasian/Man/m.0f9861_0003.jpg,../images/test/data/Just_Images/Caucasian/Man/m.0f9861_0001.jpg,0.846022367477417,1
../images/test/data/Just_Images/Caucasian/Man/m.03_s6q_0003.jpg,../images/test/data/Just_Images/Caucasian/Man/m.03_s6q_0001.jpg,0.6912996172904968,1
../images/test/data/Just_Images/Caucasian/Man/m.05c06qw_0002.jpg,../images/test/data/Just_Images/Caucasian/Man/m.05c06qw_0003.jpg,0.8775659203529358,1
../images/test/data/Just_Images/Caucasian/Man/m.0769sd_0001.jpg,../images/test/data/Just_Images/Caucasian/Man/m.0769sd_0004.jpg,0.9401088953018188,1
../images/test/data/Just_Images/Caucasian/Woman/m.072d5h_0003.jpg,../images/test/data/Just_Images/Caucasian/Woman/m.072d5h_0001.jpg,0.854038417339325,1
../images/test/data/Just_Images/Caucasian/Man/m.01q810_0004.jpg,../images/test/data/Just_Images/Caucasian/Man/m.01q810_0001.jpg,0.8885974884033203,1
../images/test/data/Just_Images/Caucasian/Man/m.0dml84_0002.jpg,../images/test/data/Just_Images/Caucasian/Man/m.0dml84_0001.jpg,0.841384768486023,1
../images/test/data/Just_Images/Caucasian/Man/m.06jp4q_0004.jpg,../images/test/data/Just_Images/Caucasian/Man/m.06jp4q_0002.jpg,0.9140372276306152,1
../images/test/data/Just_Images/Caucasian/Woman/m.02w160n_0001.jpg,../images/test/data/Just_Images/Caucasian/Woman/m.02w160n_0003.jpg,0.9571504592895508,1
../images/test/data/Just_Images/Caucasian/Woman/m.096589_0002.jpg,../images/test/data/Just_Images/Caucasian/Woman/m.096589_0003.jpg,0.8164294958114624,1
../images/test/data/Just_Images/Caucasian/Man/m.01d_7n_0001.jpg,../images/test/data/Just_Images/Caucasian/Man/m.01d_7n_0004.jpg,0.9130221605300903,1
../images/test/data/Just_Images/Caucasian/Man/m.02skv6_0001.jpg,../images/test/data/Just_Images/Caucasian/Man/m.02skv6_0002.jpg,0.9394112825393677,1
../images/test/data/Just_Images/Caucasian/Man/m.027klgs_0002.jpg,../images/test/data/Just_Images/Caucasian/Man/m.027klgs_0001.jpg,0.9475241899490356,1
../images/test/data/Just_Images/Caucasian/Woman/m.0fq2bz6_0001.jpg,../images/test/data/Just_Images/Caucasian/Woman/m.0fq2bz6_0002.jpg,0.9081278443336487,1
../images/test/data/Just_Images/Caucasian/Man/m.0fx_hg_0001.jpg,../images/test/data/Just_Images/Caucasian/Man/m.0fx_hg_0003.jpg,0.8307848572731018,1
../images/test/data/Just_Images/Caucasian/Man/m.0d950f_0003.jpg,../images/test/data/Just_Images/Caucasian/Man/m.0d950f_0001.jpg,0.8591548204421997,1
../images/test/data/Just_Images/Caucasian/Man/m.0hhs8vq_0003.jpg,../images/test/data/Just_Images/Caucasian/Man/m.0hhs8vq_0001.jpg,0.8012968301773071,1
../images/test/data/Just_Images/Caucasian/Man/m.0dytmk_0002.jpg,../images/test/data/Just_Images/Caucasian/Man/m.0dytmk_0001.jpg,0.8817089200019836,1
../images/test/data/Just_Images/Caucasian/Woman/m.02qg85_0003.jpg,../images/test/data/Just_Images/Caucasian/Woman/m.02qg85_0002.jpg,0.8760659098625183,1
../images/test/data/Just_Images/Caucasian/Woman/m.03vb_0_0003.jpg,../images/test/data/Just_Images/Caucasian/Woman/m.03vb_0_0002.jpg,0.873689591884613,1
../images/test/data/Just_Images/Caucasian/Man/m.01mwxtz_0002.jpg,../images/test/data/Just_Images/Caucasian/Man/m.01mwxtz_0001.jpg,0.9071500301361084,1
../images/test/data/Just_Images/Caucasian/Man/m.0bzync_0001.jpg,../images/test/data/Just_Images/Caucasian/Man/m.0bzync_0003.jpg,0.8740712404251099,1
../images/test/data/Just_Images/Caucasian/Man/m.04llzp_0001.jpg,../images/test/data/Just_Images/Caucasian/Man/m.04llzp_0004.jpg,0.9150373339653015,1
../images/test/data/Just_Images/Caucasian/Man/m.0nb8dkl_0001.jpg,../images/test/data/Just_Images/Caucasian/Man/m.0nb8dkl_0003.jpg,0.8640705347061157,1
../images/test/data/Just_Images/Caucasian/Man/m.01r8wg_0002.jpg,../images/test/data/Just_Images/Caucasian/Man/m.01r8wg_0003.jpg,0.915697455406189,1
../images/test/data/Just_Images/Caucasian/Man/m.09wmk__0001.jpg,../images/test/data/Just_Images/Caucasian/Man/m.09wmk__0002.jpg,0.7737598419189453,1
../images/test/data/Just_Images/Caucasian/Man/m.08lc3k_0003.jpg,../images/test/data/Just_Images/Caucasian/Man/m.08lc3k_0002.jpg,0.8877996206283569,1
../images/test/data/Just_Images/Caucasian/Man/m.0hvwn_0001.jpg,../images/test/data/Just_Images/Caucasian/Man/m.0hvwn_0002.jpg,0.8879835605621338,1
../images/test/data/Just_Images/Caucasian/Woman/m.0kr_9v_0004.jpg,../images/test/data/Just_Images/Caucasian/Woman/m.0kr_9v_0001.jpg,0.8816026449203491,1
../images/test/data/Just_Images/Caucasian/Man/m.040ct4_0001.jpg,../images/test/data/Just_Images/Caucasian/Man/m.040ct4_0003.jpg,0.8721050024032593,1
../images/test/data/Just_Images/Caucasian/Man/m.0cq794_0003.jpg,../images/test/data/Just_Images/Caucasian/Man/m.0cq794_0001.jpg,0.9126120805740356,1
../images/test/data/Just_Images/Caucasian/Man/m.026j9j3_0001.jpg,../images/test/data/Just_Images/Caucasian/Man/m.026j9j3_0004.jpg,0.9307841658592224,1
../images/test/data/Just_Images/Caucasian/Man/m.05y_48_0003.jpg,../images/test/data/Just_Images/Caucasian/Man/m.05y_48_0001.jpg,0.8881745338439941,1
../images/test/data/Just_Images/Caucasian/Man/m.047wsq_0005.jpg,../images/test/data/Just_Images/Caucasian/Man/m.047wsq_0006.jpg,0.8639786243438721,1
../images/test/data/Just_Images/Caucasian/Man/m.01z_5t_0002.jpg,../images/test/data/Just_Images/Caucasian/Man/m.01z_5t_0003.jpg,0.9501714706420898,1
../images/test/data/Just_Images/Caucasian/Woman/m.0cjyjg_0001.jpg,../images/test/data/Just_Images/Caucasian/Woman/m.0cjyjg_0003.jpg,0.9145709276199341,1
../images/test/data/Just_Images/Caucasian/Man/m.04nf81_0001.jpg,../images/test/data/Just_Images/Caucasian/Man/m.04nf81_0002.jpg,0.9337241649627686,1
../images/test/data/Just_Images/Caucasian/Man/m.07drk5_0001.jpg,../images/test/data/Just_Images/Caucasian/Man/m.07drk5_0004.jpg,0.7930147647857666,1
../images/test/data/Just_Images/Caucasian/Woman/m.0gvsl8t_0002.jpg,../images/test/data/Just_Images/Caucasian/Woman/m.0gvsl8t_0001.jpg,0.9359787702560425,1
../images/test/data/Just_Images/Caucasian/Man/m.028f4z_0004.jpg,../images/test/data/Just_Images/Caucasian/Man/m.028f4z_0001.jpg,0.8222664594650269,1
../images/test/data/Just_Images/Caucasian/Woman/m.0c6lw6_0002.jpg,../images/test/data/Just_Images/Caucasian/Woman/m.0c6lw6_0003.jpg,0.9235130548477173,1
../images/test/data/Just_Images/Caucasian/Man/m.01pf97_0002.jpg,../images/test/data/Just_Images/Caucasian/Man/m.01pf97_0001.jpg,0.9160870909690857,1
../images/test/data/Just_Images/Caucasian/Woman/m.080h8w__0001.jpg,../images/test/data/Just_Images/Caucasian/Woman/m.080h8w__0003.jpg,0.9039005637168884,1
../images/test/data/Just_Images/Caucasian/Woman/m.013yd0_0001.jpg,../images/test/data/Just_Images/Caucasian/Woman/m.013yd0_0003.jpg,0.8815251588821411,1
../images/test/data/Just_Images/Caucasian/Man/m.03gblm_0002.jpg,../images/test/data/Just_Images/Caucasian/Man/m.03gblm_0001.jpg,0.7240381836891174,1
../images/test/data/Just_Images/Caucasian/Man/m.0gwyr8__0001.jpg,../images/test/data/Just_Images/Caucasian/Man/m.0gwyr8__0002.jpg,0.8789361119270325,1
../images/test/data/Just_Images/Caucasian/Man/m.0rfdr0b_0002.jpg,../images/test/data/Just_Images/Caucasian/Man/m.0rfdr0b_0001.jpg,0.8112465143203735,1
../images/test/data/Just_Images/Caucasian/Man/m.0nfvbjw_0003.jpg,../images/test/data/Just_Images/Caucasian/Man/m.0nfvbjw_0001.jpg,0.7997360229492188,1
../images/test/data/Just_Images/Caucasian/Man/m.03f1nh9_0001.jpg,../images/test/data/Just_Images/Caucasian/Man/m.03f1nh9_0004.jpg,0.7843265533447266,1
../images/test/data/Just_Images/Caucasian/Woman/m.01w9pc8_0002.jpg,../images/test/data/Just_Images/Caucasian/Woman/m.01w9pc8_0003.jpg,0.9656820893287659,1
../images/test/data/Just_Images/Caucasian/Man/m.0hnc76t_0001.jpg,../images/test/data/Just_Images/Caucasian/Man/m.0hnc76t_0002.jpg,0.9294459223747253,1
../images/test/data/Just_Images/Caucasian/Man/m.04kywz_0001.jpg,../images/test/data/Just_Images/Caucasian/Man/m.04kywz_0003.jpg,0.8576411604881287,1
../images/test/data/Just_Images/Caucasian/Man/m.0gf75k_0003.jpg,../images/test/data/Just_Images/Caucasian/Man/m.0gf75k_0002.jpg,0.7596594095230103,1
../images/test/data/Just_Images/Caucasian/Woman/m.087f6t_0001.jpg,../images/test/data/Just_Images/Caucasian/Woman/m.087f6t_0002.jpg,0.8822313547134399,1
../images/test/data/Just_Images/Caucasian/Woman/m.04mx2rw_0001.jpg,../images/test/data/Just_Images/Caucasian/Woman/m.04mx2rw_0002.jpg,0.907617449760437,1
../images/test/data/Just_Images/Caucasian/Woman/m.05f9c1h_0003.jpg,../images/test/data/Just_Images/Caucasian/Woman/m.05f9c1h_0001.jpg,0.9238533973693848,1
../images/test/data/Just_Images/Caucasian/Woman/m.01vr98m_0001.jpg,../images/test/data/Just_Images/Caucasian/Woman/m.01vr98m_0003.jpg,0.8981751203536987,1
../images/test/data/Just_Images/Caucasian/Woman/m.039gxl_0002.jpg,../images/test/data/Just_Images/Caucasian/Woman/m.039gxl_0003.jpg,0.9282704591751099,1
../images/test/data/Just_Images/Caucasian/Man/m.01pn28c_0003.jpg,../images/test/data/Just_Images/Caucasian/Man/m.01pn28c_0004.jpg,0.8290140628814697,1
../images/test/data/Just_Images/Caucasian/Man/m.08lx_5_0003.jpg,../images/test/data/Just_Images/Caucasian/Man/m.08lx_5_0001.jpg,0.8814548254013062,1
../images/test/data/Just_Images/Caucasian/Man/m.02wrbb_0001.jpg,../images/test/data/Just_Images/Caucasian/Man/m.02wrbb_0002.jpg,0.9073888063430786,1
../images/test/data/Just_Images/Caucasian/Man/m.04yr_4_0003.jpg,../images/test/data/Just_Images/Caucasian/Man/m.04yr_4_0001.jpg,0.8862998485565186,1
../images/test/data/Just_Images/Caucasian/Man/m.0bwcgt_0002.jpg,../images/test/data/Just_Images/Caucasian/Man/m.0bwcgt_0003.jpg,0.9061520099639893,1
../images/test/data/Just_Images/Caucasian/Woman/m.0gnw1f_0002.jpg,../images/test/data/Just_Images/Caucasian/Woman/m.0gnw1f_0001.jpg,0.872719943523407,1
../images/test/data/Just_Images/Caucasian/Man/m.0drv7r_0003.jpg,../images/test/data/Just_Images/Caucasian/Man/m.0drv7r_0002.jpg,0.9573713541030884,1
../images/test/data/Just_Images/Caucasian/Man/m.03806d_0002.jpg,../images/test/data/Just_Images/Caucasian/Man/m.03806d_0003.jpg,0.9002552032470703,1
../images/test/data/Just_Images/Caucasian/Man/m.05nzzv_0003.jpg,../images/test/data/Just_Images/Caucasian/Man/m.05nzzv_0001.jpg,0.9343841671943665,1
../images/test/data/Just_Images/Caucasian/Man/m.02qyw35_0001.jpg,../images/test/data/Just_Images/Caucasian/Man/m.02qyw35_0003.jpg,0.8429344892501831,1
../images/test/data/Just_Images/Caucasian/Man/m.094ydp_0003.jpg,../images/test/data/Just_Images/Caucasian/Man/m.094ydp_0001.jpg,0.9365197420120239,1
../images/test/data/Just_Images/Caucasian/Man/m.028j1f_0002.jpg,../images/test/data/Just_Images/Caucasian/Man/m.028j1f_0001.jpg,0.8966929912567139,1
../images/test/data/Just_Images/Caucasian/Woman/m.027z06s_0001.jpg,../images/test/data/Just_Images/Caucasian/Woman/m.027z06s_0003.jpg,0.9378913640975952,1
../images/test/data/Just_Images/Caucasian/Man/m.06w3g7j_0001.jpg,../images/test/data/Just_Images/Caucasian/Man/m.06w3g7j_0003.jpg,0.9082227349281311,1
../images/test/data/Just_Images/Caucasian/Woman/m.092grt_0001.jpg,../images/test/data/Just_Images/Caucasian/Woman/m.092grt_0002.jpg,0.9086341857910156,1
../images/test/data/Just_Images/Caucasian/Man/m.03626c_0002.jpg,../images/test/data/Just_Images/Caucasian/Man/m.03626c_0003.jpg,0.8537010550498962,1
../images/test/data/Just_Images/Caucasian/Man/m.0gx_ccs_0001.jpg,../images/test/data/Just_Images/Caucasian/Man/m.0gx_ccs_0004.jpg,0.8644304275512695,1
../images/test/data/Just_Images/Caucasian/Woman/m.02l0nk_0003.jpg,../images/test/data/Just_Images/Caucasian/Woman/m.02l0nk_0001.jpg,0.8688752055168152,1
../images/test/data/Just_Images/Caucasian/Man/m.0cwtkw_0003.jpg,../images/test/data/Just_Images/Caucasian/Man/m.0cwtkw_0001.jpg,0.8826028108596802,1
../images/test/data/Just_Images/Caucasian/Man/m.098gx8_0001.jpg,../images/test/data/Just_Images/Caucasian/Man/m.098gx8_0002.jpg,0.919429361820221,1
../images/test/data/Just_Images/Caucasian/Woman/m.04bnvr_0002.jpg,../images/test/data/Just_Images/Caucasian/Woman/m.04bnvr_0001.jpg,0.8743518590927124,1
../images/test/data/Just_Images/Caucasian/Man/m.0brtlk_0001.jpg,../images/test/data/Just_Images/Caucasian/Man/m.0brtlk_0003.jpg,0.915817141532898,1
../images/test/data/Just_Images/Caucasian/Man/m.04lcf6_0002.jpg,../images/test/data/Just_Images/Caucasian/Man/m.04lcf6_0003.jpg,0.9154072999954224,1
../images/test/data/Just_Images/Caucasian/Man/m.062g4l_0002.jpg,../images/test/data/Just_Images/Caucasian/Man/m.062g4l_0003.jpg,0.9199355840682983,1
../images/test/data/Just_Images/Caucasian/Man/m.0gg7ff4_0002.jpg,../images/test/data/Just_Images/Caucasian/Man/m.0gg7ff4_0003.jpg,0.9505339860916138,1
../images/test/data/Just_Images/Caucasian/Man/m.08cw7d_0001.jpg,../images/test/data/Just_Images/Caucasian/Man/m.08cw7d_0002.jpg,0.9082762002944946,1
../images/test/data/Just_Images/Caucasian/Man/m.02wxj3_0003.jpg,../images/test/data/Just_Images/Caucasian/Man/m.02wxj3_0001.jpg,0.8719789981842041,1
../images/test/data/Just_Images/Caucasian/Man/m.0810rp_0003.jpg,../images/test/data/Just_Images/Caucasian/Man/m.0810rp_0002.jpg,0.8764505386352539,1
../images/test/data/Just_Images/Caucasian/Man/m.017zy5_0002.jpg,../images/test/data/Just_Images/Caucasian/Man/m.017zy5_0003.jpg,0.872559666633606,1
../images/test/data/Just_Images/Caucasian/Man/m.05lc5m_0003.jpg,../images/test/data/Just_Images/Caucasian/Man/m.05lc5m_0002.jpg,0.9083787798881531,1
../images/test/data/Just_Images/Caucasian/Man/m.08brxy_0001.jpg,../images/test/data/Just_Images/Caucasian/Man/m.08brxy_0003.jpg,0.8068000674247742,1
../images/test/data/Just_Images/Caucasian/Man/m.094_1r_0003.jpg,../images/test/data/Just_Images/Caucasian/Man/m.094_1r_0002.jpg,0.9219263792037964,1
../images/test/data/Just_Images/Caucasian/Man/m.01c6dg_0003.jpg,../images/test/data/Just_Images/Caucasian/Man/m.01c6dg_0002.jpg,0.8673176765441895,1
../images/test/data/Just_Images/Caucasian/Woman/m.0h1fcbm_0003.jpg,../images/test/data/Just_Images/Caucasian/Woman/m.0h1fcbm_0004.jpg,0.9213711619377136,1
../images/test/data/Just_Images/Caucasian/Man/m.0pnhc_0002.jpg,../images/test/data/Just_Images/Caucasian/Man/m.0pnhc_0004.jpg,0.9157654047012329,1
../images/test/data/Just_Images/Caucasian/Woman/m.02q1vkp_0002.jpg,../images/test/data/Just_Images/Caucasian/Woman/m.02q1vkp_0003.jpg,0.8881324529647827,1
../images/test/data/Just_Images/Caucasian/Man/m.05sztm0_0001.jpg,../images/test/data/Just_Images/Caucasian/Man/m.05sztm0_0002.jpg,0.8255705833435059,1
../images/test/data/Just_Images/Caucasian/Man/m.05qhtq_0001.jpg,../images/test/data/Just_Images/Caucasian/Man/m.05qhtq_0002.jpg,0.8352821469306946,1
../images/test/data/Just_Images/Caucasian/Man/m.06gsg2_0001.jpg,../images/test/data/Just_Images/Caucasian/Man/m.06gsg2_0003.jpg,0.8761385679244995,1
../images/test/data/Just_Images/Caucasian/Man/m.0457pz_0001.jpg,../images/test/data/Just_Images/Caucasian/Man/m.0457pz_0005.jpg,0.7964096665382385,1
../images/test/data/Just_Images/Caucasian/Man/m.09jfhz_0001.jpg,../images/test/data/Just_Images/Caucasian/Man/m.09jfhz_0002.jpg,0.9353366494178772,1
../images/test/data/Just_Images/Caucasian/Man/m.0b4lv__0002.jpg,../images/test/data/Just_Images/Caucasian/Man/m.0b4lv__0003.jpg,0.9156812429428101,1
../images/test/data/Just_Images/Caucasian/Man/m.07lwh3_0003.jpg,../images/test/data/Just_Images/Caucasian/Man/m.07lwh3_0002.jpg,0.8792519569396973,1
../images/test/data/Just_Images/Caucasian/Man/m.0hksb_0002.jpg,../images/test/data/Just_Images/Caucasian/Man/m.0hksb_0001.jpg,0.9472733736038208,1
../images/test/data/Just_Images/Caucasian/Man/m.01sbxsm_0001.jpg,../images/test/data/Just_Images/Caucasian/Man/m.01sbxsm_0003.jpg,0.8468446731567383,1
../images/test/data/Just_Images/Caucasian/Man/m.020sr8_0001.jpg,../images/test/data/Just_Images/Caucasian/Man/m.020sr8_0002.jpg,0.9005750417709351,1
../images/test/data/Just_Images/Caucasian/Woman/m.0bk1gm_0003.jpg,../images/test/data/Just_Images/Caucasian/Woman/m.0bk1gm_0002.jpg,0.8871023654937744,1
../images/test/data/Just_Images/Caucasian/Woman/m.02r3p_6_0003.jpg,../images/test/data/Just_Images/Caucasian/Woman/m.02r3p_6_0002.jpg,0.865362286567688,1
../images/test/data/Just_Images/Caucasian/Man/m.03c2x_h_0003.jpg,../images/test/data/Just_Images/Caucasian/Man/m.03c2x_h_0001.jpg,0.8255215287208557,1
../images/test/data/Just_Images/Caucasian/Man/m.07j8kh_0002.jpg,../images/test/data/Just_Images/Caucasian/Man/m.07j8kh_0001.jpg,0.6945831775665283,1
../images/test/data/Just_Images/Caucasian/Man/m.04z8sv_0003.jpg,../images/test/data/Just_Images/Caucasian/Man/m.04z8sv_0002.jpg,0.7628819346427917,1
../images/test/data/Just_Images/Caucasian/Man/m.051_p87_0002.jpg,../images/test/data/Just_Images/Caucasian/Man/m.051_p87_0001.jpg,0.923984169960022,1
../images/test/data/Just_Images/Caucasian/Woman/m.0cgx_p_0001.jpg,../images/test/data/Just_Images/Caucasian/Woman/m.0cgx_p_0002.jpg,0.8406426906585693,1
../images/test/data/Just_Images/Caucasian/Man/m.026zhxp_0006.jpg,../images/test/data/Just_Images/Caucasian/Man/m.026zhxp_0005.jpg,0.9407184720039368,1
../images/test/data/Just_Images/Caucasian/Man/m.0g9677_0001.jpg,../images/test/data/Just_Images/Caucasian/Man/m.0g9677_0004.jpg,0.946135401725769,1
../images/test/data/Just_Images/Caucasian/Man/m.01tnxc_0002.jpg,../images/test/data/Just_Images/Caucasian/Man/m.01tnxc_0001.jpg,0.9635581970214844,1
../images/test/data/Just_Images/Caucasian/Man/m.0b16dm_0003.jpg,../images/test/data/Just_Images/Caucasian/Man/m.0b16dm_0004.jpg,0.8555792570114136,1
../images/test/data/Just_Images/Caucasian/Woman/m.0928zf_0003.jpg,../images/test/data/Just_Images/Caucasian/Woman/m.0928zf_0004.jpg,0.9064855575561523,1
../images/test/data/Just_Images/Caucasian/Woman/m.03rxyz_0002.jpg,../images/test/data/Just_Images/Caucasian/Woman/m.03rxyz_0001.jpg,0.9250679612159729,1
../images/test/data/Just_Images/Caucasian/Man/m.058rsb_0005.jpg,../images/test/data/Just_Images/Caucasian/Man/m.058rsb_0003.jpg,0.896460235118866,1
../images/test/data/Just_Images/Caucasian/Man/m.07hc7d_0003.jpg,../images/test/data/Just_Images/Caucasian/Man/m.07hc7d_0001.jpg,0.9303895235061646,1
../images/test/data/Just_Images/Caucasian/Man/m.04mx7s_0002.jpg,../images/test/data/Just_Images/Caucasian/Man/m.04mx7s_0001.jpg,0.8030025959014893,1
../images/test/data/Just_Images/Caucasian/Man/m.02244j_0003.jpg,../images/test/data/Just_Images/Caucasian/Man/m.02244j_0001.jpg,0.8758507370948792,1
../images/test/data/Just_Images/Caucasian/Woman/m.0d4yp7_0002.jpg,../images/test/data/Just_Images/Caucasian/Woman/m.0d4yp7_0004.jpg,0.8233429193496704,1
../images/test/data/Just_Images/Caucasian/Man/m.011_2h_0001.jpg,../images/test/data/Just_Images/Caucasian/Man/m.011_2h_0002.jpg,0.8097490072250366,1
../images/test/data/Just_Images/Caucasian/Man/m.053xkr_0002.jpg,../images/test/data/Just_Images/Caucasian/Man/m.053xkr_0001.jpg,0.8685612678527832,1
../images/test/data/Just_Images/Caucasian/Woman/m.0d7tdm_0002.jpg,../images/test/data/Just_Images/Caucasian/Woman/m.0d7tdm_0003.jpg,0.9465724229812622,1
../images/test/data/Just_Images/Caucasian/Man/m.04mkjvs_0002.jpg,../images/test/data/Just_Images/Caucasian/Man/m.04mkjvs_0001.jpg,0.8769788146018982,1
../images/test/data/Just_Images/Caucasian/Man/m.06jpjl_0005.jpg,../images/test/data/Just_Images/Caucasian/Man/m.06jpjl_0003.jpg,0.8413025140762329,1
../images/test/data/Just_Images/Caucasian/Man/m.03cdg6l_0002.jpg,../images/test/data/Just_Images/Caucasian/Man/m.03cdg6l_0001.jpg,0.9119643568992615,1
../images/test/data/Just_Images/Caucasian/Man/m.01wvf0l_0003.jpg,../images/test/data/Just_Images/Caucasian/Man/m.01wvf0l_0002.jpg,0.8478776812553406,1
../images/test/data/Just_Images/Caucasian/Man/m.060x66_0004.jpg,../images/test/data/Just_Images/Caucasian/Man/m.060x66_0001.jpg,0.9087294340133667,1
../images/test/data/Just_Images/Caucasian/Woman/m.02z5j2r_0001.jpg,../images/test/data/Just_Images/Caucasian/Woman/m.02z5j2r_0003.jpg,0.9212347269058228,1
../images/test/data/Just_Images/Caucasian/Man/m.04wr44_0003.jpg,../images/test/data/Just_Images/Caucasian/Man/m.04wr44_0001.jpg,0.8699929714202881,1
../images/test/data/Just_Images/Caucasian/Man/m.065ypz_0002.jpg,../images/test/data/Just_Images/Caucasian/Man/m.065ypz_0003.jpg,0.8297905921936035,1
../images/test/data/Just_Images/Caucasian/Man/m.02gnx5_0001.jpg,../images/test/data/Just_Images/Caucasian/Man/m.02gnx5_0003.jpg,0.964502215385437,1
../images/test/data/Just_Images/Caucasian/Man/m.03fcmm_0001.jpg,../images/test/data/Just_Images/Caucasian/Man/m.03fcmm_0003.jpg,0.959225594997406,1
../images/test/data/Just_Images/Caucasian/Man/m.038s0n_0001.jpg,../images/test/data/Just_Images/Caucasian/Man/m.038s0n_0003.jpg,0.9467017650604248,1
../images/test/data/Just_Images/Caucasian/Man/m.036mnn_0002.jpg,../images/test/data/Just_Images/Caucasian/Man/m.036mnn_0001.jpg,0.9378308653831482,1
../images/test/data/Just_Images/Caucasian/Woman/m.04jhsnv_0002.jpg,../images/test/data/Just_Images/Caucasian/Woman/m.04jhsnv_0003.jpg,0.8576955795288086,1
../images/test/data/Just_Images/Caucasian/Man/m.0287_4p_0003.jpg,../images/test/data/Just_Images/Caucasian/Man/m.0287_4p_0001.jpg,0.9101434350013733,1
../images/test/data/Just_Images/Caucasian/Man/m.02tz2j_0003.jpg,../images/test/data/Just_Images/Caucasian/Man/m.02tz2j_0001.jpg,0.9259342551231384,1
../images/test/data/Just_Images/Caucasian/Man/m.01rptr_0001.jpg,../images/test/data/Just_Images/Caucasian/Man/m.01rptr_0002.jpg,0.9094864726066589,1
../images/test/data/Just_Images/Caucasian/Man/m.03v84y_0001.jpg,../images/test/data/Just_Images/Caucasian/Man/m.03v84y_0002.jpg,0.9134429693222046,1
../images/test/data/Just_Images/Caucasian/Man/m.0h_9kyw_0003.jpg,../images/test/data/Just_Images/Caucasian/Man/m.0h_9kyw_0004.jpg,0.9293819665908813,1
../images/test/data/Just_Images/Caucasian/Man/m.05c11d5_0003.jpg,../images/test/data/Just_Images/Caucasian/Man/m.05c11d5_0002.jpg,0.8529078960418701,1
../images/test/data/Just_Images/Caucasian/Man/m.08w812_0001.jpg,../images/test/data/Just_Images/Caucasian/Man/m.08w812_0002.jpg,0.9441527128219604,1
../images/test/data/Just_Images/Caucasian/Man/m.0cm7sjv_0003.jpg,../images/test/data/Just_Images/Caucasian/Man/m.0cm7sjv_0001.jpg,0.8413322567939758,1
../images/test/data/Just_Images/Caucasian/Man/m.01vt556_0002.jpg,../images/test/data/Just_Images/Caucasian/Man/m.01vt556_0004.jpg,0.8349239826202393,1
../images/test/data/Just_Images/Caucasian/Man/m.07qyl3_0001.jpg,../images/test/data/Just_Images/Caucasian/Man/m.07qyl3_0003.jpg,0.8437731266021729,1
../images/test/data/Just_Images/Caucasian/Woman/m.01v9gds_0001.jpg,../images/test/data/Just_Images/Caucasian/Woman/m.01v9gds_0002.jpg,0.6844141483306885,1
../images/test/data/Just_Images/Caucasian/Man/m.02f93t_0002.jpg,../images/test/data/Just_Images/Caucasian/Man/m.02f93t_0004.jpg,0.9683437943458557,1
../images/test/data/Just_Images/Caucasian/Woman/m.0kntkh9_0002.jpg,../images/test/data/Just_Images/Caucasian/Woman/m.0kntkh9_0001.jpg,0.9132421016693115,1
../images/test/data/Just_Images/Caucasian/Man/m.093st2_0002.jpg,../images/test/data/Just_Images/Caucasian/Man/m.093st2_0001.jpg,0.8469369411468506,1
../images/test/data/Just_Images/Caucasian/Man/m.02q77y6_0001.jpg,../images/test/data/Just_Images/Caucasian/Man/m.02q77y6_0002.jpg,0.9024267792701721,1
../images/test/data/Just_Images/Caucasian/Man/m.027kskr_0002.jpg,../images/test/data/Just_Images/Caucasian/Man/m.027kskr_0001.jpg,0.9116405248641968,1
../images/test/data/Just_Images/Caucasian/Man/m.0bj_n9_0001.jpg,../images/test/data/Just_Images/Caucasian/Man/m.0bj_n9_0003.jpg,0.9751665592193604,1
../images/test/data/Just_Images/Caucasian/Man/m.0fp0z4_0002.jpg,../images/test/data/Just_Images/Caucasian/Man/m.03bl_w_0002.jpg,0.8688218593597412,0
../images/test/data/Just_Images/Caucasian/Man/m.016hgp_0002.jpg,../images/test/data/Just_Images/Caucasian/Man/m.04zvmb9_0001.jpg,0.8714391589164734,0
../images/test/data/Just_Images/Caucasian/Man/m.03gr2g0_0002.jpg,../images/test/data/Just_Images/Caucasian/Man/m.0gmf21f_0001.jpg,0.9407670497894287,0
../images/test/data/Just_Images/Caucasian/Man/m.05b3gw_0002.jpg,../images/test/data/Just_Images/Caucasian/Man/m.05zlk3__0001.jpg,0.921359121799469,0
../images/test/data/Just_Images/Caucasian/Woman/m.03wdjf1_0003.jpg,../images/test/data/Just_Images/Caucasian/Man/m.035wq7_0004.jpg,0.9510961771011353,0
../images/test/data/Just_Images/Caucasian/Man/m.05pg_g_0003.jpg,../images/test/data/Just_Images/Caucasian/Man/m.06jp4q_0004.jpg,0.831652045249939,0
../images/test/data/Just_Images/Caucasian/Man/m.0drv7r_0002.jpg,../images/test/data/Just_Images/Caucasian/Man/m.08lx2b_0004.jpg,0.9421141147613525,0
../images/test/data/Just_Images/Caucasian/Man/m.0512c1_0002.jpg,../images/test/data/Just_Images/Caucasian/Man/m.07vm2b_0001.jpg,0.8013835549354553,0
../images/test/data/Just_Images/Caucasian/Man/m.07d9pg_0002.jpg,../images/test/data/Just_Images/Caucasian/Man/m.062xtx_0004.jpg,0.972652018070221,0
../images/test/data/Just_Images/Caucasian/Man/m.01vyt_1_0003.jpg,../images/test/data/Just_Images/Caucasian/Man/m.09br2g_0003.jpg,0.858893096446991,0
../images/test/data/Just_Images/Caucasian/Man/m.084qjy_0001.jpg,../images/test/data/Just_Images/Caucasian/Man/m.02r_bmd_0002.jpg,0.8757100701332092,0
../images/test/data/Just_Images/Caucasian/Man/m.06l8mr_0003.jpg,../images/test/data/Just_Images/Caucasian/Man/m.0by0_l4_0003.jpg,0.8557156920433044,0
../images/test/data/Just_Images/Caucasian/Man/m.0kg3c50_0004.jpg,../images/test/data/Just_Images/Caucasian/Man/m.02pkdyy_0001.jpg,0.8470630645751953,0
../images/test/data/Just_Images/Caucasian/Man/m.021d_0_0001.jpg,../images/test/data/Just_Images/Caucasian/Man/m.025yv1m_0002.jpg,0.9186135530471802,0
../images/test/data/Just_Images/Caucasian/Man/m.0h3tgnw_0004.jpg,../images/test/data/Just_Images/Caucasian/Man/m.0f307d_0003.jpg,0.9350241422653198,0
../images/test/data/Just_Images/Caucasian/Man/m.027sw9f_0001.jpg,../images/test/data/Just_Images/Caucasian/Man/m.05zwm67_0001.jpg,0.8268640041351318,0
../images/test/data/Just_Images/Caucasian/Woman/m.0gcr4zx_0003.jpg,../images/test/data/Just_Images/Caucasian/Woman/m.01vs6g3_0001.jpg,0.8372833728790283,0
../images/test/data/Just_Images/Caucasian/Man/m.04lcf6_0001.jpg,../images/test/data/Just_Images/Caucasian/Woman/m.0bct0h_0004.jpg,0.9356604814529419,0
../images/test/data/Just_Images/Caucasian/Man/m.0154s9_0003.jpg,../images/test/data/Just_Images/Caucasian/Man/m.03f1sjy_0001.jpg,0.7929964065551758,0
../images/test/data/Just_Images/Caucasian/Man/m.02lzhf_0002.jpg,../images/test/data/Just_Images/Caucasian/Man/m.03d3mg_0004.jpg,0.8262162208557129,0
../images/test/data/Just_Images/Caucasian/Man/m.0kry2z_0001.jpg,../images/test/data/Just_Images/Caucasian/Man/m.0d5_f_0004.jpg,0.8964822888374329,0
../images/test/data/Just_Images/Caucasian/Man/m.01jrbc1_0003.jpg,../images/test/data/Just_Images/Caucasian/Woman/m.03byzw4_0004.jpg,0.8338186740875244,0
../images/test/data/Just_Images/Caucasian/Woman/m.02r2pwb_0001.jpg,../images/test/data/Just_Images/Caucasian/Woman/m.0bjmjk_0002.jpg,0.7809745073318481,0
../images/test/data/Just_Images/Caucasian/Man/m.05zpzn__0003.jpg,../images/test/data/Just_Images/Caucasian/Man/m.0jjr6g7_0002.jpg,0.8980239629745483,0
../images/test/data/Just_Images/Caucasian/Woman/m.027z06s_0005.jpg,../images/test/data/Just_Images/Caucasian/Woman/m.026bk9q_0004.jpg,0.9089319705963135,0
../images/test/data/Just_Images/Caucasian/Man/m.02dtfm_0001.jpg,../images/test/data/Just_Images/Caucasian/Woman/m.076_tb_0001.jpg,0.9167609214782715,0
../images/test/data/Just_Images/Caucasian/Woman/m.0b_c03_0003.jpg,../images/test/data/Just_Images/Caucasian/Man/m.048ky8_0003.jpg,0.9115289449691772,0
../images/test/data/Just_Images/Caucasian/Man/m.01thjy9_0001.jpg,../images/test/data/Just_Images/Caucasian/Man/m.02vxmw3_0003.jpg,0.9065051078796387,0
../images/test/data/Just_Images/Caucasian/Man/m.018gjx_0003.jpg,../images/test/data/Just_Images/Caucasian/Man/m.0793_r_0003.jpg,0.9364238977432251,0
../images/test/data/Just_Images/Caucasian/Man/m.03ccn04_0001.jpg,../images/test/data/Just_Images/Caucasian/Man/m.0415w2s_0002.jpg,0.720191240310669,0
../images/test/data/Just_Images/Caucasian/Man/m.026nvj5_0001.jpg,../images/test/data/Just_Images/Caucasian/Man/m.034g2b_0005.jpg,0.7994286417961121,0
../images/test/data/Just_Images/Caucasian/Man/m.02zrgt_0002.jpg,../images/test/data/Just_Images/Caucasian/Man/m.027gf69_0004.jpg,0.8733180165290833,0
../images/test/data/Just_Images/Caucasian/Man/m.07_zvm_0004.jpg,../images/test/data/Just_Images/Caucasian/Man/m.03sq9g_0001.jpg,0.7593551278114319,0
../images/test/data/Just_Images/Caucasian/Man/m.05p81kq_0003.jpg,../images/test/data/Just_Images/Caucasian/Man/m.01x_s2_0003.jpg,0.8831047415733337,0
../images/test/data/Just_Images/Caucasian/Man/m.0bs1_8b_0002.jpg,../images/test/data/Just_Images/Caucasian/Man/m.06fqnk_0003.jpg,0.9015471935272217,0
../images/test/data/Just_Images/Caucasian/Man/m.05mykr_0004.jpg,../images/test/data/Just_Images/Caucasian/Woman/m.03h4yg2_0004.jpg,0.9170364141464233,0
../images/test/data/Just_Images/Caucasian/Woman/m.08mrr0_0004.jpg,../images/test/data/Just_Images/Caucasian/Man/m.03z0jf_0004.jpg,0.8900573253631592,0
../images/test/data/Just_Images/Caucasian/Man/m.0c0vj__0002.jpg,../images/test/data/Just_Images/Caucasian/Man/m.02qtdjx_0002.jpg,0.9043311476707458,0
../images/test/data/Just_Images/Caucasian/Man/m.0415dw2_0003.jpg,../images/test/data/Just_Images/Caucasian/Man/m.03288s_0004.jpg,0.7529425621032715,0
../images/test/data/Just_Images/Caucasian/Man/m.04fgw8_0001.jpg,../images/test/data/Just_Images/Caucasian/Man/m.04mkjvs_0005.jpg,0.9355717897415161,0
../images/test/data/Just_Images/Caucasian/Man/m.02sx1n_0002.jpg,../images/test/data/Just_Images/Caucasian/Man/m.02v_z01_0003.jpg,0.8506152629852295,0
../images/test/data/Just_Images/Caucasian/Man/m.07x23t_0003.jpg,../images/test/data/Just_Images/Caucasian/Man/m.0j28kl9_0001.jpg,0.9303295612335205,0
../images/test/data/Just_Images/Caucasian/Man/m.02wxj3_0002.jpg,../images/test/data/Just_Images/Caucasian/Man/m.0bl37l_0002.jpg,0.8694453835487366,0
../images/test/data/Just_Images/Caucasian/Man/m.0dytmk_0003.jpg,../images/test/data/Just_Images/Caucasian/Man/m.052_s57_0003.jpg,0.9132881760597229,0
../images/test/data/Just_Images/Caucasian/Man/m.0gv2zl_0002.jpg,../images/test/data/Just_Images/Caucasian/Man/m.0bwss61_0003.jpg,0.927470326423645,0
../images/test/data/Just_Images/Caucasian/Man/m.0hr3h8d_0003.jpg,../images/test/data/Just_Images/Caucasian/Man/m.02qhwqv_0002.jpg,0.8432064056396484,0
../images/test/data/Just_Images/Caucasian/Man/m.03d6tz_0003.jpg,../images/test/data/Just_Images/Caucasian/Man/m.02k7h7_0001.jpg,0.8586008548736572,0
../images/test/data/Just_Images/Caucasian/Woman/m.0809m8q_0003.jpg,../images/test/data/Just_Images/Caucasian/Man/m.0280hpj_0001.jpg,0.9107245206832886,0
../images/test/data/Just_Images/Caucasian/Man/m.06wb5bj_0002.jpg,../images/test/data/Just_Images/Caucasian/Woman/m.06hh33_0004.jpg,0.8850939869880676,0
../images/test/data/Just_Images/Caucasian/Man/m.0c3tl_f_0002.jpg,../images/test/data/Just_Images/Caucasian/Man/m.0538g4_0005.jpg,0.9233261346817017,0
../images/test/data/Just_Images/Caucasian/Man/m.02qpy0_0001.jpg,../images/test/data/Just_Images/Caucasian/Man/m.04pw12_0003.jpg,0.9217532873153687,0
../images/test/data/Just_Images/Caucasian/Woman/m.04y76ft_0003.jpg,../images/test/data/Just_Images/Caucasian/Man/m.01w0kw4_0003.jpg,0.8847746849060059,0
../images/test/data/Just_Images/Caucasian/Man/m.07m65l_0002.jpg,../images/test/data/Just_Images/Caucasian/Man/m.03tqn3_0002.jpg,0.9588100910186768,0
../images/test/data/Just_Images/Caucasian/Man/m.04134b2_0002.jpg,../images/test/data/Just_Images/Caucasian/Man/m.0g6h64_0001.jpg,0.8783667087554932,0
../images/test/data/Just_Images/Caucasian/Man/m.02z3x16_0001.jpg,../images/test/data/Just_Images/Caucasian/Man/m.06_t8__0002.jpg,0.9584656357765198,0
../images/test/data/Just_Images/Caucasian/Man/m.0k014_0001.jpg,../images/test/data/Just_Images/Caucasian/Man/m.01t91vg_0003.jpg,0.9400787353515625,0
../images/test/data/Just_Images/Caucasian/Man/m.03clrkq_0001.jpg,../images/test/data/Just_Images/Caucasian/Man/m.08b_bq_0001.jpg,0.9025717973709106,0
../images/test/data/Just_Images/Caucasian/Man/m.05vssg_0004.jpg,../images/test/data/Just_Images/Caucasian/Man/m.0lngf_0001.jpg,0.791674017906189,0
../images/test/data/Just_Images/Caucasian/Woman/m.01pxvvp_0001.jpg,../images/test/data/Just_Images/Caucasian/Man/m.0288yd_0003.jpg,0.8390098810195923,0
../images/test/data/Just_Images/Caucasian/Man/m.04526z_0002.jpg,../images/test/data/Just_Images/Caucasian/Man/m.062xtx_0006.jpg,0.8639748692512512,0
../images/test/data/Just_Images/Caucasian/Man/m.04dz616_0001.jpg,../images/test/data/Just_Images/Caucasian/Woman/m.0809m8q_0003.jpg,0.7684223055839539,0
../images/test/data/Just_Images/Caucasian/Man/m.0jtdl0f_0003.jpg,../images/test/data/Just_Images/Caucasian/Man/m.07qc55_0001.jpg,0.8454697132110596,0
../images/test/data/Just_Images/Caucasian/Woman/m.0bjmjk_0003.jpg,../images/test/data/Just_Images/Caucasian/Man/m.02pwbf1_0003.jpg,0.7964197397232056,0
../images/test/data/Just_Images/Caucasian/Man/m.02tkxd_0003.jpg,../images/test/data/Just_Images/Caucasian/Man/m.040rjq_0004.jpg,0.9009417295455933,0
../images/test/data/Just_Images/Caucasian/Man/m.0bqk6z_0002.jpg,../images/test/data/Just_Images/Caucasian/Woman/m.0345t1_0003.jpg,0.7407807111740112,0
../images/test/data/Just_Images/Caucasian/Man/m.06x3_q_0001.jpg,../images/test/data/Just_Images/Caucasian/Man/m.02j2y0_0003.jpg,0.8502819538116455,0
../images/test/data/Just_Images/Caucasian/Man/m.039591_0003.jpg,../images/test/data/Just_Images/Caucasian/Man/m.0c2qjg_0005.jpg,0.8841182589530945,0
../images/test/data/Just_Images/Caucasian/Man/m.01s4ss_0001.jpg,../images/test/data/Just_Images/Caucasian/Man/m.01pp4dr_0004.jpg,0.9465683698654175,0
../images/test/data/Just_Images/Caucasian/Woman/m.07vl31_0002.jpg,../images/test/data/Just_Images/Caucasian/Man/m.02jp9__0001.jpg,0.9256008863449097,0
../images/test/data/Just_Images/Caucasian/Man/m.0rfdr0b_0002.jpg,../images/test/data/Just_Images/Caucasian/Man/m.0k014_0003.jpg,0.9143941402435303,0
../images/test/data/Just_Images/Caucasian/Man/m.0cc7ywq_0004.jpg,../images/test/data/Just_Images/Caucasian/Man/m.0hr3h8d_0004.jpg,0.8705652356147766,0
../images/test/data/Just_Images/Caucasian/Man/m.06w3g7j_0002.jpg,../images/test/data/Just_Images/Caucasian/Man/m.012s3y_0003.jpg,0.8075760006904602,0
../images/test/data/Just_Images/Caucasian/Man/m.06cb9s_0005.jpg,../images/test/data/Just_Images/Caucasian/Man/m.03d16t_0003.jpg,0.8855600953102112,0
../images/test/data/Just_Images/Caucasian/Man/m.0c6vjs_0001.jpg,../images/test/data/Just_Images/Caucasian/Man/m.05985b_0003.jpg,0.9504578113555908,0
../images/test/data/Just_Images/Caucasian/Woman/m.0bk1gm_0003.jpg,../images/test/data/Just_Images/Caucasian/Woman/m.09lpfq_0002.jpg,0.861775279045105,0
../images/test/data/Just_Images/Caucasian/Woman/m.09gfckp_0003.jpg,../images/test/data/Just_Images/Caucasian/Woman/m.06zrb8x_0002.jpg,0.7753720283508301,0
../images/test/data/Just_Images/Caucasian/Man/m.06tg05_0002.jpg,../images/test/data/Just_Images/Caucasian/Man/m.07ky6b_0004.jpg,0.8298220634460449,0
../images/test/data/Just_Images/Caucasian/Woman/m.0884pg_0004.jpg,../images/test/data/Just_Images/Caucasian/Man/m.0h1dn6q_0002.jpg,0.9014787673950195,0
../images/test/data/Just_Images/Caucasian/Man/m.04f1wxr_0001.jpg,../images/test/data/Just_Images/Caucasian/Man/m.09w_st_0004.jpg,0.873856782913208,0
../images/test/data/Just_Images/Caucasian/Man/m.033fcx_0001.jpg,../images/test/data/Just_Images/Caucasian/Woman/m.01lgdc_0003.jpg,0.9321727156639099,0
../images/test/data/Just_Images/Caucasian/Man/m.09wmk__0003.jpg,../images/test/data/Just_Images/Caucasian/Man/m.050phc_0002.jpg,0.9077479839324951,0
../images/test/data/Just_Images/Caucasian/Man/m.0d73bw_0004.jpg,../images/test/data/Just_Images/Caucasian/Man/m.02rb3_m_0001.jpg,0.8794059753417969,0
../images/test/data/Just_Images/Caucasian/Man/m.0958tt_0003.jpg,../images/test/data/Just_Images/Caucasian/Man/m.03smhv_0004.jpg,0.8725783824920654,0
../images/test/data/Just_Images/Caucasian/Man/m.0cx09__0003.jpg,../images/test/data/Just_Images/Caucasian/Man/m.0dd7tv_0003.jpg,0.8418515920639038,0
../images/test/data/Just_Images/Caucasian/Man/m.05wqr1_0004.jpg,../images/test/data/Just_Images/Caucasian/Man/m.04b2l__0003.jpg,0.8500889539718628,0
../images/test/data/Just_Images/Caucasian/Woman/m.0ktchz_0003.jpg,../images/test/data/Just_Images/Caucasian/Man/m.0by3cw_0004.jpg,0.8926593661308289,0
../images/test/data/Just_Images/Caucasian/Man/m.03s5cc_0004.jpg,../images/test/data/Just_Images/Caucasian/Woman/m.02b_dr_0004.jpg,0.907888650894165,0
../images/test/data/Just_Images/Caucasian/Man/m.044_nm_0001.jpg,../images/test/data/Just_Images/Caucasian/Man/m.02_jkq_0003.jpg,0.9223066568374634,0
../images/test/data/Just_Images/Caucasian/Man/m.0bctcv_0001.jpg,../images/test/data/Just_Images/Caucasian/Man/m.06cv41_0002.jpg,0.7244919538497925,0
../images/test/data/Just_Images/Caucasian/Man/m.01l0mh_0004.jpg,../images/test/data/Just_Images/Caucasian/Man/m.02pstft_0001.jpg,0.7726772427558899,0
../images/test/data/Just_Images/Caucasian/Woman/m.092grt_0001.jpg,../images/test/data/Just_Images/Caucasian/Woman/m.03qv8j_0002.jpg,0.8898342847824097,0
../images/test/data/Just_Images/Caucasian/Man/m.02q_nsj_0002.jpg,../images/test/data/Just_Images/Caucasian/Man/m.05h3kr2_0003.jpg,0.8854324221611023,0
../images/test/data/Just_Images/Caucasian/Man/m.03qlhm5_0002.jpg,../images/test/data/Just_Images/Caucasian/Man/m.0jwtm6r_0004.jpg,0.8766767978668213,0
../images/test/data/Just_Images/Caucasian/Woman/m.07s4zx9_0003.jpg,../images/test/data/Just_Images/Caucasian/Woman/m.039gxl_0001.jpg,0.8397061824798584,0
../images/test/data/Just_Images/Caucasian/Man/m.064ksl__0001.jpg,../images/test/data/Just_Images/Caucasian/Man/m.0bn6gg_0004.jpg,0.899307370185852,0
../images/test/data/Just_Images/Caucasian/Man/m.01qtvnk_0002.jpg,../images/test/data/Just_Images/Caucasian/Woman/m.02dpkj_0001.jpg,0.8309546709060669,0
../images/test/data/Just_Images/Caucasian/Man/m.02lrn6_0002.jpg,../images/test/data/Just_Images/Caucasian/Man/m.03mhgw__0003.jpg,0.9253261089324951,0
../images/test/data/Just_Images/Caucasian/Man/m.01sb98_0001.jpg,../images/test/data/Just_Images/Caucasian/Man/m.02flt3_0004.jpg,0.9664245247840881,0
../images/test/data/Just_Images/Caucasian/Woman/m.0qtngg8_0002.jpg,../images/test/data/Just_Images/Caucasian/Woman/m.05hs7z_0002.jpg,0.9359355568885803,0
../images/test/data/Just_Images/Caucasian/Man/m.096yh_0004.jpg,../images/test/data/Just_Images/Caucasian/Man/m.07l8vs_0002.jpg,0.9112469553947449,0
../images/test/data/Just_Images/Caucasian/Man/m.02qwk1__0002.jpg,../images/test/data/Just_Images/Caucasian/Woman/m.03q2pg_0001.jpg,0.9271106123924255,0
../images/test/data/Just_Images/Caucasian/Man/m.07zjy5_0001.jpg,../images/test/data/Just_Images/Caucasian/Man/m.027p_mq_0004.jpg,0.8928142786026001,0
../images/test/data/Just_Images/Caucasian/Man/m.04gm4qm_0001.jpg,../images/test/data/Just_Images/Caucasian/Woman/m.04ng7m_0001.jpg,0.8274616003036499,0
../images/test/data/Just_Images/Caucasian/Man/m.09w_st_0002.jpg,../images/test/data/Just_Images/Caucasian/Man/m.0c3tyb_0003.jpg,0.8785629272460938,0
../images/test/data/Just_Images/Caucasian/Man/m.0gwprg_0001.jpg,../images/test/data/Just_Images/Caucasian/Man/m.05b1w7j_0003.jpg,0.9093056917190552,0
../images/test/data/Just_Images/Caucasian/Man/m.05krlm_0001.jpg,../images/test/data/Just_Images/Caucasian/Man/m.06pt_8_0004.jpg,0.8550735712051392,0
../images/test/data/Just_Images/Caucasian/Man/m.03hzrkc_0001.jpg,../images/test/data/Just_Images/Caucasian/Woman/m.033_rf_0003.jpg,0.8669942021369934,0
../images/test/data/Just_Images/Caucasian/Woman/m.0djlqh_0003.jpg,../images/test/data/Just_Images/Caucasian/Man/m.02k567_0002.jpg,0.8296566605567932,0
../images/test/data/Just_Images/Caucasian/Woman/m.0265twh_0002.jpg,../images/test/data/Just_Images/Caucasian/Woman/m.09vtj94_0003.jpg,0.9430153369903564,0
../images/test/data/Just_Images/Caucasian/Man/m.03v40v_0001.jpg,../images/test/data/Just_Images/Caucasian/Man/m.0h3tgnw_0001.jpg,0.7942038774490356,0
../images/test/data/Just_Images/Caucasian/Man/m.027d33t_0002.jpg,../images/test/data/Just_Images/Caucasian/Man/m.0911kl_0003.jpg,0.875583827495575,0
../images/test/data/Just_Images/Caucasian/Man/m.0c7bmj_0002.jpg,../images/test/data/Just_Images/Caucasian/Woman/m.0bby2hk_0001.jpg,0.8308159112930298,0
../images/test/data/Just_Images/Caucasian/Man/m.064n4dm_0001.jpg,../images/test/data/Just_Images/Caucasian/Man/m.0538g4_0004.jpg,0.7893010377883911,0
../images/test/data/Just_Images/Caucasian/Man/m.09gjlfs_0001.jpg,../images/test/data/Just_Images/Caucasian/Woman/m.05qf9m_0005.jpg,0.8945878744125366,0
../images/test/data/Just_Images/Caucasian/Woman/m.0h3sj3n_0001.jpg,../images/test/data/Just_Images/Caucasian/Man/m.027d4p_0001.jpg,0.7732924222946167,0
../images/test/data/Just_Images/Caucasian/Man/m.0bcvnb_0002.jpg,../images/test/data/Just_Images/Caucasian/Man/m.02ndbd_0001.jpg,0.9217687845230103,0
../images/test/data/Just_Images/Caucasian/Man/m.01n18b_0001.jpg,../images/test/data/Just_Images/Caucasian/Woman/m.04d_7nc_0001.jpg,0.8469927310943604,0
../images/test/data/Just_Images/Caucasian/Man/m.04162zr_0002.jpg,../images/test/data/Just_Images/Caucasian/Woman/m.047fpjl_0003.jpg,0.9218884706497192,0
../images/test/data/Just_Images/Caucasian/Man/m.01lpjyj_0003.jpg,../images/test/data/Just_Images/Caucasian/Man/m.02vl73x_0001.jpg,0.8958407640457153,0
../images/test/data/Just_Images/Caucasian/Man/m.025grm_0004.jpg,../images/test/data/Just_Images/Caucasian/Man/m.0c2qjg_0002.jpg,0.9029304385185242,0
../images/test/data/Just_Images/Caucasian/Woman/m.08vrsq_0004.jpg,../images/test/data/Just_Images/Caucasian/Man/m.01mj3tb_0004.jpg,0.7790902853012085,0
../images/test/data/Just_Images/Caucasian/Man/m.01f817_0001.jpg,../images/test/data/Just_Images/Caucasian/Man/m.05_m3z_0002.jpg,0.8674832582473755,0
../images/test/data/Just_Images/Caucasian/Woman/m.02qj31_0003.jpg,../images/test/data/Just_Images/Caucasian/Woman/m.03h1yrz_0004.jpg,0.9029111862182617,0
../images/test/data/Just_Images/Caucasian/Woman/m.07zsvv_0002.jpg,../images/test/data/Just_Images/Caucasian/Man/m.03c2spd_0001.jpg,0.730858564376831,0
../images/test/data/Just_Images/Caucasian/Woman/m.032bfz_0003.jpg,../images/test/data/Just_Images/Caucasian/Man/m.03vq05_0002.jpg,0.8858563899993896,0
../images/test/data/Just_Images/Caucasian/Man/m.09csnn_0004.jpg,../images/test/data/Just_Images/Caucasian/Man/m.0391n1_0002.jpg,0.9068840742111206,0
../images/test/data/Just_Images/Caucasian/Man/m.04nh8c_0002.jpg,../images/test/data/Just_Images/Caucasian/Man/m.04xn9b_0001.jpg,0.873013973236084,0
../images/test/data/Just_Images/Caucasian/Man/m.09qbn3_0001.jpg,../images/test/data/Just_Images/Caucasian/Man/m.05c06qw_0001.jpg,0.8369855880737305,0
../images/test/data/Just_Images/Caucasian/Man/m.03mvm_0002.jpg,../images/test/data/Just_Images/Caucasian/Man/m.04zbq8_0002.jpg,0.9221527576446533,0
../images/test/data/Just_Images/Caucasian/Man/m.05c4nz_0002.jpg,../images/test/data/Just_Images/Caucasian/Man/m.0f5lf8_0001.jpg,0.8021438717842102,0
../images/test/data/Just_Images/Caucasian/Man/m.0h65bk_0001.jpg,../images/test/data/Just_Images/Caucasian/Man/m.018t67_0002.jpg,0.8830454349517822,0
../images/test/data/Just_Images/Caucasian/Woman/m.0n8z150_0004.jpg,../images/test/data/Just_Images/Caucasian/Woman/m.070_kf_0004.jpg,0.8952310085296631,0
../images/test/data/Just_Images/Caucasian/Man/m.05pmxx_0001.jpg,../images/test/data/Just_Images/Caucasian/Man/m.0b6j3m_0002.jpg,0.8629732131958008,0
../images/test/data/Just_Images/Caucasian/Woman/m.02ptkb0_0001.jpg,../images/test/data/Just_Images/Caucasian/Woman/m.0ggym9_0001.jpg,0.8238856792449951,0
../images/test/data/Just_Images/Caucasian/Man/m.0n52_0j_0002.jpg,../images/test/data/Just_Images/Caucasian/Man/m.01t91vg_0003.jpg,0.9112460017204285,0
../images/test/data/Just_Images/Caucasian/Man/m.0ds9lws_0001.jpg,../images/test/data/Just_Images/Caucasian/Man/m.0bqywc_0002.jpg,0.9400453567504883,0
../images/test/data/Just_Images/Caucasian/Man/m.05qv16_0003.jpg,../images/test/data/Just_Images/Caucasian/Man/m.057dhc_0002.jpg,0.7925472855567932,0
../images/test/data/Just_Images/Caucasian/Man/m.037t34_0001.jpg,../images/test/data/Just_Images/Caucasian/Man/m.06gsg2_0002.jpg,0.912075400352478,0
../images/test/data/Just_Images/Caucasian/Man/m.036mnn_0001.jpg,../images/test/data/Just_Images/Caucasian/Man/m.03qcd6h_0001.jpg,0.7057534456253052,0
../images/test/data/Just_Images/Caucasian/Man/m.04lvjw_0002.jpg,../images/test/data/Just_Images/Caucasian/Man/m.03bjzh_0002.jpg,0.7083313465118408,0
../images/test/data/Just_Images/Caucasian/Man/m.015rp8_0001.jpg,../images/test/data/Just_Images/Caucasian/Woman/m.024t6x_0001.jpg,0.7721110582351685,0
../images/test/data/Just_Images/Caucasian/Man/m.07lwh3_0001.jpg,../images/test/data/Just_Images/Caucasian/Woman/m.0r8l_k1_0003.jpg,0.8909873962402344,0
../images/test/data/Just_Images/Caucasian/Man/m.08b_bq_0003.jpg,../images/test/data/Just_Images/Caucasian/Man/m.03clrkq_0002.jpg,0.8674670457839966,0
../images/test/data/Just_Images/Caucasian/Man/m.03f0m74_0003.jpg,../images/test/data/Just_Images/Caucasian/Man/m.027n4zv_0002.jpg,0.8778798580169678,0
../images/test/data/Just_Images/Caucasian/Man/m.03d04m5_0002.jpg,../images/test/data/Just_Images/Caucasian/Man/m.07bblg_0002.jpg,0.9031870365142822,0
../images/test/data/Just_Images/Caucasian/Man/m.0qb5h83_0002.jpg,../images/test/data/Just_Images/Caucasian/Man/m.0fx_hg_0004.jpg,0.8363056778907776,0
../images/test/data/Just_Images/Caucasian/Man/m.03f5kpn_0003.jpg,../images/test/data/Just_Images/Caucasian/Man/m.026njl2_0004.jpg,0.7767030596733093,0
../images/test/data/Just_Images/Caucasian/Woman/m.030w0v_0003.jpg,../images/test/data/Just_Images/Caucasian/Woman/m.04ybxxh_0002.jpg,0.8395935297012329,0
../images/test/data/Just_Images/Caucasian/Man/m.06zs033_0002.jpg,../images/test/data/Just_Images/Caucasian/Woman/m.07vl31_0003.jpg,0.8700978755950928,0
../images/test/data/Just_Images/Caucasian/Man/m.0dmn2b_0002.jpg,../images/test/data/Just_Images/Caucasian/Woman/m.0chlpf_0002.jpg,0.8030611872673035,0
../images/test/data/Just_Images/Caucasian/Man/m.07fx1f_0002.jpg,../images/test/data/Just_Images/Caucasian/Man/m.076zjt_0001.jpg,0.8912597894668579,0
../images/test/data/Just_Images/Caucasian/Man/m.04wp2p_0003.jpg,../images/test/data/Just_Images/Caucasian/Man/m.0c3tl_f_0003.jpg,0.8764088749885559,0
../images/test/data/Just_Images/Caucasian/Woman/m.0bqqv_0002.jpg,../images/test/data/Just_Images/Caucasian/Man/m.09s93z_0002.jpg,0.7834435701370239,0
../images/test/data/Just_Images/Caucasian/Man/m.093st2_0003.jpg,../images/test/data/Just_Images/Caucasian/Woman/m.04n3skk_0002.jpg,0.7132999897003174,0
../images/test/data/Just_Images/Caucasian/Woman/m.057454_0001.jpg,../images/test/data/Just_Images/Caucasian/Man/m.026yx3p_0004.jpg,0.870080828666687,0
../images/test/data/Just_Images/Caucasian/Woman/m.0cjxmt_0003.jpg,../images/test/data/Just_Images/Caucasian/Man/m.06nzp7_0001.jpg,0.8761310577392578,0
../images/test/data/Just_Images/Caucasian/Man/m.029m83_0003.jpg,../images/test/data/Just_Images/Caucasian/Man/m.01gbb4_0002.jpg,0.959185004234314,0
../images/test/data/Just_Images/Caucasian/Man/m.04jmsp_0003.jpg,../images/test/data/Just_Images/Caucasian/Man/m.02mxsf_0002.jpg,0.9375401735305786,0
../images/test/data/Just_Images/Caucasian/Man/m.07wglj_0002.jpg,../images/test/data/Just_Images/Caucasian/Man/m.0bs90ts_0001.jpg,0.894356906414032,0
../images/test/data/Just_Images/Caucasian/Man/m.034bnd_0003.jpg,../images/test/data/Just_Images/Caucasian/Man/m.0g1f7p_0002.jpg,0.9243568181991577,0
../images/test/data/Just_Images/Caucasian/Man/m.03s7t1_0001.jpg,../images/test/data/Just_Images/Caucasian/Man/m.0p_r5_0002.jpg,0.9007009267807007,0
../images/test/data/Just_Images/Caucasian/Man/m.02r77ks_0001.jpg,../images/test/data/Just_Images/Caucasian/Man/m.025grm_0002.jpg,0.9596738219261169,0
../images/test/data/Just_Images/Caucasian/Man/m.06jvj7_0001.jpg,../images/test/data/Just_Images/Caucasian/Man/m.03kvq4_0001.jpg,0.8693205714225769,0
../images/test/data/Just_Images/Caucasian/Man/m.0fqmjr4_0001.jpg,../images/test/data/Just_Images/Caucasian/Man/m.01v526_0001.jpg,0.8188725113868713,0
../images/test/data/Just_Images/Caucasian/Man/m.07tm2y_0001.jpg,../images/test/data/Just_Images/Caucasian/Man/m.01l4syf_0002.jpg,0.8171764612197876,0
../images/test/data/Just_Images/Caucasian/Man/m.0fclbq_0003.jpg,../images/test/data/Just_Images/Caucasian/Man/m.04n24vs_0001.jpg,0.9439401626586914,0
../images/test/data/Just_Images/Caucasian/Man/m.05zj61_0003.jpg,../images/test/data/Just_Images/Caucasian/Man/m.087xr__0002.jpg,0.8765498399734497,0
../images/test/data/Just_Images/Caucasian/Man/m.08gyz8_0001.jpg,../images/test/data/Just_Images/Caucasian/Man/m.0jf1b_0001.jpg,0.92549067735672,0
../images/test/data/Just_Images/Caucasian/Man/m.0bbzqzc_0001.jpg,../images/test/data/Just_Images/Caucasian/Man/m.0gx_ccs_0001.jpg,0.8174570798873901,0
../images/test/data/Just_Images/Caucasian/Man/m.06m4k1_0004.jpg,../images/test/data/Just_Images/Caucasian/Man/m.01sbxsm_0004.jpg,0.8307121396064758,0
../images/test/data/Just_Images/Caucasian/Woman/m.0dsbtd1_0004.jpg,../images/test/data/Just_Images/Caucasian/Woman/m.0h6jx7_0002.jpg,0.9470463991165161,0
../images/test/data/Just_Images/Caucasian/Man/m.026hsbg_0001.jpg,../images/test/data/Just_Images/Caucasian/Man/m.06znm5_0002.jpg,0.7484966516494751,0
../images/test/data/Just_Images/Caucasian/Woman/m.02ps19j_0001.jpg,../images/test/data/Just_Images/Caucasian/Man/m.01479s_0001.jpg,0.9085699319839478,0
../images/test/data/Just_Images/Caucasian/Man/m.04wr44_0001.jpg,../images/test/data/Just_Images/Caucasian/Man/m.0krwnm_0001.jpg,0.8169190287590027,0
../images/test/data/Just_Images/Caucasian/Man/m.0dlk32_0002.jpg,../images/test/data/Just_Images/Caucasian/Man/m.0jsfs9k_0001.jpg,0.9401814937591553,0
../images/test/data/Just_Images/Caucasian/Man/m.04tqf5_0001.jpg,../images/test/data/Just_Images/Caucasian/Man/m.03ygy2x_0004.jpg,0.8478249311447144,0
../images/test/data/Just_Images/Caucasian/Man/m.0kvk5yk_0002.jpg,../images/test/data/Just_Images/Caucasian/Woman/m.03h1xrn_0001.jpg,0.9052987694740295,0
../images/test/data/Just_Images/Caucasian/Man/m.05l369_0001.jpg,../images/test/data/Just_Images/Caucasian/Man/m.04mx___0004.jpg,0.8814067840576172,0
../images/test/data/Just_Images/Caucasian/Man/m.0c2skv_0004.jpg,../images/test/data/Just_Images/Caucasian/Woman/m.0r8l0k9_0001.jpg,0.8936331272125244,0
../images/test/data/Just_Images/Caucasian/Man/m.03d6v9_0003.jpg,../images/test/data/Just_Images/Caucasian/Man/m.03tqn3_0004.jpg,0.8372246026992798,0
../images/test/data/Just_Images/Caucasian/Man/m.0ch35dv_0002.jpg,../images/test/data/Just_Images/Caucasian/Man/m.035wq7_0001.jpg,0.8777580261230469,0
../images/test/data/Just_Images/Caucasian/Woman/m.01q3xr_0002.jpg,../images/test/data/Just_Images/Caucasian/Man/m.06_yvq_0002.jpg,0.9276684522628784,0
../images/test/data/Just_Images/Caucasian/Man/m.027_z7s_0002.jpg,../images/test/data/Just_Images/Caucasian/Man/m.04w_1j_0003.jpg,0.9217328429222107,0
../images/test/data/Just_Images/Caucasian/Man/m.048d6f_0002.jpg,../images/test/data/Just_Images/Caucasian/Man/m.050phc_0004.jpg,0.8533689975738525,0
../images/test/data/Just_Images/Caucasian/Woman/m.027_60q_0003.jpg,../images/test/data/Just_Images/Caucasian/Man/m.087xr__0004.jpg,0.878354549407959,0
../images/test/data/Just_Images/Caucasian/Man/m.065_bw6_0002.jpg,../images/test/data/Just_Images/Caucasian/Man/m.057y36c_0003.jpg,0.7706209421157837,0
../images/test/data/Just_Images/Caucasian/Man/m.0cl9kh_0003.jpg,../images/test/data/Just_Images/Caucasian/Man/m.02prdgw_0004.jpg,0.8544865250587463,0
../images/test/data/Just_Images/Caucasian/Man/m.06m0g1_0003.jpg,../images/test/data/Just_Images/Caucasian/Man/m.026dkw_0003.jpg,0.8161754608154297,0
../images/test/data/Just_Images/Caucasian/Woman/m.033jd0_0001.jpg,../images/test/data/Just_Images/Caucasian/Woman/m.0bgwxt_0002.jpg,0.8906794786453247,0
../images/test/data/Just_Images/Caucasian/Woman/m.09sycw_0001.jpg,../images/test/data/Just_Images/Caucasian/Man/m.06g9_t_0002.jpg,0.8359253406524658,0
../images/test/data/Just_Images/Caucasian/Man/m.0337cj_0002.jpg,../images/test/data/Just_Images/Caucasian/Man/m.027khkl_0001.jpg,0.8137239813804626,0
../images/test/data/Just_Images/Caucasian/Man/m.05nnvb_0003.jpg,../images/test/data/Just_Images/Caucasian/Man/m.0144_b_0003.jpg,0.8806238174438477,0
../images/test/data/Just_Images/Caucasian/Man/m.04c1fd_0002.jpg,../images/test/data/Just_Images/Caucasian/Woman/m.0fwv04_0003.jpg,0.7948099970817566,0
../images/test/data/Just_Images/Caucasian/Man/m.06dfqs_0002.jpg,../images/test/data/Just_Images/Caucasian/Man/m.0fqlqnl_0003.jpg,0.7880374193191528,0
../images/test/data/Just_Images/Caucasian/Man/m.062srm_0001.jpg,../images/test/data/Just_Images/Caucasian/Man/m.02_4qt_0001.jpg,0.8741638660430908,0
../images/test/data/Just_Images/Caucasian/Man/m.06drd2_0003.jpg,../images/test/data/Just_Images/Caucasian/Woman/m.02q1vkp_0004.jpg,0.9309021234512329,0
../images/test/data/Just_Images/Caucasian/Man/m.06fp1s_0002.jpg,../images/test/data/Just_Images/Caucasian/Man/m.029d7w_0004.jpg,0.887467622756958,0
../images/test/data/Just_Images/Caucasian/Man/m.02z3z81_0002.jpg,../images/test/data/Just_Images/Caucasian/Woman/m.07rtp3_0003.jpg,0.9306399822235107,0
../images/test/data/Just_Images/Caucasian/Man/m.027s9kg_0003.jpg,../images/test/data/Just_Images/Caucasian/Man/m.023fbk_0004.jpg,0.8853915929794312,0
../images/test/data/Just_Images/Caucasian/Woman/m.0qfrvhq_0004.jpg,../images/test/data/Just_Images/Caucasian/Woman/m.01jj7__0001.jpg,0.9363834857940674,0
../images/test/data/Just_Images/Caucasian/Man/m.09v7fm8_0001.jpg,../images/test/data/Just_Images/Caucasian/Man/m.0bwg9h1_0001.jpg,0.8402200937271118,0
../images/test/data/Just_Images/Caucasian/Man/m.04lnbk_0002.jpg,../images/test/data/Just_Images/Caucasian/Man/m.09c2bf_0003.jpg,0.8033903241157532,0
../images/test/data/Just_Images/Caucasian/Woman/m.01r4_t_0002.jpg,../images/test/data/Just_Images/Caucasian/Man/m.01kd57_0004.jpg,0.8686347007751465,0
../images/test/data/Just_Images/Caucasian/Woman/m.0h5m26_0003.jpg,../images/test/data/Just_Images/Caucasian/Woman/m.04n3fgf_0003.jpg,0.9579100608825684,0
../images/test/data/Just_Images/Caucasian/Man/m.048s14_0003.jpg,../images/test/data/Just_Images/Caucasian/Man/m.0cy32b_0004.jpg,0.814232349395752,0
../images/test/data/Just_Images/Caucasian/Man/m.01rf_w_0002.jpg,../images/test/data/Just_Images/Caucasian/Man/m.04fgw8_0001.jpg,0.7773451805114746,0
../images/test/data/Just_Images/Caucasian/Man/m.027kskr_0003.jpg,../images/test/data/Just_Images/Caucasian/Man/m.0h47vk_0003.jpg,0.9367395043373108,0
../images/test/data/Just_Images/Caucasian/Man/m.048dmc_0004.jpg,../images/test/data/Just_Images/Caucasian/Man/m.05pmxx_0001.jpg,0.9391450881958008,0
../images/test/data/Just_Images/Caucasian/Man/m.0kt9g5_0002.jpg,../images/test/data/Just_Images/Caucasian/Woman/m.0fq2bz6_0003.jpg,0.8164254426956177,0
../images/test/data/Just_Images/Caucasian/Man/m.066m4g_0003.jpg,../images/test/data/Just_Images/Caucasian/Man/m.06l0f_0003.jpg,0.8579485416412354,0
../images/test/data/Just_Images/Caucasian/Woman/m.0d5125_0001.jpg,../images/test/data/Just_Images/Caucasian/Man/m.0fn9m8_0001.jpg,0.815077543258667,0
../images/test/data/Just_Images/Caucasian/Man/m.04y8w4r_0003.jpg,../images/test/data/Just_Images/Caucasian/Man/m.03t2j9_0003.jpg,0.7458475828170776,0
../images/test/data/Just_Images/Caucasian/Woman/m.023wls_0003.jpg,../images/test/data/Just_Images/Caucasian/Man/m.015r3q_0004.jpg,0.9094642400741577,0
../images/test/data/Just_Images/Caucasian/Man/m.02k8l0_0001.jpg,../images/test/data/Just_Images/Caucasian/Man/m.094s31_0002.jpg,0.8753966093063354,0
../images/test/data/Just_Images/Caucasian/Man/m.07s82r_0002.jpg,../images/test/data/Just_Images/Caucasian/Man/m.03n68w_0003.jpg,0.8869261741638184,0
../images/test/data/Just_Images/Caucasian/Man/m.012vby_0001.jpg,../images/test/data/Just_Images/Caucasian/Woman/m.09g93tw_0002.jpg,0.8787727355957031,0
../images/test/data/Just_Images/Caucasian/Man/m.02_bzp_0002.jpg,../images/test/data/Just_Images/Caucasian/Man/m.08rns6_0001.jpg,0.9219721555709839,0
../images/test/data/Just_Images/Caucasian/Man/m.01w9m0k_0001.jpg,../images/test/data/Just_Images/Caucasian/Man/m.0kt9_4_0001.jpg,0.8540552258491516,0
../images/test/data/Just_Images/Caucasian/Man/m.016lb3_0003.jpg,../images/test/data/Just_Images/Caucasian/Man/m.06rr65_0004.jpg,0.7608695030212402,0
../images/test/data/Just_Images/Caucasian/Man/m.0280hpj_0002.jpg,../images/test/data/Just_Images/Caucasian/Woman/m.083b53_0002.jpg,0.887441873550415,0
../images/test/data/Just_Images/Caucasian/Woman/m.06ctmv_0002.jpg,../images/test/data/Just_Images/Caucasian/Woman/m.0bjmjk_0001.jpg,0.7501019239425659,0
../images/test/data/Just_Images/Caucasian/Man/m.026g62_0003.jpg,../images/test/data/Just_Images/Caucasian/Woman/m.023y9d_0002.jpg,0.7890417575836182,0
../images/test/data/Just_Images/Caucasian/Man/m.0h97pfs_0002.jpg,../images/test/data/Just_Images/Caucasian/Man/m.0hl3d_0001.jpg,0.8426626920700073,0
../images/test/data/Just_Images/Caucasian/Man/m.07dbmn_0001.jpg,../images/test/data/Just_Images/Caucasian/Man/m.06_wwsd_0004.jpg,0.8615541458129883,0
../images/test/data/Just_Images/Caucasian/Man/m.09qknh_0001.jpg,../images/test/data/Just_Images/Caucasian/Man/m.01trlq_0002.jpg,0.8679274916648865,0
../images/test/data/Just_Images/Caucasian/Man/m.09k3l5_0003.jpg,../images/test/data/Just_Images/Caucasian/Woman/m.01p76zn_0001.jpg,0.7311626076698303,0
../images/test/data/Just_Images/Caucasian/Man/m.0cm9mr3_0001.jpg,../images/test/data/Just_Images/Caucasian/Woman/m.05ry0p_0001.jpg,0.8135097622871399,0
../images/test/data/Just_Images/Caucasian/Man/m.017zy5_0001.jpg,../images/test/data/Just_Images/Caucasian/Woman/m.07vw7z_0002.jpg,0.7706948518753052,0
../images/test/data/Just_Images/Caucasian/Man/m.06rr65_0002.jpg,../images/test/data/Just_Images/Caucasian/Woman/m.0gbx3b6_0004.jpg,0.8602473735809326,0
../images/test/data/Just_Images/Caucasian/Man/m.0563z6_0002.jpg,../images/test/data/Just_Images/Caucasian/Man/m.03d6zy4_0004.jpg,0.8379896879196167,0
../images/test/data/Just_Images/Caucasian/Man/m.0drbjd_0002.jpg,../images/test/data/Just_Images/Caucasian/Man/m.048gc7_0003.jpg,0.8369819521903992,0
../images/test/data/Just_Images/Caucasian/Man/m.07rny4_0004.jpg,../images/test/data/Just_Images/Caucasian/Man/m.03gyy91_0005.jpg,0.9332534670829773,0
../images/test/data/Just_Images/Caucasian/Man/m.01g1_m_0001.jpg,../images/test/data/Just_Images/Caucasian/Woman/m.02fgxt_0003.jpg,0.8718472719192505,0
../images/test/data/Just_Images/Caucasian/Man/m.0fy1gx_0002.jpg,../images/test/data/Just_Images/Caucasian/Man/m.043tg_0001.jpg,0.8800586462020874,0
../images/test/data/Just_Images/Caucasian/Woman/m.046k2j_0002.jpg,../images/test/data/Just_Images/Caucasian/Man/m.0469sp_0002.jpg,0.8930532932281494,0
../images/test/data/Just_Images/Caucasian/Man/m.07fvt6_0004.jpg,../images/test/data/Just_Images/Caucasian/Man/m.05szvj6_0003.jpg,0.8996061086654663,0
../images/test/data/Just_Images/Caucasian/Man/m.0db8_5_0002.jpg,../images/test/data/Just_Images/Caucasian/Man/m.09z6mc_0001.jpg,0.7828261852264404,0
../images/test/data/Just_Images/Caucasian/Man/m.04fhhp_0003.jpg,../images/test/data/Just_Images/Caucasian/Man/m.0bctcv_0003.jpg,0.8941516876220703,0
../images/test/data/Just_Images/Caucasian/Man/m.03j2x66_0003.jpg,../images/test/data/Just_Images/Caucasian/Man/m.02k8l0_0004.jpg,0.7602487802505493,0
../images/test/data/Just_Images/Caucasian/Man/m.089qm2_0003.jpg,../images/test/data/Just_Images/Caucasian/Man/m.02rm8qb_0002.jpg,0.8829899430274963,0
../images/test/data/Just_Images/Caucasian/Man/m.03gphp_0002.jpg,../images/test/data/Just_Images/Caucasian/Woman/m.057454_0001.jpg,0.8673827052116394,0
../images/test/data/Just_Images/Caucasian/Man/m.03hp0xm_0004.jpg,../images/test/data/Just_Images/Caucasian/Woman/m.06b4j5_0004.jpg,0.8802317380905151,0
../images/test/data/Just_Images/Caucasian/Man/m.01kgh3_0001.jpg,../images/test/data/Just_Images/Caucasian/Man/m.034bnd_0002.jpg,0.8490643501281738,0
../images/test/data/Just_Images/Caucasian/Man/m.02ctg7_0004.jpg,../images/test/data/Just_Images/Caucasian/Man/m.057dhc_0004.jpg,0.8402857780456543,0
../images/test/data/Just_Images/Caucasian/Man/m.0n_h8_0002.jpg,../images/test/data/Just_Images/Caucasian/Man/m.0210d5_0004.jpg,0.8662320971488953,0
../images/test/data/Just_Images/Caucasian/Man/m.08zw8n_0004.jpg,../images/test/data/Just_Images/Caucasian/Woman/m.028x00_0005.jpg,0.7846923470497131,0
../images/test/data/Just_Images/Caucasian/Man/m.0gg7ff4_0001.jpg,../images/test/data/Just_Images/Caucasian/Woman/m.05zt0d4_0001.jpg,0.8802406787872314,0
../images/test/data/Just_Images/Caucasian/Man/m.024vc__0003.jpg,../images/test/data/Just_Images/Caucasian/Woman/m.02z4v2w_0003.jpg,0.8814206123352051,0
../images/test/data/Just_Images/Caucasian/Man/m.02tz2j_0002.jpg,../images/test/data/Just_Images/Caucasian/Man/m.0393j4_0001.jpg,0.8798688054084778,0
../images/test/data/Just_Images/Caucasian/Man/m.09592__0001.jpg,../images/test/data/Just_Images/Caucasian/Man/m.0dz861_0001.jpg,0.8493746519088745,0
../images/test/data/Just_Images/Caucasian/Woman/m.051_0sq_0002.jpg,../images/test/data/Just_Images/Caucasian/Man/m.03qcd6h_0002.jpg,0.8924940824508667,0
../images/test/data/Just_Images/Caucasian/Man/m.0czc0z5_0003.jpg,../images/test/data/Just_Images/Caucasian/Woman/m.0845nn_0005.jpg,0.9552907943725586,0
../images/test/data/Just_Images/Caucasian/Man/m.030jg0_0002.jpg,../images/test/data/Just_Images/Caucasian/Man/m.05zp1qt_0003.jpg,0.8883664608001709,0
../images/test/data/Just_Images/Caucasian/Man/m.028cfp_0004.jpg,../images/test/data/Just_Images/Caucasian/Man/m.01bwm5_0003.jpg,0.8454859852790833,0
../images/test/data/Just_Images/Caucasian/Woman/m.06616j_0003.jpg,../images/test/data/Just_Images/Caucasian/Woman/m.02vn7m9_0002.jpg,0.9124394059181213,0
../images/test/data/Just_Images/Caucasian/Man/m.038g2x_0002.jpg,../images/test/data/Just_Images/Caucasian/Woman/m.0bs1m9w_0003.jpg,0.8419604301452637,0
../images/test/data/Just_Images/Caucasian/Woman/m.052_0jg_0002.jpg,../images/test/data/Just_Images/Caucasian/Man/m.06zs033_0001.jpg,0.8601961731910706,0
../images/test/data/Just_Images/Caucasian/Man/m.0bgjp9_0003.jpg,../images/test/data/Just_Images/Caucasian/Man/m.082tkl_0005.jpg,0.7983468174934387,0
../images/test/data/Just_Images/Caucasian/Man/m.04vq3h_0001.jpg,../images/test/data/Just_Images/Caucasian/Man/m.028bfp7_0005.jpg,0.8191784620285034,0
../images/test/data/Just_Images/Caucasian/Man/m.01d_7n_0005.jpg,../images/test/data/Just_Images/Caucasian/Woman/m.07zsvv_0002.jpg,0.9370149970054626,0
../images/test/data/Just_Images/Caucasian/Man/m.06zktqf_0002.jpg,../images/test/data/Just_Images/Caucasian/Man/m.08brxy_0002.jpg,0.9185012578964233,0
../images/test/data/Just_Images/Caucasian/Man/m.05v9zns_0005.jpg,../images/test/data/Just_Images/Caucasian/Man/m.01p0ddf_0003.jpg,0.7203851938247681,0
../images/test/data/Just_Images/Caucasian/Man/m.070cmt_0001.jpg,../images/test/data/Just_Images/Caucasian/Man/m.02d9q6_0001.jpg,0.8329468965530396,0
../images/test/data/Just_Images/Caucasian/Man/m.03w4j4_0003.jpg,../images/test/data/Just_Images/Caucasian/Man/m.04zz2t_0002.jpg,0.9217438697814941,0
../images/test/data/Just_Images/Caucasian/Man/m.0h94ntg_0003.jpg,../images/test/data/Just_Images/Caucasian/Woman/m.06hh33_0001.jpg,0.9035292863845825,0
../images/test/data/Just_Images/Caucasian/Man/m.0ffsy__0005.jpg,../images/test/data/Just_Images/Caucasian/Man/m.0gl1jv_0001.jpg,0.7576258778572083,0
../images/test/data/Just_Images/Caucasian/Man/m.02vpmlq_0002.jpg,../images/test/data/Just_Images/Caucasian/Woman/m.027z06s_0004.jpg,0.9240157604217529,0
../images/test/data/Just_Images/Caucasian/Man/m.05zp1qt_0005.jpg,../images/test/data/Just_Images/Caucasian/Man/m.04k4jh_0005.jpg,0.8772384524345398,0
../images/test/data/Just_Images/Caucasian/Woman/m.085b_x_0002.jpg,../images/test/data/Just_Images/Caucasian/Man/m.01w83xk_0003.jpg,0.923812985420227,0
../images/test/data/Just_Images/Caucasian/Man/m.06w6ydl_0005.jpg,../images/test/data/Just_Images/Caucasian/Man/m.04y70v_0003.jpg,0.8230788707733154,0
../images/test/data/Just_Images/Caucasian/Man/m.02pwbf1_0003.jpg,../images/test/data/Just_Images/Caucasian/Man/m.01bl47_0002.jpg,0.8674896955490112,0
../images/test/data/Just_Images/Caucasian/Woman/m.0300_r_0003.jpg,../images/test/data/Just_Images/Caucasian/Man/m.0f8kb8_0003.jpg,0.9374493956565857,0
../images/test/data/Just_Images/Caucasian/Man/m.0ch09r_0002.jpg,../images/test/data/Just_Images/Caucasian/Man/m.02zljk_0002.jpg,0.8936049938201904,0
../images/test/data/Just_Images/Caucasian/Woman/m.080h8w__0002.jpg,../images/test/data/Just_Images/Caucasian/Man/m.0dtcq_0001.jpg,0.9271711111068726,0
../images/test/data/Just_Images/Caucasian/Man/m.08dhgx_0002.jpg,../images/test/data/Just_Images/Caucasian/Man/m.0c1pjf_0001.jpg,0.9060667753219604,0
../images/test/data/Just_Images/Caucasian/Woman/m.02w9v48_0004.jpg,../images/test/data/Just_Images/Caucasian/Man/m.01fhjf_0003.jpg,0.8382097482681274,0
../images/test/data/Just_Images/Caucasian/Man/m.06jnnf_0001.jpg,../images/test/data/Just_Images/Caucasian/Man/m.01zq6b_0001.jpg,0.8471229076385498,0
../images/test/data/Just_Images/Caucasian/Man/m.026jfvc_0005.jpg,../images/test/data/Just_Images/Caucasian/Man/m.031jqk_0001.jpg,0.6891837120056152,0
../images/test/data/Just_Images/Caucasian/Man/m.06jp4q_0003.jpg,../images/test/data/Just_Images/Caucasian/Man/m.08dhmf_0002.jpg,0.9091807007789612,0
../images/test/data/Just_Images/Caucasian/Man/m.0b6l81k_0005.jpg,../images/test/data/Just_Images/Caucasian/Man/m.04b6lj_0003.jpg,0.8169854283332825,0
../images/test/data/Just_Images/Caucasian/Man/m.03vr4d_0001.jpg,../images/test/data/Just_Images/Caucasian/Man/m.02n7_9_0004.jpg,0.940434455871582,0
../images/test/data/Just_Images/Caucasian/Woman/m.02lzxp_0004.jpg,../images/test/data/Just_Images/Caucasian/Woman/m.0256zn_0001.jpg,0.8673191070556641,0
../images/test/data/Just_Images/Caucasian/Man/m.032msw_0002.jpg,../images/test/data/Just_Images/Caucasian/Man/m.02skv6_0003.jpg,0.8994852304458618,0
../images/test/data/Just_Images/Caucasian/Man/m.080ky6g_0004.jpg,../images/test/data/Just_Images/Caucasian/Man/m.065_bw6_0001.jpg,0.9433249235153198,0
../images/test/data/Just_Images/Caucasian/Man/m.0cq3_r_0001.jpg,../images/test/data/Just_Images/Caucasian/Man/m.07vm2b_0003.jpg,0.8720751404762268,0
../images/test/data/Just_Images/Caucasian/Man/m.07xzc1_0004.jpg,../images/test/data/Just_Images/Caucasian/Woman/m.030vnz_0004.jpg,0.952696681022644,0
../images/test/data/Just_Images/Caucasian/Woman/m.0bs1m9w_0005.jpg,../images/test/data/Just_Images/Caucasian/Woman/m.0g577f5_0004.jpg,0.8793359994888306,0
../images/test/data/Just_Images/Caucasian/Man/m.04gsv7v_0005.jpg,../images/test/data/Just_Images/Caucasian/Man/m.0465nch_0001.jpg,0.8801896572113037,0
../images/test/data/Just_Images/Caucasian/Man/m.0b4kj5_0004.jpg,../images/test/data/Just_Images/Caucasian/Woman/m.08v3yc_0004.jpg,0.7455999255180359,0
../images/test/data/Just_Images/Caucasian/Man/m.027q3qg_0001.jpg,../images/test/data/Just_Images/Caucasian/Man/m.0gc5b1t_0001.jpg,0.7871971726417542,0
../images/test/data/Just_Images/Caucasian/Man/m.04tkfj_0004.jpg,../images/test/data/Just_Images/Caucasian/Man/m.0kbfgk8_0002.jpg,0.8287721276283264,0
../images/test/data/Just_Images/Caucasian/Woman/m.0gty66v_0005.jpg,../images/test/data/Just_Images/Caucasian/Man/m.0g2pgl_0006.jpg,0.9344518780708313,0
../images/test/data/Just_Images/Caucasian/Man/m.0g2pgl_0003.jpg,../images/test/data/Just_Images/Caucasian/Woman/m.04g8d_0001.jpg,0.9022526741027832,0
../images/test/data/Just_Images/Caucasian/Man/m.028bfp7_0001.jpg,../images/test/data/Just_Images/Caucasian/Man/m.06m0g1_0002.jpg,0.8441088199615479,0
../images/test/data/Just_Images/Caucasian/Man/m.02w6dfc_0003.jpg,../images/test/data/Just_Images/Caucasian/Man/m.04zvmb9_0003.jpg,0.8040493726730347,0
../images/test/data/Just_Images/Caucasian/Man/m.05b61rg_0004.jpg,../images/test/data/Just_Images/Caucasian/Man/m.01l1sq_0002.jpg,0.9054723978042603,0
../images/test/data/Just_Images/Caucasian/Man/m.027hr9k_0003.jpg,../images/test/data/Just_Images/Caucasian/Man/m.026_cgm_0003.jpg,0.9389219284057617,0
../images/test/data/Just_Images/Caucasian/Woman/m.051qsh_0003.jpg,../images/test/data/Just_Images/Caucasian/Woman/m.081tyx8_0004.jpg,0.8538477420806885,0
../images/test/data/Just_Images/Caucasian/Man/m.035s2x_0002.jpg,../images/test/data/Just_Images/Caucasian/Man/m.055lvl_0001.jpg,0.8998180627822876,0
../images/test/data/Just_Images/Caucasian/Woman/m.09g64kq_0002.jpg,../images/test/data/Just_Images/Caucasian/Woman/m.03qv8j_0003.jpg,0.9000389575958252,0
